Sun 1988500e24 -1.171570985410153E-04 7.238487968423231e-3 -7.343908362091404E-05 -7.575607542429643E-06 2.626671938264363E-06 1.893374820379051E-07
Earth 5.97219e24 9.580910445270809E-01 2.889537551789592E-01 -9.220301031466894E-05 -5.143524929947315E-03 1.645065169300370E-02 -6.036117566681970E-07
Mercury 3.302e23 -2.328228185934673E-01 -3.906033797599134E-01 -1.123446849575137E-02 1.860197021815283E-02 -1.285521848434297E-02 -2.757677119470889E-03
Venus 48.685e23 7.203934976094222E-01 8.784444254858671E-02 -4.054550166585590E-02 -2.336189153508738E-03 2.001149212211060E-02 4.090648986841904E-04 
Mars 6.4171e23 1.367941485139120E+00 -2.079181323727382E-01 -3.815104203616252E-02 2.700738221905239E-03 1.502207117566143E-02 2.484535773656821E-04
Jupiter 1898.13e24 -2.686304578300335E+00 -4.645456335127089E+00 7.935564684858909E-02 6.442171573224154E-03 -3.418231380310428E-03 -1.299428114854901E-04
Saturn 5.6834e26 1.528335438486550E+00 -9.938543295438867E+00 1.119690729854017E-01 5.207429828069813E-03 8.306140742223571E-04 -2.219820016019204E-04
Uranus 86.813e24 1.718393957207021E+01 9.984797620382908E+00 -1.855367398962918E-01 -2.004999691693898E-03 3.217398870316013E-03 3.790126535087565E-05
Neptune 102.413e24 2.891714151302973E+01 -7.734744732649443E+00 -5.071420402374287E-01 7.906682564473802E-04 3.051145982067905E-03 -8.139631907770013E-05
Pluto 1.307e22 1.163183254064258E+01 -3.157683515396989E+01 1.428684922511706E-02 3.004546593265366E-03 4.181083869933239E-04 -9.087821113518067E-04
