Sun 1988500e24 -1.171570985410153E-04 7.238487968423231e-3 -7.343908362091404E-05 -7.575607542429643E-06 2.626671938264363E-06 1.893374820379051E-07
Earth 5.97219e24 9.580910445270809E-01 2.889537551789592E-01 -9.220301031466894E-05 -5.143524929947315E-03 1.645065169300370E-02 -6.036117566681970E-07
Mercury 3.302e23 -2.328228185934673E-01 -3.906033797599134E-01 -1.123446849575137E-02 1.860197021815283E-02 -1.285521848434297E-02 -2.757677119470889E-03
Venus 48.685e23 7.203934976094222E-01 8.784444254858671E-02 -4.054550166585590E-02 -2.336189153508738E-03 2.001149212211060E-02 4.090648986841904E-04 
Mars 6.4171e23 1.367941485139120E+00 -2.079181323727382E-01 -3.815104203616252E-02 2.700738221905239E-03 1.502207117566143E-02 2.484535773656821E-04
Jupiter 1898.13e24 -2.686304578300335E+00 -4.645456335127089E+00 7.935564684858909E-02 6.442171573224154E-03 -3.418231380310428E-03 -1.299428114854901E-04
Saturn 5.6834e26 1.528335438486550E+00 -9.938543295438867E+00 1.119690729854017E-01 5.207429828069813E-03 8.306140742223571E-04 -2.219820016019204E-04
Uranus 86.813e24 1.718393957207021E+01 9.984797620382908E+00 -1.855367398962918E-01 -2.004999691693898E-03 3.217398870316013E-03 3.790126535087565E-05
Neptune 102.413e24 2.891714151302973E+01 -7.734744732649443E+00 -5.071420402374287E-01 7.906682564473802E-04 3.051145982067905E-03 -8.139631907770013E-05
Pluto 1.307e22 1.163183254064258E+01 -3.157683515396989E+01 1.428684922511706E-02 3.004546593265366E-03 4.181083869933239E-04 -9.087821113518067E-04
Ganymede 1482e20 -2.679487387138331E+00 -4.647575119213983E+00 7.936656483323516E-02 8.310440969404359E-03 2.591019537582816E-03 1.225104936399240E-04
Titan 13455.3e19 1.522057892924684E+00 -9.933382820446324E+00 1.099333593816027E-01 3.119065551849873E-03 -1.158830618326282E-03 1.010968434781899E-03
Callisto 1076e20 -2.674678953033534E+00 -4.640878193452131E+00 7.965590843323080E-02 4.701184351200369E-03 1.022501106191919E-03 -1.303132314818258E-05
Io 893.3e20 -2.687722145468777E+00 -4.647900720430580E+00 7.924718344121826E-02 1.509340541081817E-02 -8.399475329933549E-03 -1.880629870277657E-04
Luna 7.349e22 9.558681751047594E-01 2.878047745282116E-01 1.270630887863838E-04 -4.890910658902504E-03 1.589908508418356E-02 6.883093715563048E-06
Europa 479.7e20 -2.689028000691350E+00 -4.641911419715692E+00 7.945102280753999E-02 1.706310293208605E-04 -8.312599725364737E-03 -4.605906392351266E-04
Triton 214.7e20 2.891610748507102E+01 -7.736658328470207E+00 -5.080868133634303E-01 -1.098764077911620E-03 3.242826890263002E-03 1.598316446062363E-03
Titania 35.27e20 1.718553841124904E+01 9.984788772229397E+00 -1.830924999198481E-01 -3.047819390455802E-04 2.688171100204111E-03 -1.078319894182664E-03
Rhea 230.9e19 1.527857536051087E+00 -9.935427762198600E+00 1.103914120972634E-01 3.700242387043896E-04 4.224217576476513E-04 4.298217906440006E-04
Oberon 30.14e20 1.718382277711050E+01 9.985371429854119E+00 -1.816796677366219E-01 -2.267361845151117E-04 2.845352877209050E-03 1.426137065588385E-04