1,0
0.999704,0.0172142
0.999111,0.0344233
0.998222,0.0516222
0.997037,0.0688058
0.995556,0.0859689
0.993779,0.103107
0.991707,0.120214
0.98934,0.137285
0.986678,0.154315
0.983724,0.1713
0.980476,0.188233
0.976937,0.205111
0.973106,0.221927
0.968986,0.238677
0.964576,0.255356
0.959879,0.271959
0.954896,0.288481
0.949627,0.304917
0.944075,0.321261
0.938241,0.33751
0.932126,0.353657
0.925732,0.369699
0.919062,0.385631
0.912116,0.401447
0.904897,0.417142
0.897408,0.432713
0.889649,0.448154
0.881624,0.463461
0.873334,0.478628
0.864782,0.493653
0.855971,0.508529
0.846902,0.523252
0.83758,0.537818
0.828005,0.552223
0.818182,0.566461
0.808113,0.580529
0.797801,0.594423
0.787248,0.608138
0.776459,0.621669
0.765436,0.635014
0.754182,0.648167
0.742701,0.661125
0.730996,0.673883
0.719071,0.686439
0.706929,0.698787
0.694573,0.710925
0.682008,0.722848
0.669237,0.734552
0.656264,0.746035
0.643092,0.757293
0.629727,0.768321
0.616171,0.779118
0.602428,0.789679
0.588504,0.800001
0.574401,0.810081
0.560125,0.819916
0.545679,0.829503
0.531068,0.838838
0.516296,0.84792
0.501368,0.856745
0.486288,0.86531
0.47106,0.873613
0.45569,0.881652
0.440181,0.889423
0.42454,0.896924
0.408769,0.904153
0.392874,0.911108
0.376861,0.917787
0.360732,0.924187
0.344495,0.930307
0.328153,0.936145
0.311711,0.941698
0.295174,0.946965
0.278548,0.951945
0.261838,0.956636
0.245048,0.961036
0.228183,0.965144
0.211249,0.968959
0.194251,0.97248
0.177194,0.975705
0.160083,0.978634
0.142923,0.981265
0.12572,0.983598
0.108479,0.985632
0.0912047,0.987367
0.0739027,0.988801
0.0565783,0.989935
0.0392367,0.990768
0.0218831,0.9913
0.00452295,0.991531
-0.0128386,0.99146
-0.0301963,0.991088
-0.0475448,0.990414
-0.0648788,0.98944
-0.0821931,0.988164
-0.0994824,0.986589
-0.116742,0.984713
-0.133965,0.982538
-0.151148,0.980065
-0.168285,0.977294
-0.185371,0.974225
-0.2024,0.970861
-0.219368,0.967202
-0.23627,0.963249
-0.253099,0.959004
-0.269852,0.954467
-0.286523,0.94964
-0.303107,0.944526
-0.319599,0.939124
-0.335993,0.933437
-0.352286,0.927467
-0.368472,0.921216
-0.384546,0.914685
-0.400504,0.907876
-0.41634,0.900793
-0.43205,0.893436
-0.447628,0.885808
-0.463071,0.877912
-0.478374,0.869749
-0.493532,0.861323
-0.50854,0.852637
-0.523395,0.843692
-0.53809,0.834491
-0.552623,0.825038
-0.566989,0.815336
-0.581183,0.805386
-0.595202,0.795193
-0.60904,0.78476
-0.622694,0.774089
-0.636161,0.763185
-0.649434,0.752049
-0.662512,0.740687
-0.67539,0.729101
-0.688064,0.717295
-0.70053,0.705273
-0.712785,0.693037
-0.724825,0.680593
-0.736646,0.667943
-0.748245,0.655093
-0.759619,0.642044
-0.770764,0.628803
-0.781678,0.615372
-0.792355,0.601756
-0.802795,0.587959
-0.812993,0.573985
-0.822946,0.559839
-0.832653,0.545524
-0.842109,0.531045
-0.851312,0.516407
-0.86026,0.501614
-0.868949,0.48667
-0.877378,0.471581
-0.885544,0.45635
-0.893444,0.440982
-0.901077,0.425482
-0.90844,0.409855
-0.915531,0.394105
-0.922348,0.378237
-0.928889,0.362256
-0.935152,0.346166
-0.941136,0.329973
-0.946839,0.313682
-0.952259,0.297297
-0.957395,0.280823
-0.962245,0.264265
-0.966808,0.247629
-0.971083,0.230919
-0.975069,0.21414
-0.978764,0.197297
-0.982168,0.180395
-0.985279,0.16344
-0.988098,0.146436
-0.990622,0.129389
-0.992852,0.112303
-0.994788,0.0951835
-0.996428,0.0780361
-0.997772,0.0608654
-0.99882,0.0436767
-0.999572,0.0264751
-1.00003,0.00926556
-1.00019,-0.00794668
-1.00005,-0.0251566
-0.999618,-0.042359
-0.99889,-0.0595489
-0.997866,-0.0767212
-0.996547,-0.0938709
-0.994934,-0.110993
-0.993027,-0.128082
-0.990826,-0.145133
-0.988333,-0.162142
-0.985549,-0.179102
-0.982474,-0.19601
-0.97911,-0.21286
-0.975457,-0.229648
-0.971517,-0.246367
-0.967292,-0.263015
-0.962781,-0.279584
-0.957987,-0.296072
-0.952912,-0.312473
-0.947557,-0.328781
-0.941924,-0.344994
-0.936014,-0.361105
-0.929829,-0.37711
-0.923371,-0.393004
-0.916643,-0.408783
-0.909646,-0.424442
-0.902383,-0.439977
-0.894855,-0.455384
-0.887066,-0.470656
-0.879017,-0.485791
-0.87071,-0.500784
-0.862149,-0.515631
-0.853336,-0.530327
-0.844274,-0.544868
-0.834965,-0.559249
-0.825413,-0.573468
-0.815619,-0.587519
-0.805588,-0.601398
-0.795321,-0.615103
-0.784823,-0.628628
-0.774096,-0.641969
-0.763143,-0.655124
-0.751968,-0.668088
-0.740575,-0.680857
-0.728965,-0.693428
-0.717144,-0.705798
-0.705114,-0.717962
-0.692878,-0.729917
-0.680442,-0.74166
-0.667808,-0.753188
-0.654979,-0.764497
-0.641961,-0.775583
-0.628756,-0.786445
-0.615368,-0.797078
-0.601802,-0.80748
-0.588061,-0.817647
-0.57415,-0.827578
-0.560072,-0.837268
-0.545832,-0.846716
-0.531434,-0.855918
-0.516882,-0.864873
-0.50218,-0.873576
-0.487332,-0.882027
-0.472343,-0.890222
-0.457218,-0.89816
-0.44196,-0.905837
-0.426575,-0.913253
-0.411066,-0.920404
-0.395438,-0.927289
-0.379695,-0.933905
-0.363843,-0.940252
-0.347886,-0.946327
-0.331828,-0.952128
-0.315674,-0.957653
-0.299428,-0.962902
-0.283097,-0.967873
-0.266683,-0.972564
-0.250193,-0.976974
-0.23363,-0.981102
-0.217,-0.984946
-0.200307,-0.988506
-0.183556,-0.991781
-0.166752,-0.994769
-0.1499,-0.997469
-0.133005,-0.999882
-0.116071,-1.00201
-0.0991036,-1.00384
-0.0821078,-1.00539
-0.0650882,-1.00664
-0.0480499,-1.0076
-0.0309977,-1.00828
-0.0139366,-1.00866
0.00312857,-1.00875
0.0201928,-1.00855
0.0372513,-1.00806
0.0542989,-1.00728
0.0713309,-1.0062
0.0883424,-1.00484
0.105328,-1.00319
0.122284,-1.00124
0.139204,-0.999009
0.156084,-0.996488
0.172919,-0.993679
0.189704,-0.990583
0.206434,-0.987201
0.223105,-0.983534
0.239711,-0.979583
0.256247,-0.975349
0.27271,-0.970833
0.289094,-0.966036
0.305395,-0.96096
0.321607,-0.955607
0.337726,-0.949977
0.353748,-0.944072
0.369667,-0.937895
0.385479,-0.931446
0.40118,-0.924728
0.416765,-0.917742
0.432229,-0.91049
0.447568,-0.902976
0.462777,-0.895199
0.477853,-0.887164
0.49279,-0.878871
0.507584,-0.870324
0.522232,-0.861525
0.536728,-0.852476
0.551068,-0.84318
0.565248,-0.83364
0.579265,-0.823858
0.593114,-0.813836
0.60679,-0.803579
0.620291,-0.793088
0.633611,-0.782368
0.646747,-0.771419
0.659696,-0.760247
0.672452,-0.748854
0.685014,-0.737244
0.697376,-0.725419
0.709535,-0.713383
0.721488,-0.701139
0.733231,-0.688691
0.74476,-0.676043
0.756073,-0.663198
0.767165,-0.65016
0.778034,-0.636933
0.788676,-0.623519
0.799088,-0.609924
0.809267,-0.596151
0.81921,-0.582205
0.828913,-0.568088
0.838375,-0.553805
0.847592,-0.53936
0.856561,-0.524758
0.865279,-0.510003
0.873745,-0.495098
0.881955,-0.480048
0.889907,-0.464858
0.897598,-0.449532
0.905026,-0.434074
0.912189,-0.418489
0.919085,-0.402781
0.925711,-0.386955
0.932066,-0.371016
0.938147,-0.354968
0.943952,-0.338815
0.94948,-0.322563
0.95473,-0.306216
0.959698,-0.289779
0.964384,-0.273257
0.968787,-0.256655
0.972904,-0.239977
0.976735,-0.223228
0.980278,-0.206413
0.983532,-0.189538
0.986496,-0.172607
0.989169,-0.155625
0.99155,-0.138597
0.993638,-0.121528
0.995433,-0.104423
0.996934,-0.087287
0.998139,-0.0701254
0.99905,-0.0529431
0.999665,-0.0357451
0.999984,-0.0185365
1.00001,-0.00132243
