0.127573,0.0862023,0.276782
0.35642,0.0862023,0.276782
0.585267,0.0862019,0.276782
0.814114,0.0862019,0.276782
1.04296,0.0862015,0.276782
1.27181,0.0862015,0.276782
1.50066,0.0862016,0.276782
1.7295,0.0862012,0.276782
1.95835,0.0862012,0.276782
2.1872,0.0862008,0.276782
2.41604,0.0862008,0.276782
2.64489,0.0862008,0.276782
2.87374,0.0862004,0.276783
3.10258,0.0862005,0.276783
3.33143,0.0862001,0.276783
3.56028,0.0862001,0.276783
3.78913,0.0862001,0.276783
4.01797,0.0861997,0.276783
4.24682,0.0861997,0.276783
4.47567,0.0861994,0.276783
4.70451,0.0861994,0.276783
4.93336,0.0861994,0.276783
5.16221,0.086199,0.276783
5.39106,0.086199,0.276783
5.6199,0.0861986,0.276783
5.84875,0.0861987,0.276783
6.0776,0.0861987,0.276783
6.30644,0.0861983,0.276783
6.53529,0.0861983,0.276783
6.76414,0.0861979,0.276783
6.99298,0.0861979,0.276783
7.22183,0.0861979,0.276783
7.45068,0.0861976,0.276784
7.67953,0.0861976,0.276784
7.90837,0.0861972,0.276784
8.13722,0.0861972,0.276784
8.36607,0.0861972,0.276784
8.59491,0.0861968,0.276784
8.82376,0.0861969,0.276784
9.05261,0.0861965,0.276784
9.28146,0.0861965,0.276784
9.5103,0.0861965,0.276784
9.73915,0.0861961,0.276784
9.968,0.0861961,0.276784
10.1968,0.0861958,0.276784
10.4257,0.0861958,0.276784
10.6545,0.0861958,0.276784
10.8834,0.0861954,0.276784
11.1122,0.0861954,0.276784
11.3411,0.086195,0.276784
11.5699,0.086195,0.276784
11.7988,0.0861951,0.276784
12.0276,0.0861947,0.276784
12.2565,0.0861947,0.276784
12.4853,0.0861943,0.276785
12.7142,0.0861943,0.276785
12.943,0.0861943,0.276785
13.1719,0.086194,0.276785
13.4007,0.086194,0.276785
13.6296,0.0861936,0.276785
13.8584,0.0861936,0.276785
14.0872,0.0861936,0.276785
14.3161,0.0861932,0.276785
14.5449,0.0861932,0.276785
14.7738,0.0861929,0.276785
15.0026,0.0861929,0.276785
15.2315,0.0861929,0.276785
15.4603,0.0861925,0.276785
15.6892,0.0861925,0.276785
15.918,0.0861921,0.276785
16.1469,0.0861922,0.276785
16.3757,0.0861922,0.276785
16.6046,0.0861918,0.276785
16.8334,0.0861918,0.276785
17.0623,0.0861914,0.276785
17.2911,0.0861914,0.276785
17.52,0.0861915,0.276785
17.7488,0.0861911,0.276786
17.9776,0.0861911,0.276786
18.2065,0.0861907,0.276786
18.4353,0.0861907,0.276786
18.6642,0.0861903,0.276786
18.893,0.0861904,0.276786
19.1219,0.0861904,0.276786
19.3507,0.08619,0.276786
19.5796,0.08619,0.276786
19.8084,0.0861896,0.276786
20.0373,0.0861896,0.276786
20.2661,0.0861896,0.276786
20.495,0.0861893,0.276786
20.7238,0.0861893,0.276786
20.9527,0.0861889,0.276786
21.1815,0.0861889,0.276786
21.4104,0.0861889,0.276786
21.6392,0.0861885,0.276786
21.868,0.0861886,0.276786
22.0969,0.0861882,0.276786
22.3257,0.0861882,0.276786
22.5546,0.0861882,0.276786
22.7834,0.0861878,0.276787
23.0123,0.0861878,0.276787
23.2411,0.0861875,0.276787
23.47,0.0861875,0.276787
23.6988,0.0861875,0.276787
23.9277,0.0861871,0.276787
24.1565,0.0861871,0.276787
24.3854,0.0861867,0.276787
24.6142,0.0861867,0.276787
24.8431,0.0861868,0.276787
25.0719,0.0861864,0.276787
25.3008,0.0861864,0.276787
25.5296,0.086186,0.276787
25.7584,0.086186,0.276787
25.9873,0.086186,0.276787
26.2161,0.0861857,0.276787
26.445,0.0861857,0.276787
26.6738,0.0861853,0.276787
26.9027,0.0861853,0.276787
27.1315,0.0861853,0.276787
27.3604,0.0861849,0.276787
27.5892,0.0861849,0.276787
27.8181,0.0861846,0.276788
28.0469,0.0861846,0.276788
28.2758,0.0861846,0.276788
28.5046,0.0861842,0.276788
28.7335,0.0861842,0.276788
28.9623,0.0861838,0.276788
29.1912,0.0861839,0.276788
29.42,0.0861839,0.276788
29.6488,0.0861835,0.276788
29.8777,0.0861835,0.276788
30.1065,0.0861831,0.276788
30.3354,0.0861831,0.276788
30.5642,0.0861832,0.276788
30.7931,0.0861828,0.276788
31.0219,0.0861828,0.276788
31.2508,0.0861824,0.276788
31.4796,0.0861824,0.276788
31.7085,0.0861824,0.276788
31.9373,0.0861821,0.276788
32.1662,0.0861821,0.276788
32.395,0.0861817,0.276788
32.6239,0.0861817,0.276788
32.8527,0.0861817,0.276788
33.0816,0.0861813,0.276789
33.3104,0.0861813,0.276789
33.5392,0.086181,0.276789
33.7681,0.086181,0.276789
33.9969,0.086181,0.276789
34.2258,0.0861806,0.276789
34.4546,0.0861806,0.276789
34.6835,0.0861802,0.276789
34.9123,0.0861803,0.276789
35.1412,0.0861803,0.276789
35.37,0.0861799,0.276789
35.5989,0.0861799,0.276789
35.8277,0.0861795,0.276789
36.0566,0.0861795,0.276789
36.2854,0.0861795,0.276789
36.5143,0.0861792,0.276789
36.7431,0.0861792,0.276789
36.972,0.0861788,0.276789
37.2008,0.0861788,0.276789
37.4296,0.0861784,0.276789
37.6585,0.0861784,0.276789
37.8873,0.0861785,0.276789
38.1162,0.0861781,0.27679
38.345,0.0861781,0.27679
38.5739,0.0861777,0.27679
38.8027,0.0861777,0.27679
39.0316,0.0861777,0.27679
39.2604,0.0861774,0.27679
39.4893,0.0861774,0.27679
39.7181,0.086177,0.27679
39.947,0.086177,0.27679
40.1758,0.086177,0.27679
40.4047,0.0861766,0.27679
40.6335,0.0861766,0.27679
40.8624,0.0861763,0.27679
41.0912,0.0861763,0.27679
41.32,0.0861763,0.27679
41.5489,0.0861759,0.27679
41.7777,0.0861759,0.27679
42.0066,0.0861755,0.27679
42.2354,0.0861756,0.27679
42.4643,0.0861756,0.27679
42.6931,0.0861752,0.27679
42.922,0.0861752,0.27679
43.1508,0.0861748,0.276791
43.3797,0.0861748,0.276791
43.6085,0.0861748,0.276791
43.8374,0.0861745,0.276791
44.0662,0.0861745,0.276791
44.2951,0.0861741,0.276791
44.5239,0.0861741,0.276791
44.7528,0.0861741,0.276791
44.9816,0.0861737,0.276791
45.2104,0.0861738,0.276791
45.4393,0.0861734,0.276791
45.6681,0.0861734,0.276791
45.897,0.0861734,0.276791
46.1258,0.086173,0.276791
46.3547,0.086173,0.276791
46.5835,0.0861727,0.276791
46.8124,0.0861727,0.276791
47.0412,0.0861727,0.276791
47.2701,0.0861723,0.276791
47.4989,0.0861723,0.276791
47.7278,0.0861719,0.276791
47.9566,0.086172,0.276791
48.1855,0.086172,0.276791
48.4143,0.0861716,0.276792
48.6432,0.0861716,0.276792
48.872,0.0861712,0.276792
49.1008,0.0861712,0.276792
49.3297,0.0861712,0.276792
49.5585,0.0861709,0.276792
49.7874,0.0861709,0.276792
50.0162,0.0861705,0.276792
50.2451,0.0861705,0.276792
50.4739,0.0861705,0.276792
50.7028,0.0861701,0.276792
50.9316,0.0861702,0.276792
51.1605,0.0861698,0.276792
51.3893,0.0861698,0.276792
51.6182,0.0861698,0.276792
51.847,0.0861694,0.276792
52.0759,0.0861694,0.276792
52.3047,0.0861691,0.276792
52.5336,0.0861691,0.276792
52.7624,0.0861691,0.276792
52.9912,0.0861687,0.276792
53.2201,0.0861687,0.276792
53.4489,0.0861683,0.276793
53.6778,0.0861683,0.276793
53.9066,0.0861684,0.276793
54.1355,0.086168,0.276793
54.3643,0.086168,0.276793
54.5932,0.0861676,0.276793
54.822,0.0861676,0.276793
55.0509,0.0861676,0.276793
55.2797,0.0861673,0.276793
55.5086,0.0861673,0.276793
55.7374,0.0861669,0.276793
55.9663,0.0861669,0.276793
56.1951,0.0861665,0.276793
56.424,0.0861665,0.276793
56.6528,0.0861665,0.276793
56.8816,0.0861662,0.276793
57.1105,0.0861662,0.276793
57.3393,0.0861658,0.276793
57.5682,0.0861658,0.276793
57.797,0.0861658,0.276793
58.0259,0.0861654,0.276794
58.2547,0.0861655,0.276793
58.4836,0.0861651,0.276794
58.7124,0.0861651,0.276794
58.9413,0.0861651,0.276794
59.1701,0.0861647,0.276794
59.399,0.0861647,0.276794
59.6278,0.0861644,0.276794
59.8567,0.0861644,0.276794
60.0855,0.0861644,0.276794
60.3144,0.086164,0.276794
60.5432,0.086164,0.276794
60.772,0.0861636,0.276794
61.0009,0.0861637,0.276794
61.2297,0.0861637,0.276794
61.4586,0.0861633,0.276794
61.6874,0.0861633,0.276794
61.9163,0.0861629,0.276794
62.1451,0.0861629,0.276794
62.374,0.0861629,0.276794
62.6028,0.0861626,0.276794
62.8317,0.0861626,0.276794
63.0605,0.0861622,0.276795
63.2894,0.0861622,0.276795
63.5182,0.0861622,0.276795
63.7471,0.0861618,0.276795
63.9759,0.0861619,0.276795
64.2048,0.0861615,0.276795
64.4336,0.0861615,0.276795
64.6624,0.0861615,0.276795
64.8913,0.0861611,0.276795
65.1201,0.0861611,0.276795
65.349,0.0861608,0.276795
65.5778,0.0861608,0.276795
65.8067,0.0861608,0.276795
66.0355,0.0861604,0.276795
66.2644,0.0861604,0.276795
66.4932,0.08616,0.276795
66.7221,0.08616,0.276795
66.9509,0.0861601,0.276795
67.1798,0.0861597,0.276795
67.4086,0.0861597,0.276795
67.6375,0.0861593,0.276795
67.8663,0.0861593,0.276795
68.0952,0.0861593,0.276795
68.324,0.086159,0.276796
68.5528,0.086159,0.276796
68.7817,0.0861586,0.276796
69.0105,0.0861586,0.276796
69.2394,0.0861586,0.276796
69.4682,0.0861582,0.276796
69.6971,0.0861582,0.276796
69.9259,0.0861579,0.276796
70.1548,0.0861579,0.276796
70.3836,0.0861579,0.276796
70.6125,0.0861575,0.276796
70.8413,0.0861575,0.276796
71.0702,0.0861571,0.276796
71.299,0.0861572,0.276796
71.5279,0.0861572,0.276796
71.7567,0.0861568,0.276796
71.9856,0.0861568,0.276796
72.2144,0.0861564,0.276796
72.4432,0.0861564,0.276796
72.6721,0.0861565,0.276796
72.9009,0.0861561,0.276796
73.1298,0.0861561,0.276796
73.3586,0.0861557,0.276797
73.5875,0.0861557,0.276797
73.8163,0.0861557,0.276797
74.0452,0.0861554,0.276797
74.274,0.0861554,0.276797
74.5029,0.086155,0.276797
74.7317,0.086155,0.276797
74.9606,0.0861546,0.276797
75.1894,0.0861546,0.276797
75.4183,0.0861546,0.276797
75.6471,0.0861543,0.276797
75.876,0.0861543,0.276797
76.1048,0.0861539,0.276797
76.3336,0.0861539,0.276797
76.5625,0.0861539,0.276797
76.7913,0.0861535,0.276797
77.0202,0.0861536,0.276797
77.249,0.0861532,0.276797
77.4779,0.0861532,0.276797
77.7067,0.0861532,0.276797
77.9356,0.0861528,0.276797
78.1644,0.0861528,0.276797
78.3933,0.0861525,0.276798
78.6221,0.0861525,0.276798
78.851,0.0861525,0.276798
79.0798,0.0861521,0.276798
79.3087,0.0861521,0.276798
79.5375,0.0861517,0.276798
79.7664,0.0861517,0.276798
79.9952,0.0861518,0.276798
80.224,0.0861514,0.276798
80.4529,0.0861514,0.276798
80.6817,0.086151,0.276798
80.9106,0.086151,0.276798
81.1394,0.086151,0.276798
81.3683,0.0861507,0.276798
81.5971,0.0861507,0.276798
81.826,0.0861503,0.276798
82.0548,0.0861503,0.276798
82.2837,0.0861503,0.276798
82.5125,0.0861499,0.276798
82.7414,0.0861499,0.276798
82.9702,0.0861496,0.276798
83.1991,0.0861496,0.276798
83.4279,0.0861496,0.276798
83.6568,0.0861492,0.276799
83.8856,0.0861492,0.276799
84.1144,0.0861488,0.276799
84.3433,0.0861489,0.276799
84.5721,0.0861489,0.276799
84.801,0.0861485,0.276799
85.0298,0.0861485,0.276799
85.2587,0.0861481,0.276799
85.4875,0.0861481,0.276799
85.7164,0.0861482,0.276799
85.9452,0.0861478,0.276799
86.1741,0.0861478,0.276799
86.4029,0.0861474,0.276799
86.6318,0.0861474,0.276799
86.8606,0.0861474,0.276799
87.0895,0.0861471,0.276799
87.3183,0.0861471,0.276799
87.5472,0.0861467,0.276799
87.776,0.0861467,0.276799
88.0048,0.0861467,0.276799
88.2337,0.0861463,0.276799
88.4625,0.0861463,0.276799
88.6914,0.086146,0.2768
88.9202,0.086146,0.2768
89.1491,0.086146,0.2768
89.3779,0.0861456,0.2768
89.6068,0.0861456,0.2768
89.8356,0.0861452,0.2768
90.0645,0.0861453,0.2768
90.2933,0.0861453,0.2768
90.5222,0.0861449,0.2768
90.751,0.0861449,0.2768
90.9799,0.0861445,0.2768
91.2087,0.0861445,0.2768
91.4375,0.0861445,0.2768
91.6664,0.0861442,0.2768
91.8952,0.0861442,0.2768
92.1241,0.0861438,0.2768
92.3529,0.0861438,0.2768
92.5818,0.0861438,0.2768
92.8106,0.0861434,0.2768
93.0395,0.0861435,0.2768
93.2683,0.0861431,0.2768
93.4972,0.0861431,0.2768
93.726,0.0861427,0.276801
93.9549,0.0861427,0.276801
94.1837,0.0861427,0.276801
94.4126,0.0861424,0.276801
94.6414,0.0861424,0.276801
94.8703,0.086142,0.276801
95.0991,0.086142,0.276801
95.3279,0.086142,0.276801
95.5568,0.0861416,0.276801
95.7856,0.0861416,0.276801
96.0145,0.0861413,0.276801
96.2433,0.0861413,0.276801
96.4722,0.0861413,0.276801
96.701,0.0861409,0.276801
96.9299,0.0861409,0.276801
97.1587,0.0861405,0.276801
97.3876,0.0861406,0.276801
97.6164,0.0861406,0.276801
97.8453,0.0861402,0.276801
98.0741,0.0861402,0.276801
98.303,0.0861398,0.276801
98.5318,0.0861398,0.276801
98.7607,0.0861399,0.276801
98.9895,0.0861395,0.276802
99.2183,0.0861395,0.276802
99.4472,0.0861391,0.276802
99.676,0.0861391,0.276802
99.9049,0.0861391,0.276802
