0.127573,0.0862024,0.276782
0.35642,0.0862023,0.276782
0.585267,0.0862022,0.276782
0.814114,0.0862025,0.276782
1.04296,0.0862024,0.276782
1.27181,0.0862022,0.276782
1.50066,0.0862025,0.276782
1.7295,0.0862024,0.276782
1.95835,0.0862023,0.276782
2.1872,0.0862022,0.276782
2.41604,0.0862024,0.276782
2.64489,0.0862023,0.276782
2.87374,0.0862022,0.276782
3.10258,0.0862025,0.276782
3.33143,0.0862024,0.276782
3.56028,0.0862023,0.276782
3.78913,0.0862025,0.276782
4.01797,0.0862024,0.276782
4.24682,0.0862023,0.276782
4.47567,0.0862022,0.276782
4.70451,0.0862025,0.276782
4.93336,0.0862023,0.276782
5.16221,0.0862022,0.276782
5.39106,0.0862025,0.276782
5.6199,0.0862024,0.276782
5.84875,0.0862023,0.276782
6.0776,0.0862026,0.276782
6.30644,0.0862024,0.276782
6.53529,0.0862023,0.276782
6.76414,0.0862022,0.276782
6.99299,0.0862025,0.276782
7.22183,0.0862024,0.276782
7.45068,0.0862023,0.276782
7.67953,0.0862025,0.276782
7.90837,0.0862024,0.276782
8.13722,0.0862023,0.276782
8.36607,0.0862022,0.276782
8.59491,0.0862025,0.276782
8.82376,0.0862023,0.276782
9.05261,0.0862022,0.276782
9.28146,0.0862025,0.276782
9.5103,0.0862024,0.276782
9.73915,0.0862023,0.276782
9.968,0.0862025,0.276782
10.1968,0.0862024,0.276782
10.4257,0.0862023,0.276782
10.6545,0.0862022,0.276782
10.8834,0.0862025,0.276782
11.1122,0.0862024,0.276782
11.3411,0.0862022,0.276782
11.5699,0.0862025,0.276782
11.7988,0.0862024,0.276782
12.0276,0.0862023,0.276782
12.2565,0.0862022,0.276782
12.4853,0.0862024,0.276782
12.7142,0.0862023,0.276782
12.943,0.0862022,0.276782
13.1719,0.0862025,0.276782
13.4007,0.0862024,0.276782
13.6296,0.0862023,0.276782
13.8584,0.0862025,0.276782
14.0872,0.0862024,0.276782
14.3161,0.0862023,0.276782
14.5449,0.0862022,0.276782
14.7738,0.0862025,0.276782
15.0026,0.0862024,0.276782
15.2315,0.0862022,0.276782
15.4603,0.0862025,0.276782
15.6892,0.0862024,0.276782
15.918,0.0862023,0.276782
16.1469,0.0862026,0.276782
16.3757,0.0862024,0.276782
16.6046,0.0862023,0.276782
16.8334,0.0862022,0.276782
17.0623,0.0862025,0.276782
17.2911,0.0862024,0.276782
17.52,0.0862023,0.276782
17.7488,0.0862025,0.276782
17.9776,0.0862024,0.276782
18.2065,0.0862023,0.276782
18.4353,0.0862022,0.276782
18.6642,0.0862025,0.276782
18.893,0.0862023,0.276782
19.1219,0.0862022,0.276782
19.3507,0.0862025,0.276782
19.5796,0.0862024,0.276782
19.8084,0.0862023,0.276782
20.0373,0.0862025,0.276782
20.2661,0.0862024,0.276782
20.495,0.0862023,0.276782
20.7238,0.0862022,0.276782
20.9527,0.0862025,0.276782
21.1815,0.0862024,0.276782
21.4104,0.0862022,0.276782
21.6392,0.0862025,0.276782
21.868,0.0862024,0.276782
22.0969,0.0862023,0.276782
22.3257,0.0862022,0.276782
22.5546,0.0862025,0.276782
22.7834,0.0862023,0.276782
23.0123,0.0862022,0.276782
23.2411,0.0862025,0.276782
23.47,0.0862024,0.276782
23.6988,0.0862023,0.276782
23.9277,0.0862025,0.276782
24.1565,0.0862024,0.276782
24.3854,0.0862023,0.276782
24.6142,0.0862022,0.276782
24.8431,0.0862025,0.276782
25.0719,0.0862024,0.276782
25.3008,0.0862022,0.276782
25.5296,0.0862025,0.276782
25.7584,0.0862024,0.276782
25.9873,0.0862023,0.276782
26.2161,0.0862022,0.276782
26.445,0.0862024,0.276782
26.6738,0.0862023,0.276782
26.9027,0.0862022,0.276782
27.1315,0.0862025,0.276782
27.3604,0.0862024,0.276782
27.5892,0.0862023,0.276782
27.8181,0.0862025,0.276782
28.0469,0.0862024,0.276782
28.2758,0.0862023,0.276782
28.5046,0.0862022,0.276782
28.7335,0.0862025,0.276782
28.9623,0.0862023,0.276782
29.1912,0.0862022,0.276782
29.42,0.0862025,0.276782
29.6488,0.0862024,0.276782
29.8777,0.0862023,0.276782
30.1065,0.0862026,0.276782
30.3354,0.0862024,0.276782
30.5642,0.0862023,0.276782
30.7931,0.0862022,0.276782
31.0219,0.0862025,0.276782
31.2508,0.0862024,0.276782
31.4796,0.0862023,0.276782
31.7085,0.0862025,0.276782
31.9373,0.0862024,0.276782
32.1662,0.0862023,0.276782
32.395,0.0862022,0.276782
32.6239,0.0862025,0.276782
32.8527,0.0862023,0.276782
33.0816,0.0862022,0.276782
33.3104,0.0862025,0.276782
33.5392,0.0862024,0.276782
33.7681,0.0862023,0.276782
33.9969,0.0862025,0.276782
34.2258,0.0862024,0.276782
34.4546,0.0862023,0.276782
34.6835,0.0862022,0.276782
34.9123,0.0862025,0.276782
35.1412,0.0862024,0.276782
35.37,0.0862022,0.276782
35.5989,0.0862025,0.276782
35.8277,0.0862024,0.276782
36.0566,0.0862023,0.276782
36.2854,0.0862022,0.276782
36.5143,0.0862024,0.276782
36.7431,0.0862023,0.276782
36.972,0.0862022,0.276782
37.2008,0.0862025,0.276782
37.4296,0.0862024,0.276782
37.6585,0.0862023,0.276782
37.8873,0.0862025,0.276782
38.1162,0.0862024,0.276782
38.345,0.0862023,0.276782
38.5739,0.0862022,0.276782
38.8027,0.0862025,0.276782
39.0316,0.0862024,0.276782
39.2604,0.0862022,0.276782
39.4893,0.0862025,0.276782
39.7181,0.0862024,0.276782
39.947,0.0862023,0.276782
40.1758,0.0862026,0.276782
40.4047,0.0862024,0.276782
40.6335,0.0862023,0.276782
40.8624,0.0862022,0.276782
41.0912,0.0862025,0.276782
41.32,0.0862024,0.276782
41.5489,0.0862023,0.276782
41.7777,0.0862025,0.276782
42.0066,0.0862024,0.276782
42.2354,0.0862023,0.276782
42.4643,0.0862022,0.276782
42.6931,0.0862025,0.276782
42.922,0.0862023,0.276782
43.1508,0.0862022,0.276782
43.3797,0.0862025,0.276782
43.6085,0.0862024,0.276782
43.8374,0.0862023,0.276782
44.0662,0.0862025,0.276782
44.2951,0.0862024,0.276782
44.5239,0.0862023,0.276782
44.7528,0.0862022,0.276782
44.9816,0.0862025,0.276782
45.2104,0.0862024,0.276782
45.4393,0.0862022,0.276782
45.6681,0.0862025,0.276782
45.897,0.0862024,0.276782
46.1258,0.0862023,0.276782
46.3547,0.0862022,0.276782
46.5835,0.0862025,0.276782
46.8124,0.0862023,0.276782
47.0412,0.0862022,0.276782
47.2701,0.0862025,0.276782
47.4989,0.0862024,0.276782
47.7278,0.0862023,0.276782
47.9566,0.0862025,0.276782
48.1855,0.0862024,0.276782
48.4143,0.0862023,0.276782
48.6432,0.0862022,0.276782
48.872,0.0862025,0.276782
49.1008,0.0862024,0.276782
49.3297,0.0862022,0.276782
49.5585,0.0862025,0.276782
49.7874,0.0862024,0.276782
50.0162,0.0862023,0.276782
50.2451,0.0862022,0.276782
50.4739,0.0862024,0.276782
50.7028,0.0862023,0.276782
50.9316,0.0862022,0.276782
51.1605,0.0862025,0.276782
51.3893,0.0862024,0.276782
51.6182,0.0862023,0.276782
51.847,0.0862025,0.276782
52.0759,0.0862024,0.276782
52.3047,0.0862023,0.276782
52.5336,0.0862022,0.276782
52.7624,0.0862025,0.276782
52.9912,0.0862023,0.276782
53.2201,0.0862022,0.276782
53.4489,0.0862025,0.276782
53.6778,0.0862024,0.276782
53.9066,0.0862023,0.276782
54.1355,0.0862026,0.276782
54.3643,0.0862024,0.276782
54.5932,0.0862023,0.276782
54.822,0.0862022,0.276782
55.0509,0.0862025,0.276782
55.2797,0.0862024,0.276782
55.5086,0.0862023,0.276782
55.7374,0.0862025,0.276782
55.9663,0.0862024,0.276782
56.1951,0.0862023,0.276782
56.424,0.0862022,0.276782
56.6528,0.0862025,0.276782
56.8816,0.0862023,0.276782
57.1105,0.0862022,0.276782
57.3393,0.0862025,0.276782
57.5682,0.0862024,0.276782
57.797,0.0862023,0.276782
58.0259,0.0862025,0.276782
58.2547,0.0862024,0.276782
58.4836,0.0862023,0.276782
58.7124,0.0862022,0.276782
58.9413,0.0862025,0.276782
59.1701,0.0862024,0.276782
59.399,0.0862022,0.276782
59.6278,0.0862025,0.276782
59.8567,0.0862024,0.276782
60.0855,0.0862023,0.276782
60.3144,0.0862022,0.276782
60.5432,0.0862024,0.276782
60.772,0.0862023,0.276782
61.0009,0.0862022,0.276782
61.2297,0.0862025,0.276782
61.4586,0.0862024,0.276782
61.6874,0.0862023,0.276782
61.9163,0.0862025,0.276782
62.1451,0.0862024,0.276782
62.374,0.0862023,0.276782
62.6028,0.0862022,0.276782
62.8317,0.0862025,0.276782
63.0605,0.0862024,0.276782
63.2894,0.0862022,0.276782
63.5182,0.0862025,0.276782
63.7471,0.0862024,0.276782
63.9759,0.0862023,0.276782
64.2048,0.0862026,0.276782
64.4336,0.0862024,0.276782
64.6624,0.0862023,0.276782
64.8913,0.0862022,0.276782
65.1201,0.0862025,0.276782
65.349,0.0862024,0.276782
65.5778,0.0862023,0.276782
65.8067,0.0862025,0.276782
66.0355,0.0862024,0.276782
66.2644,0.0862023,0.276782
66.4932,0.0862022,0.276782
66.7221,0.0862025,0.276782
66.9509,0.0862023,0.276782
67.1798,0.0862022,0.276782
67.4086,0.0862025,0.276782
67.6375,0.0862024,0.276782
67.8663,0.0862023,0.276782
68.0952,0.0862025,0.276782
68.324,0.0862024,0.276782
68.5528,0.0862023,0.276782
68.7817,0.0862022,0.276782
69.0105,0.0862025,0.276782
69.2394,0.0862024,0.276782
69.4682,0.0862022,0.276782
69.6971,0.0862025,0.276782
69.9259,0.0862024,0.276782
70.1548,0.0862023,0.276782
70.3836,0.0862022,0.276782
70.6125,0.0862025,0.276782
70.8413,0.0862023,0.276782
71.0702,0.0862022,0.276782
71.299,0.0862025,0.276782
71.5279,0.0862024,0.276782
71.7567,0.0862023,0.276782
71.9856,0.0862025,0.276782
72.2144,0.0862024,0.276782
72.4432,0.0862023,0.276782
72.6721,0.0862022,0.276782
72.9009,0.0862025,0.276782
73.1298,0.0862024,0.276782
73.3586,0.0862022,0.276782
73.5875,0.0862025,0.276782
73.8163,0.0862024,0.276782
74.0452,0.0862023,0.276782
74.274,0.0862022,0.276782
74.5029,0.0862024,0.276782
74.7317,0.0862023,0.276782
74.9606,0.0862022,0.276782
75.1894,0.0862025,0.276782
75.4183,0.0862024,0.276782
75.6471,0.0862023,0.276782
75.876,0.0862025,0.276782
76.1048,0.0862024,0.276782
76.3336,0.0862023,0.276782
76.5625,0.0862022,0.276782
76.7913,0.0862025,0.276782
77.0202,0.0862023,0.276782
77.249,0.0862022,0.276782
77.4779,0.0862025,0.276782
77.7067,0.0862024,0.276782
77.9356,0.0862023,0.276782
78.1644,0.0862026,0.276782
78.3933,0.0862024,0.276782
78.6221,0.0862023,0.276782
78.851,0.0862022,0.276782
79.0798,0.0862025,0.276782
79.3087,0.0862024,0.276782
79.5375,0.0862023,0.276782
79.7664,0.0862025,0.276782
79.9952,0.0862024,0.276782
80.224,0.0862023,0.276782
80.4529,0.0862022,0.276782
80.6817,0.0862025,0.276782
80.9106,0.0862023,0.276782
81.1394,0.0862022,0.276782
81.3683,0.0862025,0.276782
81.5971,0.0862024,0.276782
81.826,0.0862023,0.276782
82.0548,0.0862025,0.276782
82.2837,0.0862024,0.276782
82.5125,0.0862023,0.276782
82.7414,0.0862022,0.276782
82.9702,0.0862025,0.276782
83.1991,0.0862024,0.276782
83.4279,0.0862022,0.276782
83.6568,0.0862025,0.276782
83.8856,0.0862024,0.276782
84.1144,0.0862023,0.276782
84.3433,0.0862022,0.276782
84.5721,0.0862025,0.276782
84.801,0.0862023,0.276782
85.0298,0.0862022,0.276782
85.2587,0.0862025,0.276782
85.4875,0.0862024,0.276782
85.7164,0.0862023,0.276782
85.9452,0.0862025,0.276782
86.1741,0.0862024,0.276782
86.4029,0.0862023,0.276782
86.6318,0.0862022,0.276782
86.8606,0.0862025,0.276782
87.0895,0.0862024,0.276782
87.3183,0.0862022,0.276782
87.5472,0.0862025,0.276782
87.776,0.0862024,0.276782
88.0048,0.0862023,0.276782
88.2337,0.0862022,0.276782
88.4625,0.0862024,0.276782
88.6914,0.0862023,0.276782
88.9202,0.0862022,0.276782
89.1491,0.0862025,0.276782
89.3779,0.0862024,0.276782
89.6068,0.0862023,0.276782
89.8356,0.0862025,0.276782
90.0645,0.0862024,0.276782
90.2933,0.0862023,0.276782
90.5222,0.0862022,0.276782
90.751,0.0862025,0.276782
90.9799,0.0862023,0.276782
91.2087,0.0862022,0.276782
91.4376,0.0862025,0.276782
91.6664,0.0862024,0.276782
91.8952,0.0862023,0.276782
92.1241,0.0862026,0.276782
92.3529,0.0862024,0.276782
92.5818,0.0862023,0.276782
92.8106,0.0862022,0.276782
93.0395,0.0862025,0.276782
93.2683,0.0862024,0.276782
93.4972,0.0862023,0.276782
93.726,0.0862025,0.276782
93.9549,0.0862024,0.276782
94.1837,0.0862023,0.276782
94.4126,0.0862022,0.276782
94.6414,0.0862025,0.276782
94.8703,0.0862023,0.276782
95.0991,0.0862022,0.276782
95.328,0.0862025,0.276782
95.5568,0.0862024,0.276782
95.7856,0.0862023,0.276782
96.0145,0.0862025,0.276782
96.2433,0.0862024,0.276782
96.4722,0.0862023,0.276782
96.701,0.0862022,0.276782
96.9299,0.0862025,0.276782
97.1587,0.0862024,0.276782
97.3876,0.0862022,0.276782
97.6164,0.0862025,0.276782
97.8453,0.0862024,0.276782
98.0741,0.0862023,0.276782
98.303,0.0862022,0.276782
98.5318,0.0862024,0.276782
98.7607,0.0862023,0.276782
98.9895,0.0862022,0.276782
99.2184,0.0862025,0.276782
99.4472,0.0862024,0.276782
99.676,0.0862023,0.276782
99.9049,0.0862025,0.276782
