28.9179,-7.73169
28.9187,-7.72864
28.9195,-7.72559
28.9203,-7.72251
28.9211,-7.71946
28.9219,-7.7164
28.9227,-7.71335
28.9235,-7.71033
28.9242,-7.70728
28.925,-7.70423
28.9258,-7.70118
28.9266,-7.69812
28.9274,-7.69507
28.9282,-7.69202
28.929,-7.68897
28.9297,-7.68592
28.9305,-7.68286
28.9313,-7.67981
28.9321,-7.67676
28.9329,-7.6737
28.9337,-7.67065
28.9344,-7.6676
28.9352,-7.66454
28.936,-7.66149
28.9368,-7.65844
28.9376,-7.65539
28.9384,-7.65233
28.9391,-7.64928
28.9399,-7.64622
28.9407,-7.64317
28.9415,-7.64012
28.9423,-7.63706
28.943,-7.63401
28.9438,-7.63096
28.9446,-7.6279
28.9454,-7.62485
28.9462,-7.62179
28.9469,-7.61874
28.9477,-7.61568
28.9485,-7.61263
28.9493,-7.60957
28.9501,-7.60652
28.9508,-7.60347
28.9516,-7.60041
28.9524,-7.59736
28.9532,-7.5943
28.9539,-7.59125
28.9547,-7.58819
28.9555,-7.58514
28.9563,-7.58208
28.957,-7.57902
28.9578,-7.57597
28.9586,-7.57291
28.9594,-7.56986
28.9601,-7.5668
28.9609,-7.56375
28.9617,-7.56069
28.9624,-7.55763
28.9632,-7.55458
28.964,-7.55152
28.9648,-7.54847
28.9655,-7.54541
28.9663,-7.54235
28.9671,-7.5393
28.9678,-7.53624
28.9686,-7.53318
28.9694,-7.53013
28.9701,-7.52707
28.9709,-7.52401
28.9717,-7.52095
28.9724,-7.5179
28.9732,-7.51484
28.974,-7.51178
28.9747,-7.50873
28.9755,-7.50567
28.9763,-7.50261
28.977,-7.49955
28.9778,-7.4965
28.9786,-7.49344
28.9793,-7.49038
28.9801,-7.48732
28.9809,-7.48426
28.9816,-7.48121
28.9824,-7.47815
28.9832,-7.47509
28.9839,-7.47203
28.9847,-7.46897
28.9854,-7.46591
28.9862,-7.46285
28.987,-7.4598
28.9877,-7.45674
28.9885,-7.45368
28.9893,-7.45062
28.99,-7.44756
28.9908,-7.44447
28.9915,-7.44141
28.9923,-7.43835
28.9931,-7.43529
28.9938,-7.43223
28.9946,-7.42917
28.9953,-7.42611
28.9961,-7.42305
28.9968,-7.41999
28.9976,-7.41693
28.9984,-7.41387
28.9991,-7.41081
28.9999,-7.40775
29.0006,-7.40469
29.0014,-7.40163
29.0021,-7.39857
29.0029,-7.39551
29.0037,-7.39245
29.0044,-7.38939
29.0052,-7.38633
29.0059,-7.38327
29.0067,-7.38021
29.0074,-7.37715
29.0082,-7.37409
29.0089,-7.37103
29.0097,-7.36797
29.0104,-7.3649
29.0112,-7.36184
29.0119,-7.35878
29.0127,-7.35572
29.0134,-7.35266
29.0142,-7.3496
29.0149,-7.34653
29.0157,-7.34347
29.0164,-7.34041
29.0172,-7.33735
29.0179,-7.33429
29.0187,-7.33122
29.0194,-7.32816
29.0202,-7.3251
29.0209,-7.32204
29.0217,-7.31898
29.0224,-7.31591
29.0232,-7.31285
29.0239,-7.30979
29.0246,-7.30672
29.0254,-7.30366
29.0261,-7.3006
29.0269,-7.29754
29.0276,-7.29447
29.0284,-7.29141
29.0291,-7.28835
29.0299,-7.28528
29.0306,-7.28222
29.0313,-7.27916
29.0321,-7.27609
29.0328,-7.27303
29.0336,-7.26996
29.0343,-7.2669
29.0351,-7.26384
29.0358,-7.26077
29.0365,-7.25771
29.0373,-7.25464
29.038,-7.25158
29.0388,-7.24852
29.0395,-7.24545
29.0402,-7.24239
29.041,-7.23932
29.0417,-7.23626
29.0424,-7.23319
29.0432,-7.23013
29.0439,-7.22706
29.0447,-7.224
29.0454,-7.22093
29.0461,-7.21787
29.0469,-7.2148
29.0476,-7.21174
29.0483,-7.20867
29.0491,-7.20561
29.0498,-7.20254
29.0505,-7.19948
29.0513,-7.19641
29.052,-7.19334
29.0527,-7.19028
29.0535,-7.18721
29.0542,-7.18415
29.0549,-7.18108
29.0557,-7.17801
29.0564,-7.17495
29.0571,-7.17188
29.0579,-7.16882
29.0586,-7.16575
29.0593,-7.16268
29.0601,-7.15962
29.0608,-7.15655
29.0615,-7.15348
29.0622,-7.15042
29.063,-7.14735
29.0637,-7.14428
29.0644,-7.14121
29.0652,-7.13815
29.0659,-7.13508
29.0666,-7.13201
29.0673,-7.12895
29.0681,-7.12588
29.0688,-7.12281
29.0695,-7.11974
29.0702,-7.11668
29.071,-7.11361
29.0717,-7.11054
29.0724,-7.10747
29.0731,-7.1044
29.0739,-7.10134
29.0746,-7.09827
29.0753,-7.0952
29.076,-7.09213
29.0768,-7.08906
29.0775,-7.08599
29.0782,-7.08292
29.0789,-7.07986
29.0797,-7.07679
29.0804,-7.07372
29.0811,-7.07065
29.0818,-7.06758
29.0825,-7.06451
29.0833,-7.06144
29.084,-7.05837
29.0847,-7.0553
29.0854,-7.05223
29.0861,-7.04916
29.0869,-7.0461
29.0876,-7.04303
29.0883,-7.03996
29.089,-7.03689
29.0897,-7.03382
29.0904,-7.03075
29.0912,-7.02768
29.0919,-7.02461
29.0926,-7.02154
29.0933,-7.01847
29.094,-7.0154
29.0947,-7.01233
29.0954,-7.00926
29.0962,-7.00618
29.0969,-7.00311
29.0976,-7.00004
29.0983,-6.99697
29.099,-6.9939
29.0997,-6.99083
29.1004,-6.98776
29.1011,-6.98469
29.1019,-6.98162
29.1026,-6.97855
29.1033,-6.97547
29.104,-6.9724
29.1047,-6.96933
29.1054,-6.96626
29.1061,-6.96319
29.1068,-6.96012
29.1075,-6.95705
29.1082,-6.95397
29.109,-6.9509
29.1097,-6.94783
29.1104,-6.94476
29.1111,-6.94168
29.1118,-6.93861
29.1125,-6.93554
29.1132,-6.93247
29.1139,-6.9294
29.1146,-6.92635
29.1153,-6.92328
29.116,-6.92021
29.1167,-6.91714
29.1174,-6.91406
29.1181,-6.91099
29.1188,-6.90792
29.1195,-6.90484
29.1202,-6.90177
29.1209,-6.8987
29.1216,-6.89563
29.1223,-6.89255
29.123,-6.88948
29.1237,-6.8864
29.1245,-6.88333
29.1252,-6.88026
29.1259,-6.87718
29.1266,-6.87411
29.1273,-6.87104
29.128,-6.86796
29.1287,-6.86489
29.1293,-6.86181
29.13,-6.85874
29.1307,-6.85566
29.1314,-6.85259
29.1321,-6.84952
29.1328,-6.84644
29.1335,-6.84337
29.1342,-6.84029
29.1349,-6.83722
29.1356,-6.83414
29.1363,-6.83107
29.137,-6.82799
29.1377,-6.82492
29.1384,-6.82184
29.1391,-6.81877
29.1398,-6.81569
29.1405,-6.81262
29.1412,-6.80954
29.1419,-6.80647
29.1426,-6.80339
29.1433,-6.80031
29.144,-6.79724
29.1446,-6.79416
29.1453,-6.79109
29.146,-6.78801
29.1467,-6.78493
29.1474,-6.78186
29.1481,-6.77878
29.1488,-6.77571
29.1495,-6.77263
29.1502,-6.76955
29.1509,-6.76648
29.1515,-6.7634
29.1522,-6.76032
29.1529,-6.75725
29.1536,-6.75417
29.1543,-6.75109
29.155,-6.74802
29.1557,-6.74494
29.1564,-6.74186
29.157,-6.73879
29.1577,-6.73571
29.1584,-6.73263
29.1591,-6.72955
29.1598,-6.72648
29.1605,-6.7234
29.1612,-6.72032
29.1618,-6.71724
29.1625,-6.71417
29.1632,-6.71109
29.1639,-6.70801
29.1646,-6.70493
29.1653,-6.70185
29.1659,-6.69878
29.1666,-6.6957
29.1673,-6.69262
29.168,-6.68954
29.1687,-6.68646
29.1693,-6.68338
29.17,-6.68031
29.1707,-6.67723
29.1714,-6.67415
29.1721,-6.67107
29.1727,-6.66799
29.1734,-6.66491
29.1741,-6.66183
29.1748,-6.65875
29.1754,-6.65567
29.1761,-6.65259
29.1768,-6.64952
29.1775,-6.64644
29.1782,-6.64336
29.1788,-6.64028
29.1795,-6.6372
29.1802,-6.63412
29.1809,-6.63104
29.1815,-6.62796
29.1822,-6.62488
29.1829,-6.6218
29.1835,-6.61872
29.1842,-6.61564
29.1849,-6.61256
29.1856,-6.60948
29.1862,-6.6064
29.1869,-6.60332
29.1876,-6.60024
29.1883,-6.59716
29.1889,-6.59408
29.1896,-6.59099
29.1903,-6.58791
29.1909,-6.58483
29.1916,-6.58175
29.1923,-6.57867
29.1929,-6.57559
29.1936,-6.57251
29.1943,-6.56943
29.1949,-6.56635
29.1956,-6.56326
29.1963,-6.56018
29.1969,-6.5571
29.1976,-6.55402
29.1983,-6.55094
29.1989,-6.54786
29.1996,-6.54478
29.2003,-6.54169
29.2009,-6.53861
29.2016,-6.53553
29.2023,-6.53245
29.2029,-6.52936
29.2036,-6.52628
29.2043,-6.5232
29.2049,-6.52012
29.2056,-6.51704
29.2063,-6.51395
29.2069,-6.51087
29.2076,-6.50779
29.2082,-6.50471
29.2089,-6.50162
29.2096,-6.49854
29.2102,-6.49546
29.2109,-6.49237
29.2115,-6.48929
29.2122,-6.48621
29.2129,-6.48312
29.2135,-6.48004
29.2142,-6.47696
29.2148,-6.47387
29.2155,-6.47079
29.2162,-6.46771
29.2168,-6.46462
29.2175,-6.46154
29.2181,-6.45846
29.2188,-6.45537
29.2194,-6.45229
29.2201,-6.4492
29.2207,-6.44612
29.2214,-6.44304
29.2221,-6.43995
29.2227,-6.43687
29.2234,-6.43378
29.224,-6.4307
29.2247,-6.42761
29.2253,-6.42453
29.226,-6.42144
29.2266,-6.41836
29.2273,-6.41528
29.2279,-6.41219
29.2286,-6.40911
29.2292,-6.40602
29.2299,-6.40293
29.2305,-6.39985
29.2312,-6.39676
29.2318,-6.39368
29.2325,-6.39059
29.2331,-6.38751
29.2338,-6.38442
29.2344,-6.38134
29.2351,-6.37825
29.2357,-6.37517
29.2364,-6.37208
29.237,-6.36899
29.2377,-6.36591
29.2383,-6.36282
29.239,-6.35974
29.2396,-6.35665
29.2403,-6.35356
29.2409,-6.35048
29.2415,-6.34739
29.2422,-6.3443
29.2428,-6.34122
29.2435,-6.33813
29.2441,-6.33504
29.2448,-6.33196
29.2454,-6.32887
29.2461,-6.32578
29.2467,-6.3227
29.2473,-6.31961
29.248,-6.31652
29.2486,-6.31344
29.2493,-6.31035
29.2499,-6.30726
29.2505,-6.30418
29.2512,-6.30109
29.2518,-6.298
29.2525,-6.29491
29.2531,-6.29182
29.2537,-6.28874
29.2544,-6.28565
29.255,-6.28256
29.2557,-6.27947
29.2563,-6.27639
29.2569,-6.2733
29.2576,-6.27021
29.2582,-6.26712
29.2588,-6.26403
29.2595,-6.26094
29.2601,-6.25786
29.2607,-6.25477
29.2614,-6.25168
29.262,-6.24859
29.2627,-6.2455
29.2633,-6.24241
29.2639,-6.23932
29.2646,-6.23624
29.2652,-6.23315
29.2658,-6.23006
29.2665,-6.22697
29.2671,-6.22388
29.2677,-6.22079
29.2683,-6.2177
29.269,-6.21461
29.2696,-6.21152
29.2702,-6.20843
29.2709,-6.20534
29.2715,-6.20225
29.2721,-6.19916
29.2728,-6.19607
29.2734,-6.19298
29.274,-6.18989
29.2746,-6.1868
29.2753,-6.18371
29.2759,-6.18062
29.2765,-6.17753
29.2772,-6.17444
29.2778,-6.17135
29.2784,-6.16826
29.279,-6.16517
29.2797,-6.16208
29.2803,-6.15899
29.2809,-6.1559
29.2815,-6.15281
29.2822,-6.14972
29.2828,-6.14663
29.2834,-6.14354
29.284,-6.14045
29.2846,-6.13736
29.2853,-6.13426
29.2859,-6.13117
29.2865,-6.12808
29.2871,-6.12499
29.2878,-6.1219
29.2884,-6.11881
29.289,-6.11572
29.2896,-6.11262
29.2902,-6.10953
29.2909,-6.10644
29.2915,-6.10335
29.2921,-6.10026
29.2927,-6.09717
29.2933,-6.09407
29.294,-6.09098
29.2946,-6.08789
29.2952,-6.0848
29.2958,-6.0817
29.2964,-6.07861
29.297,-6.07552
29.2977,-6.07243
29.2983,-6.06934
29.2989,-6.06624
29.2995,-6.06315
29.3001,-6.06006
29.3007,-6.05696
29.3013,-6.05387
29.302,-6.05078
29.3026,-6.04769
29.3032,-6.04459
29.3038,-6.0415
29.3044,-6.03841
29.305,-6.03531
29.3056,-6.03222
29.3062,-6.02913
29.3069,-6.02603
29.3075,-6.02294
29.3081,-6.01985
29.3087,-6.01675
29.3093,-6.01366
29.3099,-6.01056
29.3105,-6.00747
29.3111,-6.00438
29.3117,-6.00128
29.3123,-5.99819
29.313,-5.99509
29.3136,-5.992
29.3142,-5.98891
29.3148,-5.98581
29.3154,-5.98272
29.316,-5.97962
29.3166,-5.97653
29.3172,-5.97343
29.3178,-5.97034
29.3184,-5.96724
29.319,-5.96415
29.3196,-5.96105
29.3202,-5.95796
29.3208,-5.95486
29.3214,-5.95177
29.322,-5.94867
29.3226,-5.94558
29.3232,-5.94248
29.3238,-5.93939
29.3244,-5.93629
29.325,-5.9332
29.3257,-5.9301
29.3263,-5.92701
29.3269,-5.92391
29.3275,-5.92081
29.3281,-5.91772
29.3287,-5.91462
29.3293,-5.91153
29.3299,-5.90843
29.3304,-5.90534
29.331,-5.90224
29.3316,-5.89914
29.3322,-5.89605
29.3328,-5.89295
29.3334,-5.88985
29.334,-5.88676
29.3346,-5.88366
29.3352,-5.88056
29.3358,-5.87747
29.3364,-5.87437
29.337,-5.87127
29.3376,-5.86818
29.3382,-5.86508
29.3388,-5.86198
29.3394,-5.85889
29.34,-5.85579
29.3406,-5.85269
29.3412,-5.8496
29.3418,-5.8465
29.3424,-5.8434
29.3429,-5.8403
29.3435,-5.83721
29.3441,-5.83411
29.3447,-5.83101
29.3453,-5.82791
29.3459,-5.82481
29.3465,-5.82172
29.3471,-5.81862
29.3477,-5.81552
29.3483,-5.81242
29.3488,-5.80932
29.3494,-5.80623
29.35,-5.80313
29.3506,-5.80003
29.3512,-5.79693
29.3518,-5.79383
29.3524,-5.79074
29.353,-5.78764
29.3535,-5.78454
29.3541,-5.78144
29.3547,-5.77834
29.3553,-5.77524
29.3559,-5.77214
29.3565,-5.76904
29.3571,-5.76595
29.3576,-5.76285
29.3582,-5.75975
29.3588,-5.75665
29.3594,-5.75355
29.36,-5.75045
29.3606,-5.74735
29.3611,-5.74425
29.3617,-5.74115
29.3623,-5.73805
29.3629,-5.73495
29.3635,-5.73185
29.364,-5.72875
29.3646,-5.72565
29.3652,-5.72255
29.3658,-5.71945
29.3664,-5.71635
29.3669,-5.71325
29.3675,-5.71015
29.3681,-5.70705
29.3687,-5.70395
29.3692,-5.70085
29.3698,-5.69775
29.3704,-5.69465
29.371,-5.69155
29.3715,-5.68845
29.3721,-5.68535
29.3727,-5.68225
29.3733,-5.67915
29.3738,-5.67605
29.3744,-5.67295
29.375,-5.66985
29.3756,-5.66675
29.3761,-5.66364
29.3767,-5.66054
29.3773,-5.65744
29.3779,-5.65434
29.3784,-5.65124
29.379,-5.64814
29.3796,-5.64504
29.3801,-5.64193
29.3807,-5.63883
29.3813,-5.63573
29.3819,-5.63263
29.3824,-5.62953
29.383,-5.62643
29.3836,-5.62332
29.3841,-5.62022
29.3847,-5.61712
29.3853,-5.61402
29.3858,-5.61092
29.3864,-5.60781
29.387,-5.60471
29.3875,-5.60161
29.3881,-5.59851
29.3887,-5.59541
29.3892,-5.5923
29.3898,-5.5892
29.3904,-5.5861
29.3909,-5.58299
29.3915,-5.57989
29.3921,-5.57679
29.3926,-5.57369
29.3932,-5.57058
29.3938,-5.56748
29.3943,-5.56438
29.3949,-5.56127
29.3954,-5.55817
29.396,-5.55507
29.3966,-5.55196
29.3971,-5.54886
29.3977,-5.54576
29.3982,-5.54265
29.3988,-5.53955
29.3994,-5.53645
29.3999,-5.53334
29.4005,-5.53024
29.401,-5.52714
29.4016,-5.52403
29.4022,-5.52093
29.4027,-5.51782
29.4033,-5.51472
29.4038,-5.51162
29.4044,-5.50851
29.405,-5.50541
29.4055,-5.5023
29.4061,-5.4992
29.4066,-5.49609
29.4072,-5.49299
29.4077,-5.48989
29.4083,-5.48678
29.4088,-5.48368
29.4094,-5.48057
29.4099,-5.47747
29.4105,-5.47436
29.4111,-5.47126
29.4116,-5.46815
29.4122,-5.46505
29.4127,-5.46194
29.4133,-5.45884
29.4138,-5.45573
29.4144,-5.45263
29.4149,-5.44952
29.4155,-5.44642
29.416,-5.44331
29.4166,-5.44021
29.4171,-5.4371
29.4177,-5.43399
29.4182,-5.43089
29.4188,-5.42778
29.4193,-5.42468
29.4199,-5.42157
29.4204,-5.41847
29.421,-5.41536
29.4215,-5.41225
29.422,-5.40915
29.4226,-5.40604
29.4231,-5.40293
29.4237,-5.39983
29.4242,-5.39672
29.4248,-5.39362
29.4253,-5.39051
29.4259,-5.3874
29.4264,-5.3843
29.427,-5.38119
29.4275,-5.37808
29.428,-5.37498
29.4286,-5.37187
29.4291,-5.36876
29.4297,-5.36566
29.4302,-5.36255
29.4307,-5.35944
29.4313,-5.35633
29.4318,-5.35323
29.4324,-5.35012
29.4329,-5.34701
29.4335,-5.34391
29.434,-5.3408
29.4345,-5.33769
29.4351,-5.33458
29.4356,-5.33148
29.4361,-5.32837
29.4367,-5.32526
29.4372,-5.32215
29.4378,-5.31904
29.4383,-5.31594
29.4388,-5.31283
29.4394,-5.30972
29.4399,-5.30661
29.4404,-5.30351
29.441,-5.3004
29.4415,-5.29729
29.442,-5.29418
29.4426,-5.29107
29.4431,-5.28796
29.4436,-5.28486
29.4442,-5.28175
29.4447,-5.27864
29.4452,-5.27553
29.4458,-5.27242
29.4463,-5.26931
29.4468,-5.2662
29.4474,-5.26309
29.4479,-5.25999
29.4484,-5.25688
29.449,-5.25377
29.4495,-5.25066
29.45,-5.24755
29.4506,-5.24444
29.4511,-5.24133
29.4516,-5.23822
29.4521,-5.23511
29.4527,-5.232
29.4532,-5.22889
29.4537,-5.22578
29.4542,-5.22267
29.4548,-5.21956
29.4553,-5.21645
29.4558,-5.21335
29.4564,-5.21023
29.4569,-5.20712
29.4574,-5.20401
29.4579,-5.20091
29.4585,-5.1978
29.459,-5.19469
29.4595,-5.19157
29.46,-5.18846
29.4605,-5.18535
29.4611,-5.18224
29.4616,-5.17913
29.4621,-5.17602
29.4626,-5.17291
29.4632,-5.1698
29.4637,-5.16669
29.4642,-5.16358
29.4647,-5.16047
29.4652,-5.15736
29.4658,-5.15425
29.4663,-5.15114
29.4668,-5.14803
29.4673,-5.14492
29.4678,-5.1418
29.4684,-5.13869
29.4689,-5.13558
29.4694,-5.13247
29.4699,-5.12936
29.4704,-5.12625
29.4709,-5.12314
29.4715,-5.12002
29.472,-5.11691
29.4725,-5.1138
29.473,-5.11069
29.4735,-5.10758
29.474,-5.10447
29.4745,-5.10135
29.4751,-5.09824
29.4756,-5.09513
29.4761,-5.09202
29.4766,-5.08891
29.4771,-5.08579
29.4776,-5.08268
29.4781,-5.07957
29.4787,-5.07646
29.4792,-5.07335
29.4797,-5.07023
29.4802,-5.06712
29.4807,-5.06401
29.4812,-5.06089
29.4817,-5.05778
29.4822,-5.05467
29.4827,-5.05156
29.4832,-5.04844
29.4837,-5.04533
29.4843,-5.04222
29.4848,-5.03911
29.4853,-5.03599
29.4858,-5.03288
29.4863,-5.02977
29.4868,-5.02665
29.4873,-5.02354
29.4878,-5.02043
29.4883,-5.01731
29.4888,-5.0142
29.4893,-5.01109
29.4898,-5.00797
29.4903,-5.00486
29.4908,-5.00175
29.4913,-4.99863
29.4918,-4.99552
29.4923,-4.9924
29.4928,-4.98929
29.4933,-4.98618
29.4938,-4.98306
29.4944,-4.97995
29.4949,-4.97683
29.4954,-4.97372
29.4959,-4.97061
29.4964,-4.96749
29.4969,-4.96438
29.4974,-4.96126
29.4979,-4.95815
29.4984,-4.95503
29.4989,-4.95192
29.4993,-4.94881
29.4998,-4.94569
29.5003,-4.94258
29.5008,-4.93946
29.5013,-4.93635
29.5018,-4.93323
29.5023,-4.93012
29.5028,-4.927
29.5033,-4.92389
29.5038,-4.92077
29.5043,-4.91766
29.5048,-4.91454
29.5053,-4.91143
29.5058,-4.90831
29.5063,-4.9052
29.5068,-4.90208
29.5073,-4.89896
29.5078,-4.89585
29.5083,-4.89273
29.5088,-4.88962
29.5092,-4.8865
29.5097,-4.88339
29.5102,-4.88027
29.5107,-4.87715
29.5112,-4.87404
29.5117,-4.87092
29.5122,-4.86781
29.5127,-4.86469
29.5132,-4.86158
29.5137,-4.85846
29.5141,-4.85534
29.5146,-4.85223
29.5151,-4.84911
29.5156,-4.84599
29.5161,-4.84288
29.5166,-4.83976
29.5171,-4.83664
29.5176,-4.83353
29.518,-4.83041
29.5185,-4.82729
29.519,-4.82418
29.5195,-4.82106
29.52,-4.81794
29.5205,-4.81483
29.521,-4.81171
29.5214,-4.80859
29.5219,-4.80548
29.5224,-4.80236
29.5229,-4.79924
29.5234,-4.79613
29.5238,-4.79301
29.5243,-4.78989
29.5248,-4.78677
29.5253,-4.78366
29.5258,-4.78054
29.5263,-4.77742
29.5267,-4.7743
29.5272,-4.77119
29.5277,-4.76807
29.5282,-4.76495
29.5286,-4.76183
29.5291,-4.75871
29.5296,-4.7556
29.5301,-4.75248
29.5306,-4.74936
29.531,-4.74624
29.5315,-4.74312
29.532,-4.74001
29.5325,-4.73689
29.5329,-4.73377
29.5334,-4.73065
29.5339,-4.72753
29.5344,-4.72441
29.5348,-4.7213
29.5353,-4.71818
29.5358,-4.71506
29.5363,-4.71194
29.5367,-4.70882
29.5372,-4.7057
29.5377,-4.70258
29.5382,-4.69947
29.5386,-4.69635
29.5391,-4.69323
29.5396,-4.69011
29.54,-4.68699
29.5405,-4.68387
29.541,-4.68075
29.5414,-4.67763
29.5419,-4.67451
29.5424,-4.67139
29.5429,-4.66827
29.5433,-4.66515
29.5438,-4.66203
29.5443,-4.65891
29.5447,-4.6558
29.5452,-4.65268
29.5457,-4.64956
29.5461,-4.64644
29.5466,-4.64332
29.5471,-4.6402
29.5475,-4.63708
29.548,-4.63396
29.5485,-4.63084
29.5489,-4.62772
29.5494,-4.6246
29.5499,-4.62148
29.5503,-4.61836
29.5508,-4.61524
29.5512,-4.61212
29.5517,-4.609
29.5522,-4.60588
29.5526,-4.60275
29.5531,-4.59963
29.5536,-4.59651
29.554,-4.59339
29.5545,-4.59027
29.5549,-4.58715
29.5554,-4.58403
29.5559,-4.58091
29.5563,-4.57779
29.5568,-4.57467
29.5572,-4.57155
29.5577,-4.56843
29.5581,-4.56531
29.5586,-4.56218
29.5591,-4.55906
29.5595,-4.55594
29.56,-4.55282
29.5604,-4.5497
29.5609,-4.54658
29.5613,-4.54346
29.5618,-4.54034
29.5623,-4.53721
29.5627,-4.53409
29.5632,-4.53097
29.5636,-4.52785
29.5641,-4.52473
29.5645,-4.52161
29.565,-4.51848
29.5654,-4.51536
29.5659,-4.51224
29.5663,-4.50912
29.5668,-4.506
29.5672,-4.50287
29.5677,-4.49975
29.5681,-4.49663
29.5686,-4.49351
29.569,-4.49039
29.5695,-4.48726
29.5699,-4.48414
29.5704,-4.48102
29.5708,-4.4779
29.5713,-4.47477
29.5717,-4.47165
29.5722,-4.46853
29.5726,-4.46541
29.5731,-4.46228
29.5735,-4.45916
29.574,-4.45604
29.5744,-4.45291
29.5749,-4.44979
29.5753,-4.44667
29.5758,-4.44355
29.5762,-4.44042
29.5766,-4.4373
29.5771,-4.43418
29.5775,-4.43105
29.578,-4.42793
29.5784,-4.42481
29.5789,-4.42168
29.5793,-4.41856
29.5797,-4.41544
29.5802,-4.41231
29.5806,-4.40919
29.5811,-4.40607
29.5815,-4.40294
29.582,-4.39982
29.5824,-4.39669
29.5828,-4.39357
29.5833,-4.39045
29.5837,-4.38732
29.5842,-4.3842
29.5846,-4.38108
29.585,-4.37795
29.5855,-4.37483
29.5859,-4.3717
29.5863,-4.36858
29.5868,-4.36545
29.5872,-4.36233
29.5877,-4.35921
29.5881,-4.35608
29.5885,-4.35296
