1.53354,-9.93771
1.53875,-9.93688
1.54395,-9.93604
1.54921,-9.93519
1.55442,-9.93434
1.55962,-9.9335
1.56482,-9.93265
1.56997,-9.93181
1.57518,-9.93095
1.58038,-9.9301
1.58558,-9.92924
1.59078,-9.92837
1.59598,-9.92751
1.60119,-9.92664
1.60639,-9.92577
1.61159,-9.92489
1.61679,-9.92401
1.62199,-9.92313
1.62718,-9.92225
1.63238,-9.92136
1.63758,-9.92047
1.64277,-9.91958
1.64797,-9.91868
1.65317,-9.91778
1.65836,-9.91688
1.66356,-9.91598
1.66875,-9.91507
1.67395,-9.91416
1.67914,-9.91325
1.68433,-9.91234
1.68953,-9.91142
1.69472,-9.9105
1.69991,-9.90957
1.7051,-9.90864
1.71029,-9.90771
1.71548,-9.90678
1.72067,-9.90584
1.72586,-9.90491
1.73105,-9.90396
1.73623,-9.90302
1.74142,-9.90207
1.74661,-9.90112
1.7518,-9.90017
1.75698,-9.89922
1.76217,-9.89826
1.76735,-9.8973
1.77254,-9.89633
1.77772,-9.89536
1.78291,-9.89439
1.78809,-9.89342
1.79327,-9.89244
1.79845,-9.89146
1.80363,-9.89048
1.80881,-9.88949
1.81399,-9.88851
1.81917,-9.88752
1.82435,-9.88652
1.82953,-9.88553
1.83471,-9.88453
1.83989,-9.88353
1.84506,-9.88252
1.85024,-9.88152
1.85542,-9.8805
1.86059,-9.87949
1.86577,-9.87847
1.87094,-9.87745
1.87612,-9.87643
1.88129,-9.87541
1.88646,-9.87438
1.89163,-9.87335
1.8968,-9.87231
1.90197,-9.87128
1.90714,-9.87024
1.91231,-9.8692
1.91748,-9.86815
1.92265,-9.8671
1.92782,-9.86605
1.93299,-9.865
1.93816,-9.86394
1.94332,-9.86288
1.94849,-9.86182
1.95366,-9.86075
1.95882,-9.85968
1.96398,-9.85861
1.96915,-9.85754
1.97431,-9.85646
1.97947,-9.85538
1.98463,-9.8543
1.98979,-9.85321
1.99495,-9.85212
2.00011,-9.85103
2.00527,-9.84994
2.01043,-9.84884
2.01559,-9.84774
2.02081,-9.84663
2.02596,-9.84552
2.03112,-9.84441
2.03628,-9.8433
2.04143,-9.84219
2.04658,-9.84107
2.05174,-9.83995
2.05689,-9.83882
2.06204,-9.8377
2.0672,-9.83657
2.07235,-9.83544
2.0775,-9.83431
2.08265,-9.83317
2.0878,-9.83203
2.09295,-9.83089
2.0981,-9.82974
2.10325,-9.82859
2.1084,-9.82744
2.11354,-9.82628
2.11869,-9.82513
2.12383,-9.82397
2.12898,-9.8228
2.13412,-9.82164
2.13927,-9.82047
2.14441,-9.8193
2.14955,-9.81812
2.15469,-9.81694
2.15983,-9.81576
2.16497,-9.81458
2.17011,-9.8134
2.17525,-9.81221
2.18039,-9.81102
2.18553,-9.80982
2.19067,-9.80862
2.19581,-9.80742
2.20094,-9.80622
2.20608,-9.80501
2.21121,-9.8038
2.21635,-9.80259
2.22148,-9.80137
2.22661,-9.80016
2.23174,-9.79894
2.23687,-9.79771
2.242,-9.79649
2.24714,-9.79526
2.25227,-9.79403
2.2574,-9.79279
2.26252,-9.79156
2.26765,-9.79032
2.27278,-9.78907
2.27791,-9.78782
2.28303,-9.78658
2.28816,-9.78532
2.29328,-9.78407
2.2984,-9.78281
2.30352,-9.78155
2.30865,-9.78029
2.31377,-9.77902
2.31889,-9.77775
2.32401,-9.77648
2.32913,-9.77521
2.33425,-9.77393
2.33937,-9.77265
2.34448,-9.77137
2.3496,-9.77008
2.35472,-9.76879
2.35983,-9.7675
2.36495,-9.7662
2.37006,-9.7649
2.37517,-9.7636
2.38029,-9.7623
2.3854,-9.76099
2.39051,-9.75968
2.39562,-9.75837
2.40073,-9.75706
2.40584,-9.75574
2.41095,-9.75442
2.41605,-9.7531
2.42116,-9.75177
2.42627,-9.75044
2.43138,-9.74911
2.43648,-9.74778
2.44158,-9.74644
2.44669,-9.7451
2.45179,-9.74375
2.45689,-9.74241
2.46199,-9.74106
2.46709,-9.73971
2.47219,-9.73835
2.47729,-9.73699
2.48239,-9.73563
2.48749,-9.73427
2.49258,-9.73291
2.49768,-9.73154
2.50278,-9.73017
2.50787,-9.72879
2.51297,-9.72741
2.51806,-9.72603
2.52315,-9.72465
2.52824,-9.72326
2.53333,-9.72187
2.53842,-9.72048
2.54351,-9.71909
2.5486,-9.71769
2.55369,-9.71629
2.55877,-9.71489
2.56386,-9.71348
2.56895,-9.71207
2.57403,-9.71066
2.57912,-9.70925
2.5842,-9.70783
2.58928,-9.70641
2.59437,-9.70499
2.59945,-9.70356
2.60453,-9.70213
2.60961,-9.7007
2.61469,-9.69927
2.61976,-9.69783
2.62484,-9.69639
2.62992,-9.69495
2.63499,-9.6935
2.64007,-9.69205
2.64514,-9.6906
2.65021,-9.68915
2.65529,-9.68769
2.66036,-9.68623
2.66543,-9.68477
2.6705,-9.68331
2.67557,-9.68184
2.68064,-9.68037
2.68571,-9.67889
2.69078,-9.67741
2.69584,-9.67593
2.70091,-9.67445
2.70597,-9.67297
2.71104,-9.67148
2.7161,-9.66999
2.72116,-9.66849
2.72622,-9.667
2.73128,-9.6655
2.73634,-9.664
2.7414,-9.66249
2.74646,-9.66099
2.75152,-9.65947
2.75658,-9.65796
2.76163,-9.65644
2.76669,-9.65492
2.77174,-9.6534
2.7768,-9.65188
2.78185,-9.65035
2.7869,-9.64882
2.79195,-9.64728
2.797,-9.64575
2.80205,-9.64421
2.8071,-9.64267
2.81215,-9.64113
2.81719,-9.63958
2.82224,-9.63803
2.82729,-9.63648
2.83233,-9.63492
2.83738,-9.63336
2.84242,-9.6318
2.84746,-9.63023
2.8525,-9.62867
2.85754,-9.6271
2.86258,-9.62552
2.86762,-9.62395
2.87266,-9.62237
2.87769,-9.62079
2.88268,-9.61922
2.88771,-9.61763
2.89275,-9.61605
2.89778,-9.61445
2.90281,-9.61286
2.90785,-9.61126
2.91288,-9.60966
2.91791,-9.60805
2.92294,-9.60645
2.92797,-9.60484
2.93299,-9.60323
2.93802,-9.60161
2.94304,-9.59999
2.94807,-9.59837
2.95309,-9.59675
2.95811,-9.59512
2.96314,-9.59349
2.96816,-9.59186
2.97318,-9.59023
2.9782,-9.58859
2.98322,-9.58695
2.98824,-9.58531
2.99326,-9.58366
2.99827,-9.58201
3.00329,-9.58036
3.0083,-9.57871
3.01332,-9.57705
3.01833,-9.57539
3.02334,-9.57372
3.02835,-9.57206
3.03336,-9.57039
3.03837,-9.56872
3.04338,-9.56705
3.04838,-9.56537
3.05339,-9.56369
3.0584,-9.56201
3.0634,-9.56032
3.06841,-9.55864
3.07341,-9.55695
3.07841,-9.55525
3.08341,-9.55355
3.08841,-9.55185
3.09341,-9.55015
3.09841,-9.54845
3.10341,-9.54674
3.1084,-9.54503
3.1134,-9.54332
3.11839,-9.5416
3.12338,-9.53988
3.12838,-9.53816
3.13337,-9.53644
3.13836,-9.53471
3.14335,-9.53298
3.14834,-9.53125
3.15333,-9.52951
3.15832,-9.52777
3.1633,-9.52603
3.16829,-9.52429
3.17327,-9.52254
3.17826,-9.52079
3.18324,-9.51904
3.18822,-9.51728
3.1932,-9.51552
3.19818,-9.51376
3.20316,-9.512
3.20814,-9.51024
3.21311,-9.50847
3.21809,-9.5067
3.22307,-9.50492
3.22804,-9.50314
3.23301,-9.50136
3.23799,-9.49958
3.24296,-9.49779
3.24793,-9.496
3.2529,-9.49421
3.25787,-9.49242
3.26283,-9.49062
3.2678,-9.48882
3.27276,-9.48702
3.27773,-9.48521
3.28269,-9.48341
3.28765,-9.4816
3.29262,-9.47978
3.29758,-9.47797
3.30254,-9.47615
3.3075,-9.47433
3.31245,-9.4725
3.31741,-9.47067
3.32237,-9.46884
3.32732,-9.46701
3.33228,-9.46517
3.33723,-9.46333
3.34218,-9.46149
3.34713,-9.45965
3.35208,-9.4578
3.35703,-9.45595
3.36197,-9.4541
3.36692,-9.45225
3.37187,-9.45039
3.37681,-9.44853
3.38176,-9.44666
3.3867,-9.4448
3.39165,-9.44293
3.39659,-9.44105
3.40153,-9.43918
3.40647,-9.4373
3.4114,-9.43542
3.41634,-9.43354
3.42127,-9.43165
3.42621,-9.42976
3.43114,-9.42787
3.43607,-9.42598
3.44101,-9.42408
3.44594,-9.42218
3.45087,-9.42028
3.4558,-9.41838
3.46073,-9.41647
3.46565,-9.41456
3.47058,-9.41264
3.4755,-9.41073
3.48043,-9.40881
3.48535,-9.40688
3.49027,-9.40496
3.49519,-9.40303
3.50011,-9.4011
3.50503,-9.39917
3.50995,-9.39723
3.51486,-9.3953
3.51978,-9.39336
3.52469,-9.39141
3.52961,-9.38947
3.53452,-9.38752
3.53943,-9.38556
3.54434,-9.38361
3.54925,-9.38165
3.55416,-9.37969
3.55907,-9.37773
3.56397,-9.37576
3.56888,-9.37379
3.57378,-9.37182
3.57868,-9.36984
3.58358,-9.36787
3.58849,-9.36589
3.59338,-9.36391
3.59828,-9.36192
3.60318,-9.35993
3.60808,-9.35794
3.61297,-9.35595
3.61787,-9.35395
3.62276,-9.35196
3.62766,-9.34995
3.63255,-9.34795
3.63744,-9.34594
3.64233,-9.34393
3.64721,-9.34192
3.6521,-9.3399
3.65699,-9.33788
3.66187,-9.33586
3.66675,-9.33384
3.67164,-9.33181
3.67652,-9.32978
3.6814,-9.32775
3.68628,-9.32572
3.69116,-9.32368
3.69604,-9.32164
3.70091,-9.3196
3.70579,-9.31755
3.71066,-9.3155
3.71553,-9.31345
3.72041,-9.3114
3.72528,-9.30934
3.73014,-9.30728
3.73501,-9.30522
3.73988,-9.30315
3.74474,-9.30109
3.74961,-9.29902
3.75447,-9.29694
3.75934,-9.29487
3.7642,-9.29279
3.76906,-9.29071
3.77392,-9.28862
3.77878,-9.28654
3.78364,-9.28445
3.78849,-9.28235
3.79335,-9.28026
3.7982,-9.27816
3.80306,-9.27606
3.80791,-9.27396
3.81276,-9.27185
3.8176,-9.26974
3.82245,-9.26763
3.8273,-9.26552
3.83215,-9.2634
3.83699,-9.26128
3.84184,-9.25916
3.84668,-9.25704
3.85152,-9.25491
3.85636,-9.25278
3.8612,-9.25064
3.86604,-9.24851
3.87088,-9.24637
3.87571,-9.24423
3.88055,-9.24208
3.88538,-9.23993
3.89021,-9.23779
3.89504,-9.23563
3.89987,-9.23348
3.9047,-9.23132
3.90953,-9.22916
3.91436,-9.227
3.91918,-9.22483
3.92401,-9.22267
3.92883,-9.22049
3.93365,-9.21832
3.93847,-9.21614
3.94329,-9.21396
3.94811,-9.21178
3.95293,-9.20959
3.95775,-9.20741
3.96256,-9.20522
3.96737,-9.20302
3.97219,-9.20083
3.977,-9.19863
3.98181,-9.19643
3.98662,-9.19423
3.99142,-9.19202
3.99623,-9.18981
4.00104,-9.1876
4.00584,-9.18538
4.01065,-9.18317
4.01545,-9.18095
4.02025,-9.17872
4.02505,-9.1765
4.02985,-9.17427
4.03464,-9.17204
4.03944,-9.1698
4.04423,-9.16757
4.04903,-9.16533
4.05382,-9.16309
4.05861,-9.16084
4.0634,-9.1586
4.06819,-9.15635
4.07298,-9.15409
4.07777,-9.15184
4.08255,-9.14958
4.08734,-9.14732
4.09212,-9.14506
4.0969,-9.14279
4.10168,-9.14052
4.10646,-9.13825
4.11124,-9.13597
4.11601,-9.1337
4.12079,-9.13142
4.12556,-9.12914
4.13034,-9.12685
4.13511,-9.12456
4.13988,-9.12227
4.14465,-9.11998
4.14942,-9.11769
4.15419,-9.11539
4.15895,-9.11309
4.16372,-9.11078
4.16848,-9.10848
4.17324,-9.10617
4.178,-9.10385
4.18276,-9.10154
4.18752,-9.09922
4.19228,-9.0969
4.19703,-9.09458
4.20179,-9.09225
4.20654,-9.08993
4.21129,-9.0876
4.21604,-9.08526
4.22079,-9.08293
4.22554,-9.08059
4.23029,-9.07825
4.23504,-9.0759
4.23978,-9.07356
4.24453,-9.07121
4.24927,-9.06885
4.25401,-9.0665
4.25875,-9.06414
4.26349,-9.06178
4.26822,-9.05942
4.27296,-9.05705
4.27769,-9.05468
4.28242,-9.05231
4.28716,-9.04994
4.29189,-9.04757
4.29662,-9.04519
4.30135,-9.04281
4.30607,-9.04042
4.3108,-9.03803
4.31552,-9.03564
4.32025,-9.03325
4.32497,-9.03086
4.32969,-9.02846
4.33441,-9.02606
4.33913,-9.02365
4.34384,-9.02125
4.34856,-9.01884
4.35327,-9.01643
4.35798,-9.01402
4.36269,-9.0116
4.36741,-9.00918
4.37212,-9.00676
4.37682,-9.00434
4.38153,-9.00191
4.38624,-8.99948
4.39094,-8.99705
4.39564,-8.99461
4.40034,-8.99217
4.40504,-8.98973
4.40974,-8.98729
4.41444,-8.98484
4.41913,-8.9824
4.42383,-8.97995
4.42852,-8.97749
4.43321,-8.97504
4.4379,-8.97258
4.44259,-8.97012
4.44728,-8.96765
4.45197,-8.96519
4.45666,-8.96272
4.46134,-8.96025
4.46602,-8.95777
4.47071,-8.95529
4.47539,-8.95281
4.48006,-8.95033
4.48474,-8.94784
4.48942,-8.94535
4.49409,-8.94286
4.49876,-8.94037
4.50343,-8.93787
4.50811,-8.93538
4.51277,-8.93288
4.51744,-8.93037
4.52211,-8.92787
4.52678,-8.92536
4.53144,-8.92285
4.53611,-8.92033
4.54077,-8.91781
4.54543,-8.91529
4.55009,-8.91277
4.55474,-8.91024
4.5594,-8.90772
4.56405,-8.90519
4.56871,-8.90265
4.57336,-8.90012
4.57801,-8.89758
4.58266,-8.89504
4.5873,-8.8925
4.59195,-8.88995
4.5966,-8.8874
4.60124,-8.88485
4.60588,-8.8823
4.61053,-8.87974
4.61517,-8.87718
4.6198,-8.87462
4.62444,-8.87205
4.62908,-8.86949
4.63371,-8.86692
4.63834,-8.86434
4.64297,-8.86177
4.6476,-8.85919
4.65223,-8.85661
4.65686,-8.85403
4.66148,-8.85144
4.66611,-8.84886
4.67073,-8.84627
4.67536,-8.84367
4.67998,-8.84108
4.6846,-8.83848
4.68921,-8.83587
4.69383,-8.83327
4.69845,-8.83066
4.70306,-8.82805
4.70767,-8.82544
4.71228,-8.82283
4.71689,-8.82021
4.7215,-8.81759
4.7261,-8.81497
4.73071,-8.81234
4.73531,-8.80972
4.73991,-8.80709
4.74451,-8.80446
4.74911,-8.80182
4.75371,-8.79918
4.75831,-8.79654
4.76291,-8.7939
4.7675,-8.79125
4.77209,-8.7886
4.77668,-8.78595
4.78127,-8.7833
4.78586,-8.78064
4.79044,-8.77798
4.79503,-8.77532
4.79961,-8.77266
4.80419,-8.76999
4.80878,-8.76732
4.81336,-8.76465
4.81793,-8.76198
4.82251,-8.7593
4.82709,-8.75662
4.83166,-8.75394
4.83623,-8.75125
4.84081,-8.74856
4.84537,-8.74587
4.84994,-8.74318
4.85451,-8.74048
4.85907,-8.73779
4.86364,-8.73509
4.8682,-8.73238
4.87276,-8.72968
4.87732,-8.72697
4.88188,-8.72426
4.88643,-8.72155
4.89099,-8.71883
4.89554,-8.71611
4.90009,-8.71339
4.90465,-8.71067
4.9092,-8.70794
4.91374,-8.70521
4.91829,-8.70248
4.92283,-8.69974
4.92738,-8.69701
4.93192,-8.69427
4.93646,-8.69153
4.941,-8.68878
4.94553,-8.68604
4.95007,-8.68329
4.9546,-8.68054
4.95914,-8.67778
4.96367,-8.67502
4.9682,-8.67226
4.97273,-8.6695
4.97726,-8.66674
4.98178,-8.66397
4.98631,-8.6612
4.99083,-8.65842
4.99535,-8.65565
4.99987,-8.65287
5.00439,-8.65009
5.0089,-8.64731
5.01342,-8.64452
5.01793,-8.64173
5.02244,-8.63894
5.02695,-8.63615
5.03146,-8.63335
5.03597,-8.63056
5.04048,-8.62775
5.04498,-8.62495
5.04949,-8.62214
5.05399,-8.61933
5.05849,-8.61652
5.06299,-8.61371
5.06749,-8.61089
5.07198,-8.60807
5.07647,-8.60525
5.08097,-8.60243
5.08546,-8.5996
5.08995,-8.59677
5.09443,-8.59394
5.09892,-8.59111
5.10341,-8.58827
5.10789,-8.58543
5.11237,-8.58259
5.11685,-8.57974
5.12133,-8.5769
5.12581,-8.57404
5.13029,-8.57119
5.13476,-8.56834
5.13923,-8.56548
5.1437,-8.56262
5.14817,-8.55976
5.15264,-8.55689
5.15711,-8.55402
5.16157,-8.55115
5.16604,-8.54828
5.1705,-8.54541
5.17496,-8.54253
5.17942,-8.53965
5.18388,-8.53677
5.18833,-8.53388
5.19279,-8.53099
5.19724,-8.5281
5.20169,-8.52521
5.20614,-8.52231
5.21059,-8.51941
5.21504,-8.51651
5.21948,-8.51361
5.22392,-8.5107
5.22837,-8.50779
5.23281,-8.50488
5.23724,-8.50197
5.24168,-8.49906
5.24612,-8.49614
5.25055,-8.49322
5.25499,-8.49029
5.25942,-8.48737
5.26385,-8.48444
5.26828,-8.48151
5.2727,-8.47857
5.27713,-8.47563
5.28155,-8.4727
5.28597,-8.46975
5.29039,-8.46681
5.29481,-8.46386
5.29922,-8.46092
5.30364,-8.45797
5.30805,-8.45501
5.31247,-8.45206
5.31688,-8.4491
5.32129,-8.44614
5.32569,-8.44317
5.3301,-8.44021
5.33451,-8.43724
5.33891,-8.43426
5.34331,-8.43129
5.34771,-8.42831
5.35211,-8.42533
5.3565,-8.42235
5.36089,-8.41937
5.36529,-8.41638
5.36968,-8.41339
5.37407,-8.4104
5.37846,-8.40741
5.38284,-8.40441
5.38723,-8.40141
5.39161,-8.39841
5.39599,-8.39541
5.40038,-8.3924
5.40475,-8.38939
5.40913,-8.38638
5.41351,-8.38336
5.41788,-8.38034
5.42225,-8.37732
5.42662,-8.3743
5.43099,-8.37128
5.43536,-8.36825
5.43972,-8.36522
5.44408,-8.36219
5.44845,-8.35916
5.45281,-8.35612
5.45717,-8.35308
5.46153,-8.35004
5.46588,-8.347
5.47024,-8.34395
5.47459,-8.3409
5.47894,-8.33785
5.48329,-8.33479
5.48764,-8.33174
5.49198,-8.32868
5.49633,-8.32561
5.50067,-8.32255
5.50501,-8.31948
5.50935,-8.31641
5.51368,-8.31334
5.51802,-8.31027
5.52236,-8.30719
5.52669,-8.30412
5.53102,-8.30103
5.53535,-8.29795
5.53968,-8.29486
5.54401,-8.29177
5.54833,-8.28868
5.55265,-8.28559
5.55697,-8.28249
5.56129,-8.27939
5.56561,-8.27629
5.56993,-8.27318
5.57424,-8.27008
5.57855,-8.26697
5.58286,-8.26386
5.58717,-8.26075
5.59148,-8.25763
5.59579,-8.25451
5.60009,-8.25139
5.6044,-8.24827
5.6087,-8.24514
5.613,-8.24201
5.6173,-8.23888
5.62159,-8.23574
5.62589,-8.23261
5.63018,-8.22947
5.63447,-8.22633
5.63876,-8.22318
5.64304,-8.22004
5.64733,-8.21689
5.65161,-8.21374
5.6559,-8.21059
5.66018,-8.20743
5.66446,-8.20428
5.66874,-8.20111
5.67301,-8.19795
5.67729,-8.19479
5.68156,-8.19162
5.68583,-8.18845
5.6901,-8.18527
5.69437,-8.1821
5.69863,-8.17892
5.70289,-8.17574
5.70716,-8.17255
5.71142,-8.16937
5.71567,-8.16618
5.71993,-8.16299
5.72419,-8.1598
5.72844,-8.15661
5.73269,-8.15341
5.73694,-8.15021
5.74119,-8.14701
5.74544,-8.1438
5.74969,-8.14059
5.75393,-8.13738
5.75817,-8.13417
5.76241,-8.13096
5.76665,-8.12774
5.77088,-8.12452
5.77512,-8.1213
5.77935,-8.11807
5.78358,-8.11485
5.78781,-8.11162
5.79204,-8.10839
5.79626,-8.10515
5.80049,-8.10192
5.80471,-8.09868
5.80893,-8.09544
5.81315,-8.09219
5.81737,-8.08895
5.82159,-8.0857
5.8258,-8.08245
5.83001,-8.07919
5.83422,-8.07593
5.83843,-8.07268
5.84263,-8.06942
5.84684,-8.06615
5.85104,-8.06289
5.85524,-8.05962
5.85944,-8.05635
5.86364,-8.05308
5.86784,-8.0498
5.87203,-8.04653
5.87623,-8.04325
5.88042,-8.03996
5.88461,-8.03668
5.8888,-8.03339
5.89298,-8.0301
5.89716,-8.02681
5.90135,-8.02351
5.90552,-8.02021
5.9097,-8.01691
5.91388,-8.01361
5.91805,-8.01031
5.92223,-8.007
5.9264,-8.00369
5.93057,-8.00038
5.93474,-7.99707
5.9389,-7.99375
5.94307,-7.99043
5.94723,-7.98711
5.95139,-7.98379
5.95555,-7.98046
5.95971,-7.97713
5.96386,-7.9738
5.96802,-7.97047
5.97217,-7.96713
5.97632,-7.9638
5.98046,-7.96046
5.98461,-7.95711
5.98876,-7.95377
5.9929,-7.95042
5.99704,-7.94707
6.00118,-7.94372
6.00532,-7.94037
6.00945,-7.93701
6.01359,-7.93365
6.01772,-7.93029
6.02185,-7.92692
6.02598,-7.92355
6.0301,-7.92018
6.03423,-7.91681
6.03835,-7.91344
6.04247,-7.91006
6.04659,-7.90669
6.05071,-7.90331
6.05482,-7.89992
6.05894,-7.89654
6.06305,-7.89315
6.06716,-7.88976
6.07127,-7.88637
6.07538,-7.88297
6.07948,-7.87957
6.08358,-7.87617
6.08769,-7.87277
6.09178,-7.86936
6.09588,-7.86596
6.09998,-7.86255
6.10407,-7.85914
6.10816,-7.85572
6.11225,-7.85231
6.11634,-7.84889
6.12042,-7.84547
6.12451,-7.84204
6.12859,-7.83862
6.13267,-7.83519
6.13675,-7.83176
6.14083,-7.82833
6.14491,-7.82489
6.14898,-7.82145
6.15305,-7.81801
6.15712,-7.81457
6.16119,-7.81112
6.16525,-7.80768
6.16932,-7.80423
6.17338,-7.80077
6.17744,-7.79732
6.1815,-7.79387
6.18555,-7.79041
6.18961,-7.78695
6.19366,-7.78348
6.19771,-7.78002
6.20176,-7.77655
6.20581,-7.77308
6.20986,-7.7696
6.2139,-7.76613
6.21794,-7.76265
6.22198,-7.75917
6.22602,-7.75569
6.23006,-7.7522
6.23409,-7.74871
6.23812,-7.74523
6.24215,-7.74173
6.24618,-7.73824
6.25021,-7.73474
6.25423,-7.73125
6.25825,-7.72775
6.26228,-7.72424
6.2663,-7.72074
6.27031,-7.71723
6.27433,-7.71372
6.27834,-7.7102
6.28236,-7.70669
6.28636,-7.70317
6.29037,-7.69965
6.29438,-7.69613
6.29838,-7.6926
6.30238,-7.68908
6.30638,-7.68555
6.31038,-7.68202
6.31438,-7.67848
6.31837,-7.67495
6.32236,-7.67141
6.32636,-7.66787
6.33034,-7.66433
6.33433,-7.66078
6.33832,-7.65723
6.3423,-7.65368
6.34628,-7.65013
6.35026,-7.64658
6.35424,-7.64302
6.35821,-7.63946
6.36218,-7.6359
6.36616,-7.63233
6.37012,-7.62877
6.37409,-7.6252
6.37806,-7.62163
6.38202,-7.61806
6.38598,-7.61448
6.38995,-7.61091
6.3939,-7.60733
6.39786,-7.60374
6.40182,-7.60016
6.40577,-7.59657
6.40972,-7.59298
6.41367,-7.58939
6.41761,-7.58579
6.42155,-7.5822
6.4255,-7.5786
6.42944,-7.575
6.43337,-7.5714
6.43731,-7.56779
6.44125,-7.56419
6.44518,-7.56058
6.44911,-7.55697
6.45304,-7.55335
6.45697,-7.54973
6.46089,-7.54612
6.46482,-7.54249
6.46874,-7.53887
6.47266,-7.53524
6.47657,-7.53161
6.48049,-7.52798
6.4844,-7.52435
6.48831,-7.52072
6.49222,-7.51708
6.49613,-7.51344
6.50003,-7.5098
6.50394,-7.50616
6.50784,-7.50251
6.51174,-7.49886
6.51564,-7.49521
6.51953,-7.49156
6.52343,-7.4879
6.52732,-7.48424
6.53121,-7.48058
6.5351,-7.47692
6.53898,-7.47326
6.54286,-7.46959
6.54675,-7.46592
6.55062,-7.46225
6.5545,-7.45858
6.55838,-7.4549
6.56225,-7.45122
6.56612,-7.44754
6.56999,-7.44386
6.57386,-7.44018
6.57773,-7.43649
6.58159,-7.4328
6.58546,-7.42911
6.58932,-7.42542
6.59317,-7.42172
6.59703,-7.41802
6.60088,-7.41432
6.60473,-7.41062
6.60858,-7.40691
6.61243,-7.4032
6.61627,-7.39949
6.62012,-7.39578
6.62396,-7.39207
6.6278,-7.38835
6.63164,-7.38464
