1.52567,-9.93486
1.5304,-9.93674
1.53631,-9.93863
1.5434,-9.94016
1.55128,-9.94092
1.55964,-9.94068
1.568,-9.9393
1.57575,-9.93686
1.58263,-9.93355
1.58825,-9.92981
1.59255,-9.92611
1.59571,-9.92291
1.59809,-9.92059
1.60013,-9.91932
1.60233,-9.91914
1.60511,-9.91992
1.60882,-9.92141
1.61365,-9.92326
1.61967,-9.92508
1.62677,-9.9265
1.6347,-9.92714
1.64307,-9.92676
1.65139,-9.92523
1.65915,-9.92263
1.66591,-9.91922
1.6714,-9.91541
1.67557,-9.91169
1.67863,-9.90852
1.68094,-9.90625
1.68298,-9.90504
1.68521,-9.90492
1.68806,-9.90573
1.69186,-9.90722
1.69679,-9.90904
1.70291,-9.9108
1.7101,-9.9121
1.71808,-9.91261
1.72646,-9.91208
1.73475,-9.9104
1.74242,-9.90766
1.74905,-9.90414
1.75441,-9.90027
1.75846,-9.89654
1.76142,-9.8934
1.76367,-9.89118
1.7657,-9.89003
1.76796,-9.88996
1.77088,-9.8908
1.77478,-9.89229
1.77982,-9.89408
1.78604,-9.89576
1.79331,-9.89696
1.80134,-9.89734
1.80973,-9.89664
1.81796,-9.89481
1.82555,-9.89194
1.83206,-9.88832
1.83727,-9.8844
1.8412,-9.88066
1.84407,-9.87755
1.84627,-9.87538
1.84829,-9.87429
1.85059,-9.87427
1.85359,-9.87514
1.85757,-9.87663
1.86272,-9.87838
1.86904,-9.87999
1.87639,-9.88108
1.88447,-9.88131
1.89285,-9.88046
1.90104,-9.87848
1.90853,-9.87547
1.91491,-9.87176
1.91999,-9.86779
1.92379,-9.86405
1.92657,-9.86097
1.92873,-9.85885
1.93074,-9.85782
1.93308,-9.85785
1.93616,-9.85875
1.94024,-9.86024
1.94549,-9.86194
1.95191,-9.86347
1.95934,-9.86444
1.96746,-9.86454
1.97584,-9.86354
1.98397,-9.86139
1.99135,-9.85826
1.99761,-9.85446
2.00255,-9.85044
2.00623,-9.8467
2.00892,-9.84366
2.01103,-9.8416
2.01305,-9.84063
2.01547,-9.84071
2.01863,-9.84164
2.02282,-9.84312
2.02819,-9.84478
2.03472,-9.84622
2.04222,-9.84707
2.05039,-9.84701
2.05875,-9.84584
2.06682,-9.84354
2.07409,-9.84027
2.0802,-9.83637
2.085,-9.83232
2.08855,-9.82859
2.09114,-9.8256
2.09321,-9.8236
2.09524,-9.8227
2.09768,-9.82283
2.10092,-9.82379
2.10522,-9.82526
2.11069,-9.82687
2.11731,-9.82822
2.12488,-9.82895
2.13308,-9.82874
2.14143,-9.82742
2.14943,-9.82497
2.15659,-9.82157
2.16257,-9.8176
2.16723,-9.81351
2.17066,-9.80979
2.17318,-9.80683
2.17521,-9.8049
2.17725,-9.80406
2.17974,-9.80423
2.18306,-9.8052
2.18746,-9.80666
2.19304,-9.80821
2.19975,-9.80948
2.20739,-9.81008
2.21561,-9.80973
2.22394,-9.80825
2.23187,-9.80565
2.23892,-9.80214
2.24477,-9.79809
2.24929,-9.79397
2.25261,-9.79026
2.25505,-9.78735
2.25705,-9.78547
2.2591,-9.78469
2.26165,-9.78491
2.26505,-9.78589
2.26955,-9.78733
2.27523,-9.78883
2.28203,-9.79
2.28973,-9.79048
2.29797,-9.78998
2.30628,-9.78834
2.31413,-9.7856
2.32107,-9.78197
2.32678,-9.77784
2.33117,-9.7737
2.33437,-9.77
2.33674,-9.76714
2.33872,-9.76532
2.34079,-9.7646
2.34339,-9.76485
2.34688,-9.76585
2.35148,-9.76726
2.35726,-9.76871
2.36415,-9.76978
2.37191,-9.77013
2.38017,-9.76948
2.38844,-9.76769
2.39621,-9.7648
2.40303,-9.76106
2.40861,-9.75687
2.41286,-9.7527
2.41596,-9.74903
2.41825,-9.74621
2.42021,-9.74445
2.4223,-9.74378
2.42497,-9.74408
2.42854,-9.74509
2.43324,-9.74647
2.43912,-9.74785
2.4461,-9.74883
2.45391,-9.74904
2.46218,-9.74824
2.47042,-9.74629
2.47811,-9.74327
2.48481,-9.73942
2.49024,-9.73516
2.49436,-9.73098
2.49735,-9.72733
2.49959,-9.72456
2.50152,-9.72286
2.50364,-9.72225
2.50637,-9.72258
2.51003,-9.72359
2.51483,-9.72495
2.52081,-9.72626
2.52787,-9.72713
2.53574,-9.72722
2.54401,-9.72626
2.55221,-9.72416
2.5598,-9.721
2.56638,-9.71705
2.57167,-9.71273
2.57566,-9.70853
2.57855,-9.70491
2.58073,-9.70219
2.58265,-9.70056
2.58479,-9.69999
2.58759,-9.70036
2.59134,-9.70138
2.59624,-9.7027
2.60232,-9.70394
2.60946,-9.70471
2.61737,-9.70466
2.62565,-9.70355
2.6338,-9.70129
2.6413,-9.698
2.64775,-9.69394
2.6529,-9.68957
2.65676,-9.68536
2.65956,-9.68177
2.66167,-9.67911
2.66358,-9.67753
2.66576,-9.67702
2.66862,-9.67742
2.67247,-9.67844
2.67747,-9.67972
2.68365,-9.68089
2.69086,-9.68155
2.69881,-9.68136
2.70709,-9.6801
2.71518,-9.67769
2.72259,-9.67426
2.72891,-9.67011
2.73392,-9.66569
2.73766,-9.66148
2.74035,-9.65792
2.74241,-9.65531
2.74431,-9.65379
2.74653,-9.65333
2.74946,-9.65376
2.7534,-9.65477
2.75851,-9.65602
2.76478,-9.65711
2.77206,-9.65765
2.78006,-9.65733
2.78832,-9.65591
2.79636,-9.65335
2.80366,-9.64979
2.80985,-9.64555
2.81473,-9.64108
2.81833,-9.63687
2.82093,-9.63335
2.82294,-9.6308
2.82485,-9.62934
2.8271,-9.62893
2.83011,-9.62938
2.83414,-9.63039
2.83935,-9.63159
2.84571,-9.6326
2.85306,-9.63303
2.86109,-9.63256
2.86935,-9.63099
2.87732,-9.62828
2.88452,-9.62459
2.89051,-9.62031
2.89526,-9.6158
2.89876,-9.61159
2.90128,-9.60809
2.90325,-9.60559
2.90515,-9.60418
2.90744,-9.60381
2.91051,-9.60427
2.91463,-9.60527
2.91992,-9.60643
2.92636,-9.60736
2.93378,-9.60768
2.94183,-9.60707
2.95006,-9.60536
2.95798,-9.60251
2.96508,-9.59871
2.97101,-9.5943
2.97561,-9.58976
2.97899,-9.58555
2.98142,-9.5821
2.98335,-9.57965
2.98525,-9.5783
2.98759,-9.57798
2.99074,-9.57846
2.99495,-9.57945
3.00034,-9.58056
3.00688,-9.5814
3.01435,-9.5816
3.02243,-9.58085
3.03064,-9.57898
3.03848,-9.57599
3.04547,-9.57206
3.05126,-9.56758
3.05573,-9.563
3.05898,-9.55881
3.06133,-9.55539
3.06323,-9.55301
3.06514,-9.55172
3.06753,-9.55144
3.07075,-9.55194
3.07506,-9.55291
3.08055,-9.55396
3.08717,-9.55471
3.09471,-9.55479
3.1028,-9.55389
3.11099,-9.55187
3.11875,-9.54873
3.12562,-9.54469
3.13128,-9.54013
3.13561,-9.53552
3.13874,-9.53135
3.14101,-9.52798
3.14287,-9.52565
3.1448,-9.52442
3.14724,-9.52418
3.15054,-9.5247
3.15495,-9.52565
3.16054,-9.52665
3.16724,-9.52731
3.17483,-9.52725
3.18295,-9.52621
3.1911,-9.52403
3.19878,-9.52075
3.20553,-9.5166
3.21104,-9.51197
3.21524,-9.50734
3.21826,-9.50318
3.22045,-9.49986
3.22228,-9.4976
3.22422,-9.49642
3.22672,-9.49622
3.23011,-9.49675
3.23461,-9.49768
3.24029,-9.49862
3.24708,-9.49918
3.25473,-9.499
3.26285,-9.4978
3.27097,-9.49547
3.27856,-9.49205
3.28519,-9.48779
3.29056,-9.48309
3.29461,-9.47844
3.29752,-9.47431
3.29965,-9.47104
3.30145,-9.46883
3.30341,-9.46772
3.30596,-9.46755
3.30944,-9.46809
3.31403,-9.46899
3.31982,-9.46987
3.32668,-9.47033
3.33438,-9.47002
3.34251,-9.46867
3.35058,-9.46619
3.35808,-9.46263
3.36458,-9.45826
3.36981,-9.4535
3.37373,-9.44884
3.37653,-9.44473
3.37859,-9.44151
3.38037,-9.43937
3.38236,-9.43831
3.38497,-9.43818
3.38852,-9.43873
3.39322,-9.4396
3.3991,-9.44041
3.40604,-9.44076
3.41378,-9.44031
3.42191,-9.43882
3.42993,-9.43618
3.43734,-9.43249
3.44372,-9.42802
3.4488,-9.4232
3.45258,-9.41853
3.45528,-9.41445
3.45727,-9.41129
3.45904,-9.40921
3.46105,-9.4082
3.46372,-9.4081
3.46737,-9.40865
3.47216,-9.40949
3.47813,-9.41023
3.48515,-9.41048
3.49293,-9.40989
3.50106,-9.40825
3.50903,-9.40546
3.51634,-9.40163
3.52258,-9.39706
3.52752,-9.3922
3.53117,-9.38752
3.53376,-9.38347
3.53569,-9.38036
3.53745,-9.37834
3.53949,-9.37739
3.54223,-9.37732
3.54596,-9.37787
3.55085,-9.37868
3.55691,-9.37934
3.564,-9.37948
3.57182,-9.37876
3.57994,-9.37696
3.58785,-9.37402
3.59505,-9.37006
3.60116,-9.3654
3.60595,-9.36049
3.60947,-9.35581
3.61197,-9.35179
3.61385,-9.34874
3.61559,-9.34679
3.61767,-9.34588
3.62047,-9.34585
3.6243,-9.34639
3.62928,-9.34715
3.63544,-9.34774
3.64259,-9.34776
3.65044,-9.34691
3.65854,-9.34495
3.66639,-9.34186
3.67349,-9.33778
3.67946,-9.33303
3.68411,-9.32807
3.6875,-9.3234
3.6899,-9.31942
3.69173,-9.31643
3.69347,-9.31453
3.69558,-9.31368
3.69845,-9.31367
3.70237,-9.31421
3.70745,-9.31493
3.71369,-9.31543
3.72091,-9.31534
3.72879,-9.31434
3.73687,-9.31223
3.74465,-9.30899
3.75164,-9.30479
3.75747,-9.29995
3.76197,-9.29496
3.76524,-9.29029
3.76754,-9.28636
3.76933,-9.28342
3.77106,-9.28159
3.77322,-9.28078
3.77616,-9.28079
3.78017,-9.28132
3.78535,-9.28199
3.79168,-9.28241
3.79896,-9.28221
3.80686,-9.28106
3.81492,-9.2788
3.82262,-9.27542
3.82949,-9.27109
3.83518,-9.26617
3.83954,-9.26115
3.84268,-9.25649
3.8449,-9.2526
3.84664,-9.24973
3.84838,-9.24795
3.85058,-9.24719
3.8536,-9.24722
3.85769,-9.24774
3.86297,-9.24836
3.86938,-9.24869
3.87672,-9.24836
3.88464,-9.24708
3.89267,-9.24466
3.9003,-9.24113
3.90705,-9.23668
3.91259,-9.2317
3.91681,-9.22664
3.91983,-9.222
3.92196,-9.21815
3.92366,-9.21534
3.92541,-9.21363
3.92765,-9.21291
3.93075,-9.21296
3.93494,-9.21346
3.94031,-9.21403
3.9468,-9.21427
3.9542,-9.21382
3.96213,-9.21238
3.97012,-9.20981
3.97767,-9.20614
3.9843,-9.20158
3.9897,-9.19652
3.99377,-9.19144
3.99667,-9.18682
3.99873,-9.18302
4.00039,-9.18027
4.00215,-9.17861
4.00444,-9.17794
4.00761,-9.17801
4.0119,-9.17849
4.01736,-9.179
4.02393,-9.17914
4.03138,-9.17856
4.03932,-9.17698
4.04727,-9.17426
4.05473,-9.17045
4.06123,-9.16578
4.06649,-9.16065
4.07042,-9.15556
4.0732,-9.15095
4.07518,-9.14721
4.07682,-9.14452
4.07859,-9.14292
4.08093,-9.14228
4.08418,-9.14236
4.08856,-9.14282
4.09412,-9.14327
4.10077,-9.14332
4.10826,-9.14261
4.1162,-9.14088
4.12411,-9.13801
4.13148,-9.13406
4.13785,-9.12928
4.14296,-9.12409
4.14675,-9.11898
4.14942,-9.1144
4.15133,-9.11071
4.15293,-9.10808
4.15472,-9.10654
4.15712,-9.10594
4.16046,-9.10603
4.16492,-9.10646
4.17057,-9.10685
4.1773,-9.1068
4.18483,-9.10596
4.19277,-9.10408
4.20063,-9.10105
4.2079,-9.09696
4.21414,-9.09209
4.21911,-9.08684
4.22276,-9.08172
4.22532,-9.07717
4.22715,-9.07353
4.22874,-9.07097
4.23055,-9.06948
4.233,-9.06892
4.23642,-9.06902
4.24098,-9.06942
4.24672,-9.06974
4.25352,-9.06958
4.26109,-9.06861
4.26903,-9.06658
4.27683,-9.0634
4.284,-9.05918
4.29011,-9.0542
4.29492,-9.04891
4.29844,-9.04378
4.30089,-9.03927
4.30266,-9.03568
4.30422,-9.03318
4.30606,-9.03175
4.30857,-9.03122
4.31208,-9.03132
4.31673,-9.03169
4.32256,-9.03193
4.32942,-9.03167
4.33703,-9.03056
4.34496,-9.02838
4.3527,-9.02505
4.35976,-9.0207
4.36573,-9.01563
4.3704,-9.01029
4.37378,-9.00516
4.37612,-9.00068
4.37783,-8.99715
4.37938,-8.99472
4.38125,-8.99334
4.38383,-8.99284
4.38741,-8.99294
4.39216,-8.99327
4.39808,-8.99344
4.405,-8.99307
4.41264,-8.99182
4.42055,-8.98949
4.42823,-8.98601
4.43518,-8.98154
4.44101,-8.97638
4.44553,-8.97099
4.44878,-8.96586
4.45102,-8.96142
4.45268,-8.95795
4.45422,-8.95558
4.45611,-8.95425
4.45876,-8.95378
4.46243,-8.95388
4.46727,-8.95417
4.47327,-8.95426
4.48026,-8.95377
4.48792,-8.95239
4.49581,-8.94991
4.50342,-8.94628
4.51026,-8.94168
4.51595,-8.93644
4.52032,-8.93102
4.52343,-8.9259
4.52558,-8.92149
4.52718,-8.91809
4.52871,-8.91577
4.53064,-8.9145
4.53336,-8.91406
4.53711,-8.91414
4.54205,-8.91439
4.54813,-8.9144
4.55518,-8.9138
4.56286,-8.91227
4.57073,-8.90964
4.57826,-8.90587
4.58498,-8.90115
4.59053,-8.89582
4.59475,-8.89037
4.59774,-8.88526
4.59979,-8.8809
4.60134,-8.87755
4.60287,-8.8753
4.60484,-8.87407
4.60762,-8.87365
4.61147,-8.87373
4.61649,-8.87393
4.62266,-8.87386
4.62976,-8.87314
4.63746,-8.87147
4.6453,-8.86868
4.65275,-8.86477
4.65935,-8.85993
4.66475,-8.85453
4.66882,-8.84904
4.67168,-8.84395
4.67364,-8.83964
4.67515,-8.83635
4.67668,-8.83417
4.67869,-8.83298
4.68154,-8.83258
4.68548,-8.83265
4.69059,-8.8328
4.69684,-8.83263
4.70399,-8.83179
4.71171,-8.82998
4.71951,-8.82704
4.72688,-8.82299
4.73335,-8.81804
4.7386,-8.81256
4.74253,-8.80705
4.74526,-8.80198
4.74714,-8.79772
4.7486,-8.79449
4.75014,-8.79237
4.7522,-8.79123
4.75512,-8.79085
4.75914,-8.7909
4.76435,-8.79099
4.77067,-8.79074
4.77788,-8.78977
4.7856,-8.78781
4.79335,-8.78472
4.80063,-8.78053
4.80698,-8.77547
4.81208,-8.76993
4.81586,-8.7644
4.81848,-8.75934
4.82027,-8.75513
4.8217,-8.75198
4.82324,-8.74991
4.82534,-8.74881
4.82834,-8.74845
4.83246,-8.74847
4.83775,-8.74851
4.84415,-8.74816
4.8514,-8.74707
4.85912,-8.74497
4.86683,-8.74172
4.87402,-8.73739
4.88023,-8.73223
4.88518,-8.72663
4.88882,-8.72108
4.89131,-8.71605
4.89303,-8.71189
4.89443,-8.7088
4.89598,-8.70679
4.89813,-8.70574
4.90121,-8.70539
4.90541,-8.70539
4.9108,-8.70536
4.91726,-8.70492
4.92455,-8.7037
4.93227,-8.70145
4.93993,-8.69805
4.94702,-8.69359
4.9531,-8.68832
4.9579,-8.68266
4.96139,-8.67711
4.96377,-8.67211
4.96541,-8.668
4.96678,-8.66497
4.96836,-8.66302
4.97056,-8.66201
4.97371,-8.66166
4.978,-8.66164
4.98348,-8.66155
4.99001,-8.661
4.99734,-8.65966
5.00505,-8.65726
5.01266,-8.65371
5.01964,-8.64911
5.02558,-8.64375
5.03023,-8.63804
5.03358,-8.63247
5.03585,-8.62751
5.03742,-8.62346
5.03876,-8.6205
5.04036,-8.6186
5.04261,-8.61762
5.04585,-8.61729
5.05023,-8.61723
5.05579,-8.61708
5.06239,-8.61642
5.06975,-8.61494
5.07745,-8.61239
5.08499,-8.6087
5.09187,-8.60397
5.09767,-8.59851
5.10216,-8.59275
5.10538,-8.58719
5.10753,-8.58226
5.10904,-8.57827
5.11036,-8.57537
5.11198,-8.57353
5.11429,-8.57259
5.11761,-8.57225
5.12208,-8.57217
5.12772,-8.57194
5.13438,-8.57118
5.14177,-8.56956
5.14946,-8.56687
5.15693,-8.56302
5.16369,-8.55817
5.16935,-8.55262
5.1737,-8.54682
5.17677,-8.54126
5.17882,-8.53636
5.18026,-8.53244
5.18157,-8.5296
5.18321,-8.52782
5.18559,-8.52691
5.18898,-8.52657
5.19355,-8.52645
5.19927,-8.52614
5.20599,-8.52527
5.21341,-8.52352
5.22107,-8.52067
5.22847,-8.51669
5.23512,-8.51171
5.24063,-8.50607
5.24483,-8.50023
5.24776,-8.49468
5.24971,-8.48983
5.25109,-8.48596
5.25239,-8.48319
5.25406,-8.48146
5.2565,-8.48058
5.25998,-8.48024
5.26463,-8.48007
5.27043,-8.47969
5.27721,-8.47871
5.28464,-8.47682
5.29228,-8.47382
5.2996,-8.46969
5.30613,-8.46459
5.3115,-8.45887
5.31554,-8.453
5.31834,-8.44746
5.32019,-8.44265
5.32152,-8.43885
5.32281,-8.43614
5.32451,-8.43446
5.32702,-8.4336
5.33058,-8.43326
5.33532,-8.43305
5.3412,-8.43259
5.34803,-8.43149
5.35548,-8.42946
5.36308,-8.42631
5.37033,-8.42204
5.37673,-8.41682
5.38195,-8.41103
5.38584,-8.40513
5.38851,-8.3996
5.39027,-8.39484
5.39154,-8.3911
5.39283,-8.38846
5.39457,-8.38683
5.39714,-8.38599
5.40078,-8.38563
5.40561,-8.38538
5.41157,-8.38483
5.41845,-8.38362
5.42591,-8.38145
5.43347,-8.37815
5.44063,-8.37373
5.44691,-8.3684
5.45198,-8.36254
5.45572,-8.35661
5.45826,-8.3511
5.45992,-8.34639
5.46115,-8.34272
5.46243,-8.34014
5.46422,-8.33856
5.46685,-8.33774
5.47058,-8.33737
5.4755,-8.33707
5.48153,-8.33643
5.48846,-8.3351
5.49592,-8.33278
5.50345,-8.32933
5.51051,-8.32478
5.51666,-8.31934
5.52157,-8.31341
5.52517,-8.30746
5.52758,-8.30198
5.52915,-8.29732
5.53034,-8.29371
5.53163,-8.29119
5.53345,-8.28965
5.53616,-8.28886
5.53998,-8.28847
5.54498,-8.28811
5.55108,-8.28738
5.55805,-8.28593
5.56552,-8.28347
5.57299,-8.27987
5.57996,-8.27518
5.58598,-8.26964
5.59074,-8.26364
5.59418,-8.25768
5.59647,-8.25222
5.59796,-8.24762
5.59911,-8.24407
5.6004,-8.24162
5.60227,-8.24012
5.60505,-8.23934
5.60895,-8.23894
5.61404,-8.23852
5.62021,-8.2377
5.62722,-8.23611
5.63469,-8.23351
5.64211,-8.22976
5.64898,-8.22494
5.65485,-8.21929
5.65946,-8.21324
5.66276,-8.20727
5.66493,-8.20184
5.66634,-8.19729
5.66745,-8.19381
5.66876,-8.19142
5.67067,-8.18997
5.67353,-8.1892
5.67751,-8.18877
5.68268,-8.18829
5.68892,-8.18737
5.69597,-8.18566
5.70342,-8.18291
5.71078,-8.17902
5.71755,-8.17406
5.72329,-8.16832
5.72774,-8.16221
5.73089,-8.15624
5.73294,-8.15084
5.73427,-8.14635
5.73536,-8.14294
5.73668,-8.1406
5.73865,-8.13919
5.74157,-8.13843
5.74565,-8.13797
5.7509,-8.13743
5.7572,-8.13641
5.76428,-8.13457
5.77172,-8.13167
5.77902,-8.12763
5.78567,-8.12255
5.79127,-8.11671
5.79557,-8.11056
5.79857,-8.10458
5.80051,-8.09922
5.80177,-8.09479
5.80283,-8.09144
5.80417,-8.08917
5.80619,-8.08779
5.80919,-8.08704
5.81335,-8.08655
5.81868,-8.08594
5.82505,-8.08482
5.83215,-8.08285
5.83957,-8.0798
5.8468,-8.07561
5.85335,-8.0704
5.85879,-8.06448
5.86294,-8.05828
5.8658,-8.05231
5.86762,-8.04698
5.86882,-8.04261
5.86986,-8.03934
5.87121,-8.03712
5.87329,-8.03578
5.87637,-8.03503
5.88062,-8.03451
5.88603,-8.03383
5.89245,-8.0326
5.89958,-8.03049
5.90697,-8.0273
5.91413,-8.02297
5.92056,-8.01763
5.92586,-8.01162
5.92985,-8.00539
5.93257,-7.99942
5.93428,-7.99414
5.93541,-7.98983
5.93644,-7.98662
5.93782,-7.98446
5.93995,-7.98315
5.94311,-7.9824
5.94744,-7.98184
5.95293,-7.98109
5.95941,-7.97975
5.96655,-7.97751
5.97392,-7.97417
5.981,-7.96969
5.9873,-7.96424
5.99246,-7.95815
5.99629,-7.95188
5.99887,-7.94592
6.00048,-7.94069
6.00155,-7.93645
6.00256,-7.9333
6.00397,-7.93119
6.00616,-7.92991
6.0094,-7.92916
6.01382,-7.92856
6.01938,-7.92773
6.02591,-7.92628
6.03307,-7.9239
6.0404,-7.92042
6.0474,-7.9158
6.05358,-7.91023
6.05858,-7.90406
6.06226,-7.89776
6.0647,-7.89182
6.06621,-7.88663
6.06723,-7.88246
6.06823,-7.87938
6.06967,-7.87732
6.07192,-7.87607
6.07524,-7.87531
6.07974,-7.87467
6.08538,-7.87376
6.09196,-7.87219
6.09913,-7.86968
6.10642,-7.86604
6.11333,-7.86128
6.11938,-7.8556
6.12423,-7.84936
6.12775,-7.84304
6.13006,-7.83712
6.13147,-7.83198
6.13244,-7.82787
6.13343,-7.82486
6.13491,-7.82285
6.13722,-7.82162
6.14063,-7.82086
6.14521,-7.82017
6.15092,-7.81917
6.15754,-7.81749
6.16471,-7.81483
6.17196,-7.81105
6.17878,-7.80615
6.1847,-7.80036
6.18939,-7.79406
6.19276,-7.78772
6.19494,-7.78182
6.19626,-7.77673
6.19717,-7.77269
6.19816,-7.76974
6.19968,-7.76778
6.20206,-7.76658
6.20554,-7.7658
6.21021,-7.76506
6.21599,-7.76397
6.22265,-7.76217
6.22982,-7.75938
6.23703,-7.75544
6.24375,-7.75041
6.24953,-7.74452
6.25406,-7.73815
6.25728,-7.7318
6.25933,-7.72592
6.26056,-7.72089
6.26143,-7.71692
6.26243,-7.71404
6.26398,-7.71212
6.26643,-7.71094
6.27,-7.71014
6.27474,-7.70935
6.28059,-7.70817
6.28729,-7.70625
6.29445,-7.70331
6.3016,-7.69923
6.30822,-7.69407
6.31386,-7.68807
6.31824,-7.68165
6.3213,-7.67528
6.32323,-7.66944
6.32438,-7.66447
6.32521,-7.66056
6.32621,-7.65774
6.3278,-7.65587
6.33032,-7.6547
6.33397,-7.65389
6.3388,-7.65304
6.34471,-7.65177
6.35144,-7.64972
6.3586,-7.64664
6.36569,-7.64241
6.3722,-7.63712
6.3777,-7.63103
6.38192,-7.62455
6.38483,-7.61818
6.38663,-7.61237
6.3877,-7.60746
6.3885,-7.60362
6.38951,-7.60086
6.39115,-7.59904
6.39374,-7.59788
6.39747,-7.59704
6.40238,-7.59613
6.40835,-7.59476
6.41511,-7.59259
6.42225,-7.58936
6.42928,-7.58499
6.43568,-7.57957
6.44103,-7.57339
6.44509,-7.56686
6.44786,-7.56049
6.44954,-7.55471
6.45053,-7.54986
6.45129,-7.5461
6.45232,-7.5434
6.454,-7.54162
6.45667,-7.54047
6.46048,-7.53961
6.46547,-7.53863
6.4715,-7.53716
6.47828,-7.53486
6.48541,-7.53149
6.49236,-7.52698
6.49865,-7.52143
6.50385,-7.51516
6.50776,-7.50859
6.51037,-7.50222
6.51194,-7.49649
6.51285,-7.4917
6.51359,-7.488
6.51463,-7.48537
6.51637,-7.48362
6.51911,-7.48248
6.523,-7.48158
6.52807,-7.48055
6.53415,-7.47897
6.54096,-7.47654
6.54806,-7.47303
6.55494,-7.46837
6.5611,-7.4627
6.56616,-7.45634
6.56991,-7.44974
6.57238,-7.44337
6.57383,-7.43768
6.57467,-7.43296
6.57539,-7.42933
6.57645,-7.42676
6.57824,-7.42505
6.58105,-7.42391
6.58503,-7.42298
6.59017,-7.42187
6.59631,-7.4202
6.60313,-7.41763
6.6102,-7.41397
6.617,-7.40917
6.62304,-7.40339
6.62795,-7.39695
6.63153,-7.39031
6.63386,-7.38396
6.6352,-7.37831
