0.950893,0.303698
0.945736,0.319591
0.940374,0.335499
0.93472,0.351594
0.928864,0.367545
0.922726,0.383513
0.916281,0.399487
0.909581,0.415287
0.902465,0.431228
0.894985,0.447121
0.887129,0.462941
0.878888,0.47866
0.870256,0.494246
0.861236,0.509665
0.851835,0.524884
0.84207,0.539868
0.831962,0.554589
0.82154,0.56902
0.81084,0.583144
0.799898,0.596951
0.788752,0.610441
0.777438,0.623621
0.765987,0.63651
0.754425,0.649129
0.742769,0.661507
0.731029,0.673674
0.719203,0.68566
0.707283,0.697494
0.695256,0.709198
0.6831,0.720788
0.670792,0.732277
0.658309,0.743667
0.645626,0.754957
0.632721,0.766139
0.619574,0.777201
0.606167,0.788127
0.592486,0.798897
0.578518,0.809489
0.564256,0.819876
0.549696,0.83003
0.53484,0.839921
0.519694,0.849516
0.504273,0.858782
0.4886,0.867689
0.472705,0.87621
0.456623,0.884327
0.440395,0.892027
0.424064,0.899312
0.407668,0.906191
0.391243,0.912682
0.374817,0.918811
0.358408,0.924608
0.342028,0.930104
0.32568,0.93533
0.309357,0.940316
0.293049,0.945086
0.276739,0.94966
0.260407,0.954052
0.244031,0.95827
0.227587,0.962316
0.211056,0.966186
0.194416,0.969872
0.177651,0.97336
0.160747,0.976633
0.143692,0.979672
0.126479,0.982455
0.109104,0.984957
0.0915701,0.98715
0.0738817,0.989007
0.0560519,0.990499
0.0381001,0.991596
0.0200536,0.992273
0.00194706,0.99251
-0.0161788,0.992293
-0.0342796,0.991621
-0.0523116,0.990503
-0.0702353,0.988959
-0.0880189,0.987017
-0.10564,0.984713
-0.123086,0.982081
-0.140354,0.979156
-0.157448,0.975971
-0.174379,0.972553
-0.191163,0.968925
-0.207819,0.965104
-0.224367,0.961101
-0.240829,0.956921
-0.257227,0.952565
-0.273581,0.948028
-0.289908,0.9433
-0.306223,0.938368
-0.322539,0.933215
-0.338862,0.927822
-0.355198,0.922167
-0.371717,0.916165
-0.388072,0.909914
-0.404424,0.903329
-0.420756,0.896385
-0.437046,0.88906
-0.453263,0.881334
-0.469371,0.873193
-0.485329,0.864633
-0.501091,0.85566
-0.516616,0.846292
-0.531867,0.836559
-0.546817,0.826497
-0.561452,0.816147
-0.575765,0.805551
-0.589764,0.794745
-0.603459,0.783762
-0.616869,0.772628
-0.630013,0.761362
-0.642914,0.74998
-0.655595,0.738488
-0.668078,0.72689
-0.680383,0.715185
-0.692531,0.703365
-0.704537,0.69142
-0.716417,0.679337
-0.728179,0.667098
-0.739831,0.654684
-0.751373,0.642075
-0.762803,0.629249
-0.774113,0.616184
-0.785289,0.602859
-0.796313,0.589253
-0.807159,0.57535
-0.817797,0.561137
-0.828191,0.546608
-0.8383,0.531768
-0.848085,0.516629
-0.857508,0.501217
-0.866539,0.485567
-0.875158,0.469722
-0.883357,0.453726
-0.891141,0.437624
-0.898523,0.421452
-0.905522,0.405241
-0.912163,0.389017
-0.918471,0.372795
-0.924472,0.356585
-0.930191,0.340392
-0.935652,0.324217
-0.940876,0.308053
-0.945883,0.291894
-0.950689,0.275726
-0.955307,0.259534
-0.959747,0.243301
-0.964013,0.227007
-0.968105,0.210631
-0.972018,0.194151
-0.975742,0.177548
-0.97926,0.160802
-0.982551,0.143898
-0.985589,0.126824
-0.988343,0.109576
-0.990779,0.0921549
-0.992861,0.0745716
-0.994556,0.056847
-0.995833,0.0390114
-0.996672,0.0211037
-0.997061,0.00316777
-0.997001,-0.0147513
-0.996504,-0.0326114
-0.99559,-0.0503768
-0.994287,-0.0680192
-0.992624,-0.0855187
-0.990631,-0.102863
-0.988337,-0.120046
-0.985769,-0.137068
-0.982953,-0.153933
-0.97991,-0.170649
-0.97666,-0.187228
-0.973219,-0.203684
-0.9696,-0.220036
-0.96581,-0.236302
-0.961854,-0.252505
-0.957729,-0.268666
-0.953429,-0.284807
-0.948938,-0.300947
-0.944239,-0.317103
-0.939309,-0.333288
-0.934118,-0.349506
-0.928638,-0.365758
-0.922836,-0.382034
-0.916683,-0.398316
-0.910151,-0.414578
-0.903222,-0.430786
-0.895882,-0.446901
-0.888131,-0.46288
-0.879979,-0.478682
-0.871443,-0.494268
-0.862552,-0.509609
-0.853336,-0.52468
-0.843828,-0.539468
-0.834061,-0.553965
-0.824067,-0.568171
-0.813874,-0.58209
-0.803509,-0.595731
-0.792992,-0.609107
-0.782343,-0.622233
-0.771578,-0.635127
-0.760707,-0.64781
-0.749736,-0.660304
-0.738669,-0.672632
-0.727499,-0.684818
-0.716218,-0.696884
-0.704809,-0.708849
-0.693249,-0.720728
-0.681512,-0.73253
-0.66957,-0.744257
-0.657392,-0.7559
-0.644949,-0.767445
-0.632218,-0.778868
-0.61918,-0.790138
-0.605824,-0.801219
-0.59215,-0.812074
-0.578165,-0.822663
-0.563886,-0.832951
-0.549339,-0.842907
-0.534553,-0.852508
-0.519563,-0.861738
-0.504403,-0.870587
-0.489108,-0.879056
-0.473708,-0.887149
-0.458233,-0.894876
-0.442708,-0.902251
-0.427152,-0.90929
-0.411585,-0.916014
-0.396018,-0.922444
-0.380462,-0.928602
-0.364919,-0.934515
-0.34939,-0.940206
-0.333867,-0.945701
-0.318336,-0.951022
-0.302777,-0.956189
-0.287166,-0.961215
-0.271473,-0.966104
-0.255667,-0.970855
-0.239719,-0.975454
-0.223604,-0.979878
-0.207304,-0.9841
-0.190807,-0.988086
-0.174114,-0.9918
-0.157232,-0.995207
-0.140176,-0.998273
-0.122971,-1.00097
-0.105646,-1.00328
-0.0882325,-1.00518
-0.0707661,-1.00666
-0.0532808,-1.00773
-0.0358094,-1.00839
-0.018382,-1.00865
-0.00102512,-1.00852
0.0162384,-1.00803
0.0333901,-1.00719
0.0504154,-1.00603
0.0673041,-1.00458
0.0840506,-1.00285
0.100654,-1.00087
0.117119,-0.998682
0.133457,-0.996297
0.149684,-0.993741
0.165656,-0.991062
0.181738,-0.988214
0.197792,-0.985226
0.213851,-0.982092
0.229942,-0.978792
0.246088,-0.9753
0.262301,-0.971583
0.278584,-0.967606
0.294931,-0.963335
0.311325,-0.958738
0.327744,-0.953788
0.34416,-0.948466
0.360541,-0.942757
0.376854,-0.936654
0.393067,-0.930156
0.409147,-0.92327
0.425063,-0.916007
0.440789,-0.908383
0.456301,-0.900417
0.471581,-0.892132
0.486614,-0.883554
0.501388,-0.874708
0.515899,-0.865622
0.530145,-0.856324
0.54413,-0.846841
0.557862,-0.8372
0.571357,-0.827427
0.584636,-0.817542
0.597724,-0.807561
0.610654,-0.797492
0.623457,-0.787335
0.636167,-0.777076
0.64881,-0.766693
0.661404,-0.756155
0.673958,-0.745428
0.686466,-0.734475
0.698916,-0.723264
0.711284,-0.711769
0.723545,-0.699969
0.735668,-0.687851
0.747619,-0.675411
0.759368,-0.662648
0.770884,-0.64957
0.782137,-0.636189
0.793102,-0.622521
0.803756,-0.608588
0.814081,-0.594413
0.824063,-0.580023
0.833691,-0.565445
0.842961,-0.550709
0.851872,-0.535843
0.860428,-0.520876
0.868638,-0.505836
0.876518,-0.490749
0.884087,-0.475638
0.891369,-0.460521
0.898395,-0.44541
0.905196,-0.430309
0.911806,-0.415214
0.918258,-0.400106
0.924574,-0.384961
0.93077,-0.369745
0.936848,-0.354421
0.9428,-0.338955
0.948606,-0.323317
0.954241,-0.307486
0.959673,-0.291447
0.964873,-0.275195
0.969807,-0.258731
0.974448,-0.242063
0.978767,-0.225205
0.98274,-0.208172
0.986347,-0.190987
0.989571,-0.173674
0.992398,-0.156261
0.99482,-0.138775
0.996833,-0.121246
0.998438,-0.103706
0.99964,-0.0861835
1.00045,-0.0687073
1.00089,-0.0513039
1.00097,-0.0339965
1.00072,-0.0168044
1.00017,0.000258814
0.999354,0.0171862
0.9983,0.0339792
0.997044,0.0506486
0.995613,0.0672148
0.99403,0.0837067
0.992305,0.100159
0.990436,0.116606
0.98841,0.133083
0.986206,0.149615
0.983794,0.166219
0.981144,0.182904
0.978226,0.199671
0.975009,0.216511
0.971467,0.233412
0.967578,0.250357
0.963323,0.267324
0.958687,0.284288
0.953657,0.301224
0.948228,0.318103
0.942396,0.334894
0.936165,0.351568
0.929542,0.368093
0.92254,0.384442
0.915176,0.400587
0.907473,0.416505
0.899459,0.432177
0.891163,0.447588
0.882618,0.462733
0.87386,0.47761
0.86492,0.49223
0.855829,0.506609
0.846611,0.520772
0.837284,0.534749
0.827852,0.548575
0.818311,0.562285
0.808645,0.575908
0.798831,0.589467
0.788838,0.602975
0.778639,0.616437
0.768202,0.629849
0.757502,0.643199
0.746517,0.656472
0.735229,0.669648
0.723622,0.682702
0.711689,0.69561
0.699422,0.708343
0.686822,0.720875
0.673891,0.733175
0.660639,0.745214
0.647079,0.756964
0.633231,0.768398
0.619119,0.779493
0.604771,0.790229
0.590222,0.800594
0.575507,0.810581
0.560661,0.820193
0.545719,0.829437
0.530713,0.838333
0.515669,0.846903
0.500605,0.855178
0.485532,0.863189
0.470451,0.870972
0.455351,0.878557
0.440214,0.885971
0.425017,0.893233
0.409732,0.900353
0.39433,0.907331
0.378785,0.914163
0.363074,0.920834
0.347177,0.927327
0.331082,0.933621
0.314778,0.939692
0.298261,0.945515
0.281531,0.951064
0.26459,0.956313
0.247449,0.961234
0.230121,0.965801
0.212624,0.969988
0.194983,0.973774
0.177227,0.97714
0.159392,0.980073
0.141513,0.982566
0.123631,0.984624
0.105782,0.986256
0.088001,0.987483
0.0703146,0.988331
0.0527433,0.988831
0.0352986,0.989019
0.0179825,0.988929
0.000788716,0.988593
-0.0162973,0.98804
-0.033296,0.987293
-0.0502322,0.986366
-0.0671324,0.985266
-0.0840228,0.983991
-0.100927,0.982535
-0.117865,0.980883
-0.134853,0.979017
-0.151901,0.976917
-0.169015,0.97456
-0.186197,0.971923
-0.203443,0.968982
-0.220745,0.965713
-0.23809,0.962092
-0.255463,0.958098
-0.272841,0.95371
-0.290197,0.94891
-0.307497,0.943686
-0.324705,0.938032
-0.341782,0.931949
-0.358688,0.92545
-0.375387,0.918554
-0.391848,0.911293
-0.408048,0.9037
-0.423976,0.895815
-0.43963,0.887676
-0.455016,0.879319
-0.470149,0.870776
-0.485049,0.86207
-0.499739,0.85322
-0.514247,0.844237
-0.528597,0.835122
-0.542813,0.825874
-0.556918,0.816481
-0.57093,0.806932
-0.58486,0.797208
-0.598718,0.787289
-0.612506,0.777154
-0.626225,0.766782
-0.639868,0.756152
-0.653425,0.745243
-0.666881,0.734034
-0.680218,0.72251
-0.693413,0.710653
-0.706436,0.698453
-0.719256,0.685903
-0.731835,0.673003
-0.744135,0.659762
-0.756119,0.646201
-0.767754,0.632347
-0.779014,0.618238
-0.789885,0.603917
-0.800364,0.589428
-0.810458,0.574811
-0.820185,0.560102
-0.829566,0.54533
-0.838628,0.530514
-0.8474,0.515667
-0.855908,0.500795
-0.864179,0.485896
-0.872235,0.470964
-0.880097,0.455988
-0.887781,0.440953
-0.895297,0.425842
-0.902652,0.410635
-0.909849,0.395313
-0.916884,0.379854
-0.923751,0.364241
-0.930437,0.348455
-0.936928,0.332479
-0.943204,0.3163
-0.949239,0.299908
-0.955008,0.283296
-0.960478,0.266464
-0.965616,0.249418
-0.970386,0.232173
-0.974758,0.214755
-0.978702,0.197199
-0.982202,0.179545
-0.98525,0.161842
-0.987854,0.144133
-0.990031,0.126462
-0.991807,0.108859
-0.993211,0.0913507
-0.994277,0.0739502
-0.995035,0.0566644
-0.995515,0.039493
-0.995744,0.0224302
-0.995744,0.00546553
-0.995533,-0.0114148
-0.995125,-0.0282274
-0.99453,-0.0449907
-0.993754,-0.0617241
-0.992797,-0.0784475
-0.991654,-0.0951803
-0.990318,-0.111941
-0.988775,-0.128745
-0.98701,-0.145608
-0.985,-0.162538
-0.982723,-0.179544
-0.980151,-0.196624
-0.977257,-0.213776
-0.974008,-0.230986
-0.970378,-0.248235
-0.966339,-0.265493
-0.961873,-0.282722
-0.95697,-0.29988
-0.951633,-0.31692
-0.945876,-0.333798
-0.939725,-0.350476
-0.933214,-0.366925
-0.926378,-0.383128
-0.919254,-0.399077
-0.911877,-0.41477
-0.904277,-0.430215
-0.89648,-0.445422
-0.888507,-0.460408
-0.880376,-0.475188
-0.872099,-0.489782
-0.863684,-0.504211
-0.855133,-0.518495
-0.846447,-0.532654
-0.837619,-0.546708
-0.828639,-0.560675
-0.819493,-0.57457
-0.810162,-0.588405
-0.800625,-0.602189
-0.790858,-0.615922
-0.780834,-0.629603
-0.770528,-0.643221
-0.759913,-0.656759
-0.748967,-0.670192
-0.737671,-0.683489
-0.726016,-0.696612
-0.714002,-0.709517
-0.701639,-0.722164
-0.68895,-0.734513
-0.675967,-0.746532
-0.662726,-0.758199
-0.649268,-0.769504
-0.635631,-0.780444
-0.621851,-0.791027
-0.607958,-0.801264
-0.593977,-0.811173
-0.579928,-0.820773
-0.565825,-0.830085
-0.55168,-0.839131
-0.537496,-0.847934
-0.523276,-0.856515
-0.509016,-0.864896
-0.494708,-0.873097
-0.480339,-0.881137
-0.465894,-0.889029
-0.451351,-0.896785
-0.436687,-0.904409
-0.421878,-0.911901
-0.406897,-0.919252
-0.391722,-0.926448
-0.376329,-0.933468
-0.360704,-0.940283
-0.344837,-0.946859
-0.328726,-0.95316
-0.312381,-0.959146
-0.29582,-0.964783
-0.279072,-0.970038
-0.262171,-0.974889
-0.245158,-0.979321
-0.228073,-0.983331
-0.210953,-0.986925
-0.193833,-0.990115
-0.176742,-0.992919
-0.159702,-0.99536
-0.14273,-0.99746
-0.125839,-0.999245
-0.109035,-1.00074
-0.0923202,-1.00197
-0.0756937,-1.00295
-0.0591487,-1.00372
-0.0426746,-1.00428
-0.0262561,-1.00467
-0.00987399,-1.00488
0.00649462,-1.00494
0.022875,-1.00484
0.0392933,-1.00458
0.0557748,-1.00414
0.0723413,-1.00352
0.0890096,-1.00267
0.105789,-1.00158
0.122682,-1.0002
0.139679,-0.998502
0.156764,-0.996453
0.173911,-0.994025
0.191088,-0.991194
0.208259,-0.987948
0.225384,-0.98428
0.242425,-0.980197
0.259346,-0.97571
0.276118,-0.970836
0.292715,-0.965601
0.309117,-0.960028
0.325312,-0.954146
0.341291,-0.947981
0.357051,-0.941561
0.372594,-0.934912
0.387925,-0.928058
0.403054,-0.921022
0.417994,-0.913826
0.432765,-0.906485
0.447388,-0.899012
0.461888,-0.891415
0.476294,-0.883694
0.490632,-0.87584
0.504927,-0.867837
0.519199,-0.859661
0.53346,-0.851282
0.547714,-0.842667
0.561952,-0.833782
0.576161,-0.824596
0.590316,-0.815082
0.604386,-0.80522
0.618338,-0.794998
0.632134,-0.784412
0.645739,-0.773465
0.659118,-0.76217
0.67224,-0.750545
0.685081,-0.738614
0.69762,-0.726402
0.709843,-0.713939
0.721741,-0.701255
0.733312,-0.688378
0.744556,-0.675337
0.75548,-0.662159
0.766093,-0.648868
0.776409,-0.635487
0.786446,-0.622035
0.796225,-0.608528
0.805772,-0.594977
0.815114,-0.581387
0.82428,-0.567753
0.833299,-0.554064
0.842194,-0.540301
0.850982,-0.526434
0.859672,-0.512431
0.868261,-0.498257
0.876735,-0.483881
0.885072,-0.469274
0.893242,-0.454417
0.901213,-0.439298
0.908949,-0.423914
0.916417,-0.408271
0.923584,-0.39238
0.930421,-0.37626
0.936905,-0.359934
0.943016,-0.34343
0.94874,-0.326775
0.95407,-0.310002
0.959003,-0.29314
0.963541,-0.27622
0.96769,-0.259269
0.971462,-0.242314
0.974872,-0.22538
0.977937,-0.208486
0.98068,-0.19165
0.983126,-0.174885
0.985302,-0.158199
0.987238,-0.141591
0.988964,-0.125057
0.990507,-0.108579
0.991891,-0.0921338
0.99313,-0.0756908
0.994228,-0.0592148
0.995177,-0.0426709
0.995958,-0.0260285
0.996543,-0.00926476
0.996901,0.00763369
0.996997,0.0246706
0.996796,0.0418409
0.996269,0.0591319
0.995389,0.0765249
0.994134,0.0939965
0.992485,0.11152
0.990432,0.129066
0.987968,0.146604
0.985091,0.164104
0.981806,0.181534
0.978119,0.198866
0.974044,0.216074
0.969598,0.233131
0.9648,0.250018
0.959673,0.266717
0.954245,0.283213
0.948543,0.299499
0.942597,0.315572
0.936437,0.331436
0.930093,0.347103
0.923592,0.362591
0.916955,0.377928
0.910191,0.393147
0.903302,0.408284
0.896276,0.423372
0.88909,0.438442
0.881714,0.45351
0.874112,0.468585
0.866252,0.483664
0.858103,0.498736
0.849637,0.513783
0.840834,0.528781
0.831678,0.543704
0.82216,0.558523
0.812274,0.573208
0.802022,0.587731
0.791407,0.602059
0.78044,0.616167
0.769136,0.630026
0.757512,0.643613
0.745591,0.656907
0.733398,0.66989
0.720962,0.68255
0.708311,0.694879
0.695478,0.706875
0.682493,0.718541
0.669388,0.729889
0.656189,0.740934
0.642921,0.751703
0.629599,0.762224
0.61623,0.772531
0.602812,0.782661
0.589329,0.792646
0.575755,0.80251
0.562059,0.812269
0.548207,0.821927
0.534167,0.831477
0.51991,0.840904
0.505415,0.850185
0.490665,0.859295
0.475653,0.868206
0.460372,0.87689
0.444827,0.885318
0.429022,0.893462
0.412969,0.901295
0.396684,0.908793
0.380185,0.915932
0.363496,0.922693
0.346644,0.92906
0.329659,0.935022
0.312572,0.940571
0.295416,0.945707
0.278225,0.950437
0.261029,0.954771
0.243858,0.958728
0.226735,0.962333
0.209679,0.965615
0.192699,0.968606
0.175798,0.971343
0.158967,0.973858
0.142185,0.976182
0.125428,0.978335
0.108664,0.980329
0.0918594,0.982164
0.074985,0.983832
0.0580157,0.985315
0.0409332,0.986589
0.0237264,0.987629
0.00639051,0.988408
-0.0110731,0.988898
-0.028658,0.989072
-0.0463531,0.988908
-0.0641431,0.988381
-0.0820088,0.987471
-0.0999271,0.986161
-0.117872,0.984435
-0.135812,0.982284
-0.153717,0.979703
-0.171552,0.976693
-0.189283,0.97326
-0.206877,0.96942
-0.224304,0.965192
-0.24154,0.960605
-0.258566,0.955689
-0.275372,0.950479
-0.291955,0.945012
-0.308323,0.939321
-0.32449,0.933439
-0.340479,0.927389
-0.356319,0.92119
-0.372041,0.914847
-0.387675,0.908359
-0.403247,0.901714
-0.418781,0.894894
-0.434291,0.887877
-0.449785,0.880637
-0.465265,0.873148
-0.480726,0.865387
-0.496158,0.857329
-0.511548,0.848954
-0.526878,0.840244
-0.542127,0.831182
-0.55727,0.821756
-0.57228,0.811957
-0.587126,0.801782
-0.601776,0.79123
-0.616195,0.780311
-0.630351,0.769039
-0.644213,0.757437
-0.657755,0.745533
-0.670958,0.733363
-0.683812,0.720964
-0.696315,0.708377
-0.708475,0.695637
-0.720309,0.682779
-0.731839,0.669829
-0.743093,0.656807
-0.754102,0.643723
-0.764895,0.63058
-0.775502,0.61737
-0.785946,0.604082
-0.796247,0.590695
-0.806416,0.577189
-0.816459,0.56354
-0.826376,0.549723
-0.836161,0.535717
-0.845801,0.521502
-0.855283,0.50706
-0.864589,0.492376
-0.873695,0.477439
-0.882578,0.462241
-0.891211,0.446779
-0.899565,0.431053
-0.907608,0.415071
-0.91531,0.398845
-0.922641,0.382398
-0.929573,0.365757
-0.936087,0.348959
-0.942172,0.332044
-0.947825,0.315055
-0.953056,0.298033
-0.957884,0.281015
-0.962334,0.26403
-0.966436,0.2471
-0.970225,0.230237
-0.973731,0.213444
-0.976985,0.196717
-0.980014,0.180046
-0.982839,0.163415
-0.985474,0.146803
-0.987931,0.130189
-0.990212,0.11355
-0.992316,0.096865
-0.994235,0.0801132
-0.995957,0.0632769
-0.997467,0.0463414
-0.998746,0.029295
-0.999774,0.0121299
-1.00053,-0.00515774
-1.00098,-0.0225675
-1.00111,-0.040094
-1.00088,-0.0577259
-1.00026,-0.0754454
-0.999245,-0.0932273
-0.997799,-0.111039
-0.995911,-0.128841
-0.993578,-0.14659
-0.990808,-0.164242
-0.98762,-0.181755
-0.984041,-0.199098
-0.980107,-0.216244
-0.975855,-0.233181
-0.971322,-0.249903
-0.966541,-0.266417
-0.961541,-0.282731
-0.956347,-0.298864
-0.950977,-0.314833
-0.945442,-0.330661
-0.939751,-0.34637
-0.933904,-0.361982
-0.927897,-0.377517
-0.921722,-0.392996
-0.915367,-0.408432
-0.908815,-0.42384
-0.902049,-0.439229
-0.895047,-0.454604
-0.887788,-0.469965
-0.880248,-0.485309
-0.872402,-0.500627
-0.864227,-0.515904
-0.855702,-0.531119
-0.846805,-0.546244
-0.837524,-0.561245
-0.827853,-0.576082
-0.817795,-0.590712
-0.807366,-0.605094
-0.796595,-0.619188
-0.785516,-0.632968
-0.774171,-0.646415
-0.762601,-0.659525
-0.750846,-0.672301
-0.738939,-0.684755
-0.726909,-0.696907
-0.714775,-0.708777
-0.702552,-0.720388
-0.690251,-0.731765
-0.677873,-0.74293
-0.665418,-0.753906
-0.652879,-0.764713
-0.640247,-0.775369
-0.627509,-0.785889
-0.614646,-0.796284
-0.601642,-0.806562
-0.588474,-0.816725
-0.575122,-0.826772
-0.561563,-0.836696
-0.547776,-0.846485
-0.533741,-0.856121
-0.519441,-0.86558
-0.504862,-0.874834
-0.489998,-0.883848
-0.474851,-0.892584
-0.459432,-0.901002
-0.443765,-0.909064
-0.427882,-0.91674
-0.411824,-0.924009
-0.395636,-0.930861
-0.379361,-0.937299
-0.363039,-0.943335
-0.3467,-0.948989
-0.330371,-0.954285
-0.314068,-0.959251
-0.297803,-0.963912
-0.28158,-0.968294
-0.265399,-0.972423
-0.249255,-0.976321
-0.23314,-0.980008
-0.217042,-0.983501
-0.200945,-0.986814
-0.184831,-0.989958
-0.16868,-0.992937
-0.152472,-0.995753
-0.136185,-0.998401
-0.119797,-1.00087
-0.10329,-1.00315
-0.0866474,-1.00522
-0.0698564,-1.00704
-0.0529109,-1.0086
-0.0358115,-1.00986
-0.0185674,-1.01078
-0.00119746,-1.01133
0.0162699,-1.01147
0.0337977,-1.0112
0.0513434,-1.01048
0.0688626,-1.00933
0.0863131,-1.00776
0.103658,-1.00578
0.12087,-1.00341
0.137926,-1.0007
0.154814,-0.997661
0.171528,-0.994334
0.188067,-0.990744
0.204435,-0.986917
0.220642,-0.982875
0.236698,-0.978639
0.252618,-0.974224
0.268421,-0.969644
0.284125,-0.964907
0.299753,-0.960017
0.315326,-0.954973
0.330867,-0.949768
0.346395,-0.94439
0.361928,-0.938819
0.377479,-0.933033
0.393055,-0.927005
0.408655,-0.920703
0.424274,-0.914096
0.439893,-0.907154
0.455487,-0.899849
0.471026,-0.892161
0.486469,-0.884077
0.501775,-0.875593
0.516903,-0.866718
0.531814,-0.857469
0.546478,-0.847871
0.56087,-0.837957
0.574975,-0.827758
0.588784,-0.817308
0.602297,-0.806639
0.615518,-0.795779
0.628455,-0.784755
0.641121,-0.773589
0.653531,-0.762301
0.665704,-0.750905
0.677658,-0.739414
0.689417,-0.727833
0.701003,-0.716167
0.71244,-0.704409
0.723751,-0.692552
0.734954,-0.680578
0.746066,-0.668467
0.757096,-0.656192
0.768047,-0.643724
0.778912,-0.631033
0.789676,-0.61809
0.800318,-0.60487
0.810806,-0.591353
0.821107,-0.577528
0.831182,-0.563391
0.840993,-0.548951
0.850503,-0.534222
0.859681,-0.51923
0.868503,-0.504003
0.876951,-0.488575
0.885016,-0.472982
0.892697,-0.457257
0.899997,-0.441434
0.906926,-0.425539
0.913497,-0.4096
0.919726,-0.393637
0.925634,-0.377668
0.93124,-0.361708
0.936569,-0.345765
0.941643,-0.329843
0.946489,-0.313944
0.95113,-0.29806
0.95559,-0.282178
0.959888,-0.26628
0.964038,-0.25034
0.968046,-0.234331
0.97191,-0.218221
0.975618,-0.20198
0.97915,-0.185583
0.982477,-0.16901
0.985565,-0.15225
0.988381,-0.135301
0.990887,-0.11817
0.993051,-0.100873
0.994844,-0.0834311
0.996242,-0.0658746
0.997229,-0.0482357
0.997796,-0.030549
0.997941,-0.0128493
0.997668,0.00482993
0.996987,0.0224579
0.995914,0.0400073
0.994465,0.0574547
0.992662,0.0747807
0.990529,0.0919703
0.988089,0.109012
0.985367,0.125901
0.982391,0.142634
0.979187,0.159216
0.97578,0.175656
0.972192,0.19197
0.968443,0.20818
0.964545,0.224314
0.960502,0.240404
0.956306,0.25648
0.951941,0.272571
0.947381,0.288702
0.942594,0.304884
