-2.6863,-4.64546
-2.67986,-4.64887
-2.67341,-4.65227
-2.66695,-4.65567
-2.66049,-4.65906
-2.65403,-4.66244
-2.64756,-4.66581
-2.64108,-4.66917
-2.6346,-4.67252
-2.62811,-4.67586
-2.62162,-4.67919
-2.61513,-4.68252
-2.60863,-4.68583
-2.60212,-4.68914
-2.59561,-4.69244
-2.58909,-4.69573
-2.58257,-4.699
-2.57605,-4.70227
-2.56952,-4.70554
-2.56298,-4.70879
-2.55644,-4.71203
-2.5499,-4.71526
-2.54335,-4.71849
-2.53679,-4.72171
-2.53023,-4.72491
-2.52367,-4.72811
-2.5171,-4.7313
-2.51053,-4.73448
-2.50395,-4.73765
-2.49736,-4.74081
-2.49077,-4.74396
-2.48418,-4.7471
-2.47758,-4.75023
-2.47098,-4.75336
-2.46437,-4.75647
-2.45776,-4.75958
-2.45114,-4.76268
-2.44452,-4.76577
-2.43789,-4.76884
-2.43126,-4.77191
-2.42462,-4.77497
-2.41798,-4.77802
-2.41133,-4.78107
-2.40468,-4.7841
-2.39803,-4.78712
-2.39137,-4.79013
-2.3847,-4.79314
-2.37803,-4.79613
-2.37136,-4.79912
-2.36468,-4.8021
-2.358,-4.80506
-2.35131,-4.80802
-2.34462,-4.81097
-2.33792,-4.81391
-2.33122,-4.81684
-2.32451,-4.81976
-2.3178,-4.82267
-2.31109,-4.82557
-2.30437,-4.82846
-2.29764,-4.83135
-2.29092,-4.83422
-2.28418,-4.83708
-2.27745,-4.83994
-2.2707,-4.84278
-2.26396,-4.84562
-2.25721,-4.84845
-2.25045,-4.85126
-2.24369,-4.85407
-2.23693,-4.85687
-2.23016,-4.85966
-2.22339,-4.86244
-2.21661,-4.86521
-2.20983,-4.86796
-2.20305,-4.87072
-2.19626,-4.87346
-2.18946,-4.87619
-2.18266,-4.87891
-2.17586,-4.88162
-2.16906,-4.88432
-2.16224,-4.88702
-2.15543,-4.8897
-2.14861,-4.89237
-2.14179,-4.89504
-2.13496,-4.89769
-2.12812,-4.90034
-2.12129,-4.90297
-2.11445,-4.9056
-2.1076,-4.90821
-2.10075,-4.91082
-2.0939,-4.91342
-2.08704,-4.916
-2.08018,-4.91858
-2.07332,-4.92115
-2.06645,-4.9237
-2.05957,-4.92625
-2.0527,-4.92879
-2.04582,-4.93132
-2.03893,-4.93384
-2.03204,-4.93635
-2.02515,-4.93885
-2.01825,-4.94133
-2.01135,-4.94381
-2.00444,-4.94628
-1.99753,-4.94874
-1.99062,-4.95119
-1.9837,-4.95363
-1.97678,-4.95606
-1.96985,-4.95848
-1.96292,-4.96089
-1.95599,-4.96329
-1.94905,-4.96568
-1.94211,-4.96807
-1.93517,-4.97044
-1.92822,-4.9728
-1.92126,-4.97515
-1.91431,-4.97749
-1.90735,-4.97982
-1.90038,-4.98214
-1.89342,-4.98445
-1.88644,-4.98675
-1.87947,-4.98904
-1.87249,-4.99132
-1.86551,-4.9936
-1.85852,-4.99586
-1.85153,-4.99811
-1.84453,-5.00035
-1.83754,-5.00258
-1.83054,-5.0048
-1.82353,-5.00701
-1.81652,-5.00921
-1.80951,-5.0114
-1.80249,-5.01358
-1.79547,-5.01575
-1.78845,-5.01791
-1.78142,-5.02006
-1.77439,-5.0222
-1.76736,-5.02433
-1.76032,-5.02645
-1.75328,-5.02855
-1.74623,-5.03065
-1.73919,-5.03274
-1.73213,-5.03482
-1.72508,-5.03689
-1.71802,-5.03894
-1.71096,-5.04099
-1.70389,-5.04303
-1.69682,-5.04506
-1.68975,-5.04707
-1.68267,-5.04908
-1.67559,-5.05107
-1.66851,-5.05306
-1.66142,-5.05503
-1.65433,-5.057
-1.64724,-5.05895
-1.64014,-5.0609
-1.63304,-5.06283
-1.62594,-5.06475
-1.61883,-5.06666
-1.61172,-5.06857
-1.60461,-5.07046
-1.5975,-5.07234
-1.59038,-5.07421
-1.58325,-5.07607
-1.57613,-5.07792
-1.569,-5.07976
-1.56186,-5.08158
-1.55473,-5.0834
-1.54759,-5.08521
-1.54045,-5.08701
-1.5333,-5.08879
-1.52615,-5.09057
-1.519,-5.09233
-1.51185,-5.09409
-1.50469,-5.09583
-1.49753,-5.09756
-1.49037,-5.09928
-1.4832,-5.101
-1.47603,-5.1027
-1.46886,-5.10439
-1.46168,-5.10607
-1.4545,-5.10773
-1.44732,-5.10939
-1.44013,-5.11104
-1.43294,-5.11268
-1.42575,-5.1143
-1.41856,-5.11592
-1.41136,-5.11752
-1.40416,-5.11911
-1.39696,-5.12069
-1.38975,-5.12227
-1.38255,-5.12383
-1.37533,-5.12538
-1.36812,-5.12691
-1.3609,-5.12844
-1.35368,-5.12996
-1.34646,-5.13146
-1.33923,-5.13296
-1.33201,-5.13444
-1.32477,-5.13592
-1.31754,-5.13738
-1.3103,-5.13883
-1.30306,-5.14027
-1.29582,-5.1417
-1.28857,-5.14312
-1.28132,-5.14452
-1.27407,-5.14592
-1.26682,-5.1473
-1.25957,-5.14868
-1.25231,-5.15004
-1.24505,-5.15139
-1.23778,-5.15273
-1.23052,-5.15406
-1.22325,-5.15538
-1.21598,-5.15668
-1.20871,-5.15798
-1.20143,-5.15926
-1.19415,-5.16053
-1.18687,-5.1618
-1.17959,-5.16305
-1.1723,-5.16428
-1.16501,-5.16551
-1.15772,-5.16673
-1.15043,-5.16793
-1.14313,-5.16913
-1.13583,-5.17031
-1.12853,-5.17148
-1.12123,-5.17264
-1.11392,-5.17379
-1.10662,-5.17492
-1.09931,-5.17605
-1.09199,-5.17716
-1.08468,-5.17826
-1.07736,-5.17935
-1.07004,-5.18043
-1.06272,-5.1815
-1.0554,-5.18256
-1.04807,-5.1836
-1.04074,-5.18463
-1.03341,-5.18566
-1.02608,-5.18667
-1.01875,-5.18766
-1.01141,-5.18865
-1.00407,-5.18962
-0.996731,-5.19059
-0.989388,-5.19154
-0.982043,-5.19248
-0.974696,-5.19341
-0.967347,-5.19432
-0.959996,-5.19523
-0.952643,-5.19612
-0.945288,-5.197
-0.937931,-5.19787
-0.930572,-5.19873
-0.923211,-5.19957
-0.915848,-5.20041
-0.908483,-5.20123
-0.901116,-5.20204
-0.893748,-5.20284
-0.886377,-5.20362
-0.879005,-5.2044
-0.871631,-5.20516
-0.864255,-5.20591
-0.856877,-5.20665
-0.849498,-5.20737
-0.842116,-5.20809
-0.834733,-5.20879
-0.827349,-5.20948
-0.819962,-5.21016
-0.812574,-5.21082
-0.805184,-5.21148
-0.797793,-5.21212
-0.7904,-5.21275
-0.783005,-5.21336
-0.775609,-5.21397
-0.768211,-5.21456
-0.760812,-5.21514
-0.753411,-5.21571
-0.746008,-5.21627
-0.738604,-5.21681
-0.731199,-5.21734
-0.723792,-5.21786
-0.716383,-5.21837
-0.708973,-5.21886
-0.701562,-5.21935
-0.69415,-5.21982
-0.686735,-5.22027
-0.67932,-5.22072
-0.671903,-5.22115
-0.664485,-5.22157
-0.657066,-5.22198
-0.649645,-5.22237
-0.642223,-5.22276
-0.6348,-5.22313
-0.627375,-5.22348
-0.61995,-5.22383
-0.612523,-5.22416
-0.605095,-5.22448
-0.597666,-5.22479
-0.590236,-5.22508
-0.582804,-5.22536
-0.575372,-5.22563
-0.567938,-5.22589
-0.560503,-5.22613
-0.553068,-5.22636
-0.545631,-5.22658
-0.538193,-5.22678
-0.530755,-5.22698
-0.523315,-5.22716
-0.515875,-5.22732
-0.508433,-5.22748
-0.500991,-5.22762
-0.493548,-5.22774
-0.486104,-5.22786
-0.478659,-5.22796
-0.471213,-5.22805
-0.463767,-5.22813
-0.456319,-5.22819
-0.448871,-5.22824
-0.441423,-5.22828
-0.433973,-5.2283
-0.426523,-5.22831
-0.419072,-5.22831
-0.411621,-5.22829
-0.404169,-5.22826
-0.396716,-5.22822
-0.389263,-5.22817
-0.38181,-5.2281
-0.374355,-5.22802
-0.366901,-5.22792
-0.359445,-5.22781
-0.35199,-5.22769
-0.344534,-5.22755
-0.337077,-5.22741
-0.32962,-5.22724
-0.322163,-5.22707
-0.314705,-5.22688
-0.307247,-5.22668
-0.299789,-5.22646
-0.292331,-5.22623
-0.284872,-5.22599
-0.277413,-5.22573
-0.269954,-5.22546
-0.262494,-5.22518
-0.255035,-5.22488
-0.247575,-5.22457
-0.240116,-5.22425
-0.232656,-5.22391
-0.225196,-5.22356
-0.217736,-5.22319
-0.210276,-5.22281
-0.202816,-5.22242
-0.195357,-5.22201
-0.187897,-5.22159
-0.180437,-5.22116
-0.172978,-5.22071
-0.165518,-5.22025
-0.158059,-5.21977
-0.1506,-5.21928
-0.143141,-5.21877
-0.135683,-5.21826
-0.128224,-5.21772
-0.120766,-5.21718
-0.113309,-5.21662
-0.105852,-5.21604
-0.0983948,-5.21545
-0.0909383,-5.21485
-0.0834823,-5.21423
-0.0760268,-5.2136
-0.0685717,-5.21296
-0.0611172,-5.2123
-0.0536632,-5.21162
-0.0462098,-5.21093
-0.038757,-5.21023
-0.0313049,-5.20951
-0.0238534,-5.20878
-0.0164026,-5.20804
-0.00895255,-5.20727
-0.00150324,-5.2065
0.0059453,-5.20571
0.013393,-5.20491
0.0208399,-5.20409
0.0282859,-5.20326
0.035731,-5.20241
0.0431752,-5.20155
0.0506185,-5.20067
0.0580607,-5.19978
0.0655019,-5.19887
0.0729421,-5.19795
0.0803812,-5.19701
0.0878192,-5.19606
0.095256,-5.1951
0.102692,-5.19412
0.110126,-5.19312
0.117559,-5.19211
0.124991,-5.19109
0.132422,-5.19005
0.139851,-5.18899
0.147279,-5.18792
0.154706,-5.18684
0.162131,-5.18574
0.169554,-5.18462
0.176977,-5.18349
0.184397,-5.18235
0.191816,-5.18119
0.199234,-5.18001
0.206649,-5.17882
0.214064,-5.17761
0.221476,-5.17639
0.228887,-5.17516
0.236296,-5.1739
0.243703,-5.17264
0.251108,-5.17135
0.258511,-5.17005
0.265913,-5.16874
0.273312,-5.16741
0.28071,-5.16607
0.288105,-5.16471
0.295499,-5.16333
0.30289,-5.16194
0.310279,-5.16053
0.317666,-5.15911
0.325051,-5.15767
0.332434,-5.15621
0.339814,-5.15474
0.347192,-5.15326
0.354567,-5.15175
0.36194,-5.15024
0.369311,-5.1487
0.376679,-5.14715
0.384045,-5.14559
0.391408,-5.14401
0.398769,-5.14241
0.406127,-5.1408
0.413482,-5.13917
0.420834,-5.13752
0.428184,-5.13586
0.435531,-5.13418
0.442875,-5.13248
0.450216,-5.13077
0.457555,-5.12905
0.46489,-5.1273
0.472222,-5.12554
0.479551,-5.12377
0.486877,-5.12198
0.4942,-5.12017
0.50152,-5.11834
0.508837,-5.1165
0.51615,-5.11464
0.52346,-5.11277
0.530766,-5.11087
0.538069,-5.10897
0.545369,-5.10704
0.552665,-5.1051
0.559957,-5.10314
0.567246,-5.10117
0.574532,-5.09917
0.581813,-5.09716
0.589091,-5.09514
0.596365,-5.0931
0.603635,-5.09104
0.610901,-5.08896
0.618164,-5.08687
0.625422,-5.08475
0.632676,-5.08263
0.639927,-5.08048
0.647173,-5.07832
0.654414,-5.07614
0.661652,-5.07394
0.668885,-5.07173
0.676114,-5.0695
0.683339,-5.06725
0.690559,-5.06498
0.697775,-5.0627
0.704986,-5.0604
0.712192,-5.05808
0.719394,-5.05575
0.726591,-5.05339
0.733783,-5.05102
0.74097,-5.04863
0.748153,-5.04623
0.75533,-5.0438
0.762503,-5.04136
0.76967,-5.0389
0.776832,-5.03642
0.78399,-5.03393
0.791141,-5.03142
0.798288,-5.02889
0.805429,-5.02634
0.812565,-5.02377
0.819695,-5.02118
0.82682,-5.01858
0.833939,-5.01596
0.841053,-5.01332
0.848161,-5.01066
0.855263,-5.00799
0.862359,-5.00529
0.869449,-5.00258
0.876533,-4.99985
0.883612,-4.9971
0.890684,-4.99433
0.897745,-4.99155
0.904805,-4.98874
0.911858,-4.98592
0.918905,-4.98308
0.925945,-4.98022
0.93298,-4.97734
0.940007,-4.97444
0.947028,-4.97153
0.954042,-4.96859
0.961049,-4.96564
0.96805,-4.96266
0.975043,-4.95967
0.98203,-4.95666
0.989009,-4.95363
0.995982,-4.95058
1.00295,-4.94751
1.0099,-4.94443
1.01685,-4.94132
1.0238,-4.93819
1.03073,-4.93505
1.03766,-4.93189
1.04458,-4.9287
1.05149,-4.9255
1.0584,-4.92228
1.06529,-4.91904
1.07218,-4.91578
1.07906,-4.9125
1.08594,-4.9092
1.0928,-4.90588
1.09966,-4.90254
1.1065,-4.89918
1.11334,-4.8958
1.12017,-4.8924
1.127,-4.88898
1.13381,-4.88554
1.14061,-4.88209
1.14741,-4.87861
1.15419,-4.87511
1.16097,-4.87159
1.16774,-4.86805
1.1745,-4.8645
1.18125,-4.86092
1.18799,-4.85732
1.19472,-4.8537
1.20144,-4.85006
1.20815,-4.8464
1.21485,-4.84272
1.22154,-4.83902
1.22822,-4.8353
1.23489,-4.83156
1.24155,-4.8278
1.2482,-4.82402
1.25484,-4.82021
1.26147,-4.81639
1.26809,-4.81255
1.2747,-4.80868
1.2813,-4.8048
1.28789,-4.80089
1.29446,-4.79696
1.30102,-4.79301
1.30758,-4.78904
1.31412,-4.78505
1.32065,-4.78104
1.32717,-4.77701
1.33368,-4.77296
1.34017,-4.76888
1.34665,-4.76479
1.35312,-4.76067
1.35958,-4.75653
1.36603,-4.75237
1.37247,-4.74819
1.37889,-4.74399
1.3853,-4.73976
1.39169,-4.73552
1.39808,-4.73125
1.40445,-4.72696
1.41081,-4.72265
1.41715,-4.71832
1.42348,-4.71397
1.4298,-4.70959
1.4361,-4.7052
1.44239,-4.70078
1.44867,-4.69634
1.45493,-4.69187
1.46118,-4.68739
1.46741,-4.68288
1.47363,-4.67835
1.47984,-4.6738
1.48603,-4.66923
1.49221,-4.66463
1.49837,-4.66002
1.50451,-4.65538
1.51064,-4.65072
1.51676,-4.64603
1.52286,-4.64133
1.52894,-4.6366
1.53501,-4.63185
1.54106,-4.62707
1.5471,-4.62228
1.55312,-4.61746
1.55912,-4.61262
1.56511,-4.60775
1.57108,-4.60287
1.57703,-4.59796
1.58297,-4.59303
1.58889,-4.58807
1.59479,-4.58309
1.60067,-4.57809
1.60654,-4.57307
1.61239,-4.56802
1.61822,-4.56296
1.62403,-4.55786
1.62983,-4.55275
1.6356,-4.54761
1.64136,-4.54245
1.6471,-4.53727
1.65282,-4.53206
1.65852,-4.52683
1.6642,-4.52158
1.66986,-4.5163
1.6755,-4.511
1.68112,-4.50568
1.68672,-4.50033
1.6923,-4.49496
1.69786,-4.48957
1.7034,-4.48415
1.70892,-4.47872
1.71442,-4.47325
1.71989,-4.46777
1.72535,-4.46226
1.73078,-4.45672
1.73619,-4.45117
1.74158,-4.44559
1.74695,-4.43998
1.75229,-4.43436
1.75761,-4.42871
1.76291,-4.42303
1.76819,-4.41734
1.77344,-4.41161
1.77867,-4.40587
1.78387,-4.4001
1.78905,-4.39431
1.79421,-4.38849
1.79934,-4.38265
1.80445,-4.37679
1.80953,-4.3709
1.81458,-4.36499
1.81962,-4.35906
1.82462,-4.3531
1.8296,-4.34712
1.83455,-4.34112
1.83948,-4.33509
1.84438,-4.32903
1.84926,-4.32296
1.8541,-4.31686
1.85892,-4.31074
1.86371,-4.30459
1.86848,-4.29842
1.87321,-4.29222
1.87792,-4.28601
1.8826,-4.27977
1.88725,-4.2735
1.89187,-4.26721
1.89646,-4.2609
1.90102,-4.25457
1.90555,-4.24821
1.91005,-4.24182
1.91452,-4.23542
1.91896,-4.22899
1.92336,-4.22254
1.92774,-4.21606
1.93208,-4.20956
1.93639,-4.20304
1.94067,-4.19649
1.94492,-4.18992
1.94913,-4.18333
1.95332,-4.17672
1.95746,-4.17008
1.96158,-4.16342
1.96565,-4.15673
1.9697,-4.15003
1.97371,-4.1433
1.97768,-4.13655
1.98162,-4.12977
1.98552,-4.12297
1.98939,-4.11615
1.99322,-4.10931
1.99701,-4.10245
2.00077,-4.09556
2.00449,-4.08865
2.00817,-4.08172
2.01181,-4.07477
2.01541,-4.06779
2.01898,-4.06079
2.0225,-4.05377
2.02599,-4.04673
2.02943,-4.03967
2.03284,-4.03259
2.0362,-4.02548
2.03953,-4.01836
2.04281,-4.01121
2.04605,-4.00404
2.04925,-3.99686
2.0524,-3.98965
2.05551,-3.98242
2.05858,-3.97517
2.06161,-3.9679
2.06459,-3.96061
2.06752,-3.9533
2.07041,-3.94597
2.07326,-3.93862
2.07606,-3.93126
2.07881,-3.92387
2.08152,-3.91646
2.08418,-3.90904
2.08679,-3.90159
2.08935,-3.89413
2.09187,-3.88665
2.09434,-3.87916
2.09676,-3.87164
2.09912,-3.86411
2.10144,-3.85656
2.10371,-3.84899
2.10593,-3.84141
2.1081,-3.83381
2.11021,-3.8262
2.11227,-3.81856
2.11428,-3.81092
2.11624,-3.80325
2.11814,-3.79558
2.11999,-3.78789
2.12179,-3.78018
2.12353,-3.77246
2.12521,-3.76472
2.12684,-3.75698
2.12841,-3.74922
2.12993,-3.74144
2.13139,-3.73366
2.13279,-3.72586
2.13413,-3.71805
2.13542,-3.71023
2.13664,-3.7024
2.13781,-3.69455
2.13892,-3.6867
2.13997,-3.67884
2.14095,-3.67097
2.14188,-3.66309
2.14274,-3.6552
2.14354,-3.64731
2.14428,-3.6394
2.14496,-3.63149
2.14557,-3.62358
2.14612,-3.61565
2.1466,-3.60773
2.14702,-3.59979
2.14737,-3.59186
2.14766,-3.58392
2.14788,-3.57597
2.14804,-3.56802
2.14813,-3.56008
2.14815,-3.55212
2.1481,-3.54417
2.14799,-3.53622
2.1478,-3.52827
2.14755,-3.52032
2.14723,-3.51237
2.14683,-3.50442
2.14637,-3.49648
2.14584,-3.48854
2.14523,-3.4806
2.14456,-3.47267
2.14381,-3.46475
2.14299,-3.45683
2.1421,-3.44892
2.14113,-3.44101
2.14009,-3.43312
2.13898,-3.42523
2.13779,-3.41736
2.13653,-3.40949
2.13519,-3.40164
2.13378,-3.3938
2.1323,-3.38597
2.13073,-3.37816
2.1291,-3.37036
2.12738,-3.36258
2.12559,-3.35481
2.12373,-3.34707
2.12178,-3.33934
2.11976,-3.33163
2.11767,-3.32394
2.11549,-3.31628
2.11324,-3.30863
2.11091,-3.30101
2.1085,-3.29341
2.10601,-3.28584
2.10345,-3.2783
2.10081,-3.27078
2.09809,-3.26329
2.09529,-3.25583
2.09241,-3.24839
2.08945,-3.24099
2.08642,-3.23363
2.0833,-3.22629
2.08011,-3.21899
2.07684,-3.21173
2.07349,-3.2045
2.07007,-3.19731
2.06656,-3.19016
2.06298,-3.18305
2.05932,-3.17598
2.05558,-3.16895
2.05177,-3.16196
2.04787,-3.15501
2.0439,-3.14812
2.03985,-3.14126
2.03573,-3.13446
2.03153,-3.1277
2.02725,-3.12099
2.0229,-3.11434
2.01847,-3.10773
2.01397,-3.10118
2.00939,-3.09468
2.00474,-3.08823
2.00001,-3.08185
1.99521,-3.07551
1.99034,-3.06924
1.9854,-3.06302
1.98038,-3.05687
1.9753,-3.05077
1.97014,-3.04474
1.96491,-3.03877
1.95962,-3.03287
1.95425,-3.02703
1.94882,-3.02125
1.94332,-3.01555
1.93775,-3.00991
1.93212,-3.00434
1.92642,-2.99884
1.92066,-2.99341
1.91484,-2.98805
1.90895,-2.98277
1.903,-2.97756
1.89699,-2.97242
1.89092,-2.96736
1.88479,-2.96237
1.8786,-2.95746
1.87236,-2.95263
1.86606,-2.94788
1.8597,-2.94321
1.85329,-2.93861
1.84682,-2.9341
1.84031,-2.92967
1.83374,-2.92532
1.82712,-2.92105
1.82046,-2.91687
1.81374,-2.91277
1.80698,-2.90875
1.80017,-2.90482
1.79332,-2.90098
1.78642,-2.89722
1.77948,-2.89355
1.77251,-2.88996
1.76549,-2.88646
1.75843,-2.88305
1.75133,-2.87973
1.7442,-2.87649
1.73703,-2.87335
1.72982,-2.87029
1.72259,-2.86732
1.71532,-2.86445
1.70802,-2.86166
1.70069,-2.85896
1.69333,-2.85635
1.68595,-2.85384
1.67854,-2.85141
1.6711,-2.84907
1.66364,-2.84683
1.65616,-2.84467
1.64866,-2.84261
1.64113,-2.84063
1.63359,-2.83875
1.62603,-2.83696
1.61845,-2.83526
1.61086,-2.83365
1.60326,-2.83213
1.59564,-2.8307
1.588,-2.82936
1.58036,-2.82811
1.57271,-2.82694
1.56505,-2.82587
1.55738,-2.82489
1.5497,-2.824
1.54202,-2.8232
1.53433,-2.82248
1.52664,-2.82185
1.51895,-2.82131
1.51126,-2.82086
1.50356,-2.8205
1.49587,-2.82022
1.48818,-2.82003
1.48049,-2.81992
1.4728,-2.8199
1.46512,-2.81996
1.45745,-2.82011
1.44978,-2.82035
1.44211,-2.82066
1.43446,-2.82106
1.42681,-2.82155
1.41918,-2.82211
1.41155,-2.82276
1.40394,-2.82349
1.39634,-2.8243
1.38875,-2.82518
1.38118,-2.82615
1.37362,-2.8272
1.36608,-2.82832
1.35855,-2.82953
1.35104,-2.83081
1.34354,-2.83216
1.33607,-2.8336
1.32861,-2.8351
1.32117,-2.83669
1.31376,-2.83834
1.30636,-2.84007
1.29899,-2.84188
1.29164,-2.84375
1.28431,-2.8457
1.277,-2.84772
1.26972,-2.84981
1.26246,-2.85196
1.25523,-2.85419
1.24802,-2.85648
1.24084,-2.85885
1.23368,-2.86128
1.22655,-2.86377
1.21945,-2.86634
1.21238,-2.86896
1.20533,-2.87165
1.19831,-2.87441
1.19132,-2.87723
1.18437,-2.88011
1.17744,-2.88305
1.17054,-2.88606
1.16367,-2.88912
1.15683,-2.89224
1.15003,-2.89543
1.14325,-2.89867
1.13651,-2.90197
1.1298,-2.90533
1.12312,-2.90874
1.11647,-2.91221
1.10986,-2.91574
1.10328,-2.91932
1.09673,-2.92296
1.09022,-2.92664
1.08374,-2.93039
1.0773,-2.93418
1.07089,-2.93802
1.06452,-2.94192
1.05818,-2.94587
1.05187,-2.94987
1.0456,-2.95391
1.03937,-2.95801
1.03317,-2.96215
1.027,-2.96634
1.02088,-2.97058
1.01478,-2.97487
1.00873,-2.9792
1.00271,-2.98357
0.996725,-2.98799
0.990778,-2.99246
0.984867,-2.99697
0.978994,-3.00152
0.973157,-3.00611
0.967356,-3.01075
0.961593,-3.01543
0.955866,-3.02014
0.950177,-3.0249
0.944524,-3.0297
0.938909,-3.03454
0.93333,-3.03942
0.927789,-3.04433
0.922286,-3.04929
0.916819,-3.05428
0.91139,-3.05931
0.905998,-3.06437
0.900643,-3.06947
0.895326,-3.07461
0.890046,-3.07978
0.884803,-3.08498
0.879598,-3.09022
0.87443,-3.0955
0.869299,-3.1008
0.864206,-3.10614
0.85915,-3.11151
0.854132,-3.11692
0.84915,-3.12235
0.844206,-3.12782
0.8393,-3.13331
0.83443,-3.13884
0.829598,-3.14439
0.824802,-3.14998
0.820044,-3.15559
0.815323,-3.16124
0.810639,-3.16691
0.805991,-3.17261
0.801381,-3.17833
0.796808,-3.18408
0.792271,-3.18986
0.787771,-3.19567
0.783308,-3.2015
0.778881,-3.20736
0.774491,-3.21324
0.770137,-3.21915
0.76582,-3.22508
0.761539,-3.23104
0.757295,-3.23701
0.753086,-3.24302
0.748914,-3.24904
0.744778,-3.25509
0.740677,-3.26116
0.736613,-3.26725
0.732584,-3.27337
0.728591,-3.2795
0.724634,-3.28566
0.720712,-3.29184
0.716826,-3.29804
0.712975,-3.30425
0.709159,-3.31049
0.705379,-3.31675
0.701634,-3.32303
0.697923,-3.32932
0.694248,-3.33564
0.690607,-3.34197
0.687002,-3.34832
0.68343,-3.35469
0.679894,-3.36108
0.676391,-3.36748
0.672923,-3.3739
0.66949,-3.38034
0.66609,-3.38679
0.662724,-3.39326
0.659393,-3.39975
0.656095,-3.40625
0.652831,-3.41277
0.649601,-3.4193
0.646404,-3.42585
0.64324,-3.43241
0.64011,-3.43899
0.637013,-3.44558
0.633949,-3.45219
0.630919,-3.45881
0.627921,-3.46544
0.624955,-3.47209
0.622023,-3.47875
0.619123,-3.48542
0.616256,-3.4921
0.613421,-3.4988
0.610618,-3.50551
0.607847,-3.51224
0.605109,-3.51897
0.602402,-3.52572
0.599727,-3.53247
0.597084,-3.53924
0.594473,-3.54602
0.591893,-3.55281
0.589345,-3.55961
0.586827,-3.56642
0.584341,-3.57325
0.581886,-3.58008
0.579463,-3.58692
0.577069,-3.59377
0.574707,-3.60064
0.572376,-3.60751
0.570074,-3.61439
0.567804,-3.62128
0.565564,-3.62818
0.563353,-3.63508
0.561174,-3.642
0.559024,-3.64892
0.556904,-3.65586
0.554813,-3.6628
0.552753,-3.66975
0.550722,-3.6767
0.548721,-3.68367
0.546749,-3.69064
0.544806,-3.69762
0.542892,-3.7046
0.541008,-3.7116
0.539152,-3.7186
0.537326,-3.7256
0.535528,-3.73262
0.533759,-3.73964
0.532018,-3.74666
0.530306,-3.75369
0.528622,-3.76073
0.526966,-3.76778
0.525339,-3.77483
0.523739,-3.78188
0.522168,-3.78894
0.520624,-3.79601
0.519108,-3.80308
0.51762,-3.81016
0.516159,-3.81724
0.514726,-3.82433
0.51332,-3.83142
0.511942,-3.83851
0.51059,-3.84562
0.509266,-3.85272
0.507968,-3.85983
0.506697,-3.86694
0.505454,-3.87406
0.504237,-3.88118
0.503046,-3.88831
0.501882,-3.89544
0.500745,-3.90257
0.499633,-3.90971
0.498548,-3.91685
0.497489,-3.92399
0.496456,-3.93114
0.495448,-3.93829
0.494467,-3.94544
0.493511,-3.9526
0.492581,-3.95976
0.491676,-3.96692
0.490797,-3.97408
0.489943,-3.98125
0.489115,-3.98842
0.488311,-3.99559
0.487533,-4.00276
0.486779,-4.00993
0.486051,-4.01711
0.485347,-4.02429
0.484668,-4.03147
0.484014,-4.03866
0.483384,-4.04584
0.482778,-4.05303
0.482197,-4.06022
0.48164,-4.0674
0.481108,-4.0746
0.480599,-4.08179
0.480114,-4.08898
0.479654,-4.09617
0.479217,-4.10337
0.478804,-4.11057
0.478415,-4.11776
0.478049,-4.12496
0.477706,-4.13216
0.477387,-4.13936
0.477092,-4.14656
0.47682,-4.15376
0.47657,-4.16096
0.476344,-4.16816
0.476141,-4.17536
0.475961,-4.18257
0.475804,-4.18977
0.475669,-4.19697
0.475557,-4.20417
0.475468,-4.21138
0.475401,-4.21858
0.475357,-4.22578
0.475335,-4.23298
0.475335,-4.24018
0.475358,-4.24738
0.475402,-4.25458
0.475469,-4.26178
0.475558,-4.26898
0.475668,-4.27618
0.475801,-4.28338
0.475955,-4.29058
0.47613,-4.29777
0.476328,-4.30497
0.476547,-4.31216
0.476787,-4.31936
0.477049,-4.32655
0.477332,-4.33374
0.477636,-4.34093
0.477961,-4.34812
0.478308,-4.35531
0.478675,-4.3625
0.479064,-4.36968
0.479473,-4.37686
0.479903,-4.38405
0.480354,-4.39123
0.480825,-4.39841
0.481317,-4.40558
0.48183,-4.41276
0.482363,-4.41993
0.482916,-4.42711
0.48349,-4.43428
0.484084,-4.44145
0.484698,-4.44861
0.485332,-4.45578
0.485986,-4.46294
0.48666,-4.4701
0.487354,-4.47726
0.488068,-4.48442
0.488801,-4.49157
0.489555,-4.49872
0.490327,-4.50587
0.49112,-4.51302
0.491932,-4.52016
0.492763,-4.52731
0.493614,-4.53445
0.494484,-4.54158
0.495373,-4.54872
0.496282,-4.55585
0.49721,-4.56298
0.498156,-4.57011
0.499122,-4.57723
0.500107,-4.58435
0.50111,-4.59147
0.502132,-4.59859
0.503173,-4.6057
0.504233,-4.61281
0.505311,-4.61992
0.506408,-4.62702
0.507523,-4.63413
0.508657,-4.64122
0.509809,-4.64832
0.51098,-4.65541
0.512169,-4.6625
0.513376,-4.66958
0.514601,-4.67667
0.515844,-4.68375
0.517105,-4.69082
0.518384,-4.69789
0.519682,-4.70496
0.520997,-4.71203
0.522329,-4.71909
0.52368,-4.72615
0.525048,-4.7332
0.526434,-4.74026
0.527837,-4.7473
0.529258,-4.75435
0.530697,-4.76139
0.532152,-4.76843
0.533626,-4.77546
0.535116,-4.78249
0.536624,-4.78951
0.538149,-4.79654
0.539691,-4.80356
0.54125,-4.81057
0.542826,-4.81758
0.544419,-4.82459
0.546029,-4.83159
0.547656,-4.83859
0.5493,-4.84558
0.55096,-4.85257
0.552637,-4.85956
0.554331,-4.86654
0.556042,-4.87352
0.557769,-4.88049
0.559512,-4.88746
0.561272,-4.89443
0.563049,-4.90139
0.564842,-4.90835
0.566651,-4.9153
0.568476,-4.92225
0.570317,-4.9292
0.572176,-4.93614
0.57405,-4.94307
0.57594,-4.95
0.577846,-4.95693
0.579768,-4.96385
0.581706,-4.97077
0.58366,-4.97769
0.58563,-4.98459
0.587615,-4.9915
0.589617,-4.9984
0.591634,-5.00529
0.593666,-5.01219
0.595714,-5.01907
0.597778,-5.02595
0.599857,-5.03283
0.601952,-5.0397
0.604062,-5.04657
0.606187,-5.05343
0.608328,-5.06029
0.610484,-5.06714
0.612655,-5.07399
0.614842,-5.08084
0.617043,-5.08767
0.61926,-5.09451
0.621492,-5.10134
0.623738,-5.10816
0.626,-5.11498
0.628277,-5.12179
0.630568,-5.1286
0.632875,-5.13541
0.635196,-5.14221
0.637532,-5.149
0.639882,-5.15579
0.642247,-5.16257
0.644627,-5.16935
0.647022,-5.17613
0.649431,-5.1829
0.651854,-5.18966
0.654292,-5.19642
0.656745,-5.20317
0.659211,-5.20992
0.661692,-5.21666
0.664188,-5.2234
0.666698,-5.23013
0.669221,-5.23686
0.671759,-5.24358
0.674312,-5.2503
0.676878,-5.25701
0.679458,-5.26371
0.682052,-5.27041
0.684661,-5.27711
0.687283,-5.2838
0.689919,-5.29048
0.692569,-5.29716
0.695233,-5.30383
0.697911,-5.3105
0.700602,-5.31717
0.703307,-5.32382
0.706026,-5.33047
0.708758,-5.33712
0.711504,-5.34376
0.714264,-5.35039
0.717037,-5.35702
0.719823,-5.36365
0.722623,-5.37027
0.725437,-5.37688
0.728263,-5.38349
0.731103,-5.39009
0.733957,-5.39668
0.736824,-5.40327
0.739703,-5.40986
0.742597,-5.41643
0.745503,-5.42301
0.748422,-5.42957
0.751355,-5.43614
0.7543,-5.44269
0.757259,-5.44924
0.76023,-5.45579
0.763215,-5.46232
0.766212,-5.46886
0.769222,-5.47538
0.772245,-5.4819
0.775281,-5.48842
0.77833,-5.49493
0.781391,-5.50143
0.784466,-5.50793
0.787552,-5.51442
0.790652,-5.52091
0.793764,-5.52738
0.796889,-5.53386
0.800026,-5.54033
0.803176,-5.54679
0.806338,-5.55324
0.809512,-5.55969
0.812699,-5.56614
0.815899,-5.57257
0.819111,-5.57901
0.822335,-5.58543
0.825571,-5.59185
0.82882,-5.59827
0.832081,-5.60467
0.835354,-5.61107
0.838639,-5.61747
0.841936,-5.62386
0.845246,-5.63024
0.848567,-5.63662
0.851901,-5.64299
0.855246,-5.64935
0.858604,-5.65571
0.861973,-5.66207
0.865354,-5.66841
0.868748,-5.67475
0.872153,-5.68108
0.87557,-5.68741
0.878998,-5.69373
0.882439,-5.70005
0.885891,-5.70636
0.889355,-5.71266
0.89283,-5.71896
0.896318,-5.72525
0.899817,-5.73153
0.903327,-5.73781
0.906849,-5.74408
0.910382,-5.75034
0.913927,-5.7566
0.917484,-5.76285
0.921052,-5.7691
0.924631,-5.77534
0.928222,-5.78157
0.931824,-5.7878
0.935437,-5.79402
0.939062,-5.80023
0.942698,-5.80644
0.946345,-5.81264
0.950003,-5.81883
0.953673,-5.82502
0.957354,-5.8312
0.961046,-5.83738
0.964749,-5.84355
0.968463,-5.84971
0.972188,-5.85586
0.975924,-5.86201
0.979671,-5.86816
0.983429,-5.87429
0.987198,-5.88042
0.990978,-5.88654
0.994769,-5.89266
0.998571,-5.89877
1.00238,-5.90487
1.00621,-5.91097
1.01004,-5.91706
1.01389,-5.92315
1.01774,-5.92922
1.02161,-5.93529
1.02549,-5.94136
1.02938,-5.94741
1.03327,-5.95347
1.03718,-5.95951
1.0411,-5.96555
1.04503,-5.97158
1.04897,-5.9776
1.05293,-5.98362
1.05689,-5.98963
1.06086,-5.99563
1.06484,-6.00163
1.06884,-6.00762
1.07284,-6.0136
1.07685,-6.01958
1.08088,-6.02555
1.08491,-6.03152
1.08896,-6.03747
1.09301,-6.04342
1.09708,-6.04937
1.10116,-6.0553
1.10524,-6.06123
1.10934,-6.06716
1.11344,-6.07307
1.11756,-6.07898
1.12169,-6.08488
1.12582,-6.09078
1.12997,-6.09667
1.13413,-6.10255
1.13829,-6.10843
1.14247,-6.11429
1.14666,-6.12016
1.15085,-6.12601
1.15506,-6.13186
1.15927,-6.1377
1.1635,-6.14353
1.16774,-6.14936
1.17198,-6.15518
1.17624,-6.16099
1.1805,-6.1668
1.18478,-6.1726
1.18906,-6.17839
1.19336,-6.18418
1.19766,-6.18996
1.20198,-6.19573
1.2063,-6.20149
1.21063,-6.20725
1.21498,-6.213
1.21933,-6.21874
1.22369,-6.22448
1.22806,-6.23021
1.23244,-6.23593
1.23683,-6.24165
1.24123,-6.24736
1.24564,-6.25306
1.25006,-6.25876
1.25449,-6.26444
1.25893,-6.27012
1.26337,-6.2758
1.26783,-6.28146
1.2723,-6.28712
1.27677,-6.29277
1.28126,-6.29842
1.28575,-6.30406
1.29025,-6.30969
1.29476,-6.31531
1.29929,-6.32093
1.30382,-6.32654
1.30835,-6.33214
1.3129,-6.33774
1.31746,-6.34333
1.32203,-6.34891
1.3266,-6.35448
1.33119,-6.36005
1.33578,-6.36561
1.34039,-6.37116
1.345,-6.37671
1.34962,-6.38224
1.35425,-6.38777
1.35889,-6.3933
1.36354,-6.39881
1.36819,-6.40432
1.37286,-6.40983
1.37753,-6.41532
1.38222,-6.42081
1.38691,-6.42629
1.39161,-6.43176
1.39632,-6.43723
1.40104,-6.44269
1.40577,-6.44814
1.4105,-6.45358
1.41525,-6.45902
1.42,-6.46445
1.42476,-6.46987
1.42953,-6.47529
1.43431,-6.48069
1.4391,-6.48609
1.4439,-6.49149
1.4487,-6.49687
1.45352,-6.50225
1.45834,-6.50762
1.46317,-6.51299
1.46801,-6.51834
1.47286,-6.52369
1.47771,-6.52903
1.48258,-6.53437
1.48745,-6.53969
1.49233,-6.54501
1.49722,-6.55033
1.50212,-6.55563
1.50703,-6.56093
1.51194,-6.56622
1.51687,-6.5715
1.5218,-6.57678
1.52674,-6.58204
1.53169,-6.5873
1.53664,-6.59256
1.54161,-6.5978
1.54658,-6.60304
1.55156,-6.60827
1.55655,-6.61349
1.56155,-6.61871
1.56656,-6.62392
1.57157,-6.62912
1.57659,-6.63431
1.58162,-6.6395
1.58666,-6.64467
1.59171,-6.64985
1.59676,-6.65501
1.60182,-6.66016
1.60689,-6.66531
1.61197,-6.67045
1.61706,-6.67559
1.62215,-6.68071
1.62726,-6.68583
1.63237,-6.69094
1.63748,-6.69604
1.64261,-6.70114
1.64774,-6.70623
1.65289,-6.71131
1.65804,-6.71638
1.66319,-6.72144
1.66836,-6.7265
1.67353,-6.73155
1.67871,-6.73659
1.6839,-6.74163
1.6891,-6.74666
1.6943,-6.75168
1.69951,-6.75669
1.70473,-6.76169
1.70996,-6.76669
1.7152,-6.77168
1.72044,-6.77666
1.72569,-6.78163
1.73095,-6.7866
1.73621,-6.79156
1.74148,-6.79651
1.74677,-6.80145
1.75205,-6.80638
1.75735,-6.81131
1.76265,-6.81623
1.76796,-6.82114
1.77328,-6.82605
1.77861,-6.83094
1.78394,-6.83583
1.78928,-6.84071
1.79463,-6.84559
1.79998,-6.85045
1.80535,-6.85531
1.81072,-6.86016
1.8161,-6.865
1.82148,-6.86984
1.82687,-6.87467
1.83227,-6.87949
1.83768,-6.8843
1.8431,-6.8891
1.84852,-6.8939
1.85395,-6.89868
1.85938,-6.90346
1.86483,-6.90824
1.87028,-6.913
1.87573,-6.91776
1.8812,-6.92251
1.88667,-6.92725
1.89215,-6.93198
1.89764,-6.93671
1.90313,-6.94142
1.90863,-6.94613
1.91414,-6.95083
1.91966,-6.95553
1.92518,-6.96021
1.93071,-6.96489
1.93624,-6.96956
1.94179,-6.97423
1.94734,-6.97888
1.95289,-6.98353
1.95846,-6.98817
1.96403,-6.9928
1.96961,-6.99742
1.97519,-7.00203
1.98079,-7.00664
1.98639,-7.01124
1.99199,-7.01583
1.99761,-7.02042
2.00323,-7.02499
2.00885,-7.02956
2.01449,-7.03412
2.02013,-7.03867
2.02578,-7.04321
2.03143,-7.04775
2.03709,-7.05227
2.04276,-7.05679
2.04843,-7.0613
2.05411,-7.06581
2.0598,-7.0703
2.0655,-7.07479
2.0712,-7.07927
2.07691,-7.08374
2.08262,-7.0882
2.08834,-7.09266
2.09407,-7.0971
2.0998,-7.10154
2.10555,-7.10597
2.11129,-7.1104
2.11705,-7.11481
2.12281,-7.11922
2.12858,-7.12361
2.13435,-7.128
2.14013,-7.13239
2.14592,-7.13676
2.15171,-7.14113
2.15751,-7.14548
2.16332,-7.14983
2.16913,-7.15418
2.17495,-7.15851
2.18078,-7.16283
2.18661,-7.16715
2.19245,-7.17146
2.1983,-7.17576
2.20415,-7.18005
2.21001,-7.18434
2.21587,-7.18861
2.22174,-7.19288
2.22762,-7.19714
2.23351,-7.20139
2.2394,-7.20563
2.24529,-7.20987
2.2512,-7.2141
2.25711,-7.21831
2.26302,-7.22252
2.26894,-7.22673
2.27487,-7.23092
2.2808,-7.23511
2.28674,-7.23928
2.29269,-7.24345
2.29864,-7.24761
2.3046,-7.25176
2.31057,-7.25591
2.31654,-7.26004
2.32252,-7.26417
2.3285,-7.26829
2.33449,-7.2724
2.34049,-7.2765
2.34649,-7.2806
2.3525,-7.28468
2.35851,-7.28876
2.36453,-7.29283
2.37056,-7.29689
2.37659,-7.30094
2.38263,-7.30499
2.38867,-7.30902
2.39472,-7.31305
2.40078,-7.31707
2.40684,-7.32108
2.41291,-7.32508
2.41898,-7.32907
2.42506,-7.33306
2.43115,-7.33703
2.43724,-7.341
2.44334,-7.34496
2.44944,-7.34891
2.45555,-7.35286
2.46167,-7.35679
2.46779,-7.36072
2.47392,-7.36463
2.48005,-7.36854
2.48619,-7.37244
2.49233,-7.37633
2.49848,-7.38022
2.50464,-7.38409
2.5108,-7.38796
2.51697,-7.39182
2.52314,-7.39567
2.52932,-7.39951
2.53551,-7.40334
2.5417,-7.40716
2.54789,-7.41098
2.5541,-7.41478
2.5603,-7.41858
2.56652,-7.42237
2.57274,-7.42615
2.57896,-7.42992
2.58519,-7.43369
2.59143,-7.43744
2.59767,-7.44119
2.60391,-7.44493
2.61017,-7.44865
2.61643,-7.45237
2.62269,-7.45609
2.62896,-7.45979
2.63523,-7.46348
2.64151,-7.46717
2.6478,-7.47085
2.65409,-7.47451
2.66039,-7.47817
2.66669,-7.48183
2.673,-7.48547
2.67931,-7.4891
2.68563,-7.49273
2.69195,-7.49634
2.69828,-7.49995
2.70462,-7.50355
2.71096,-7.50714
2.7173,-7.51072
2.72365,-7.51429
2.73001,-7.51785
2.73637,-7.52141
2.74274,-7.52495
2.74911,-7.52849
2.75549,-7.53202
2.76187,-7.53554
2.76826,-7.53905
2.77465,-7.54255
2.78105,-7.54604
2.78745,-7.54953
2.79386,-7.553
2.80028,-7.55647
2.8067,-7.55993
2.81312,-7.56338
2.81955,-7.56682
2.82599,-7.57025
2.83243,-7.57367
2.83887,-7.57708
2.84532,-7.58049
2.85178,-7.58388
2.85824,-7.58727
2.8647,-7.59065
2.87117,-7.59401
2.87765,-7.59737
2.88413,-7.60072
2.89062,-7.60407
2.89711,-7.6074
2.90361,-7.61072
2.91011,-7.61404
2.91661,-7.61734
2.92312,-7.62064
2.92964,-7.62393
2.93616,-7.6272
2.94269,-7.63047
2.94922,-7.63373
2.95575,-7.63699
2.9623,-7.64023
2.96884,-7.64346
2.97539,-7.64668
2.98195,-7.6499
2.98851,-7.65311
2.99507,-7.6563
3.00164,-7.65949
3.00822,-7.66267
3.0148,-7.66584
3.02138,-7.669
3.02797,-7.67215
3.03457,-7.67529
3.04117,-7.67842
3.04777,-7.68155
3.05438,-7.68466
3.06099,-7.68777
3.06761,-7.69086
3.07424,-7.69395
3.08086,-7.69703
3.0875,-7.7001
3.09413,-7.70316
3.10077,-7.70621
3.10742,-7.70925
3.11407,-7.71228
3.12073,-7.7153
3.12739,-7.71831
3.13405,-7.72132
3.14072,-7.72431
3.1474,-7.7273
3.15408,-7.73027
3.16076,-7.73324
3.16745,-7.7362
3.17414,-7.73914
3.18084,-7.74208
3.18754,-7.74501
3.19425,-7.74793
3.20096,-7.75084
3.20767,-7.75374
3.21439,-7.75664
3.22112,-7.75952
3.22785,-7.76239
3.23458,-7.76525
3.24132,-7.76811
3.24806,-7.77095
3.25481,-7.77379
3.26156,-7.77661
3.26831,-7.77943
3.27507,-7.78223
3.28184,-7.78503
3.28861,-7.78782
3.29538,-7.7906
3.30216,-7.79337
3.30894,-7.79613
3.31572,-7.79888
3.32251,-7.80162
3.32931,-7.80435
3.33611,-7.80707
3.34291,-7.80978
3.34972,-7.81248
3.35653,-7.81517
3.36334,-7.81785
3.37016,-7.82053
3.37699,-7.82319
3.38382,-7.82584
3.39065,-7.82849
3.39749,-7.83112
3.40433,-7.83375
3.41117,-7.83636
3.41802,-7.83897
3.42488,-7.84156
3.43173,-7.84415
3.4386,-7.84673
3.44546,-7.84929
3.45233,-7.85185
3.45921,-7.8544
3.46608,-7.85693
3.47297,-7.85946
3.47985,-7.86198
3.48674,-7.86449
3.49364,-7.86699
3.50053,-7.86947
3.50744,-7.87195
3.51434,-7.87442
3.52125,-7.87688
3.52817,-7.87933
3.53509,-7.88177
3.54201,-7.8842
3.54893,-7.88662
3.55586,-7.88903
3.5628,-7.89143
3.56974,-7.89382
3.57668,-7.8962
3.58362,-7.89857
3.59057,-7.90093
3.59752,-7.90328
3.60448,-7.90562
3.61144,-7.90795
3.61841,-7.91027
3.62538,-7.91258
3.63235,-7.91488
3.63932,-7.91717
3.6463,-7.91945
3.65329,-7.92172
3.66027,-7.92398
3.66726,-7.92623
3.67426,-7.92847
3.68126,-7.9307
3.68826,-7.93292
3.69527,-7.93513
3.70227,-7.93733
3.70929,-7.93952
3.7163,-7.94169
3.72332,-7.94386
3.73035,-7.94602
3.73738,-7.94817
3.74441,-7.95031
3.75144,-7.95244
3.75848,-7.95456
3.76552,-7.95666
3.77257,-7.95876
3.77962,-7.96085
3.78667,-7.96293
3.79372,-7.96499
3.80078,-7.96705
3.80785,-7.9691
3.81491,-7.97113
3.82198,-7.97316
3.82906,-7.97517
3.83613,-7.97718
3.84321,-7.97917
3.8503,-7.98116
3.85738,-7.98313
3.86447,-7.9851
3.87157,-7.98705
3.87866,-7.98899
3.88576,-7.99092
3.89287,-7.99285
3.89997,-7.99476
3.90708,-7.99666
3.9142,-7.99855
3.92131,-8.00043
3.92843,-8.0023
3.93556,-8.00416
3.94268,-8.00601
3.94981,-8.00785
3.95695,-8.00967
3.96408,-8.01149
3.97122,-8.0133
3.97836,-8.01509
3.98551,-8.01688
3.99266,-8.01865
3.99981,-8.02042
4.00697,-8.02217
4.01412,-8.02391
4.02128,-8.02564
4.02845,-8.02736
4.03562,-8.02908
4.04279,-8.03078
4.04996,-8.03246
4.05714,-8.03414
4.06432,-8.03581
4.0715,-8.03747
4.07868,-8.03911
4.08587,-8.04075
4.09306,-8.04237
4.10026,-8.04399
4.10746,-8.04559
4.11466,-8.04718
4.12186,-8.04876
4.12907,-8.05033
4.13628,-8.05189
4.14349,-8.05344
4.1507,-8.05498
4.15792,-8.05651
4.16514,-8.05802
4.17236,-8.05953
4.17959,-8.06102
4.18682,-8.06251
4.19405,-8.06398
4.20128,-8.06544
4.20852,-8.06689
4.21576,-8.06833
4.223,-8.06976
4.23025,-8.07117
4.2375,-8.07258
4.24475,-8.07397
4.252,-8.07536
4.25925,-8.07673
4.26651,-8.07809
4.27377,-8.07944
4.28104,-8.08078
4.2883,-8.08211
4.29557,-8.08342
4.30284,-8.08473
4.31012,-8.08602
4.31739,-8.08731
4.32467,-8.08858
4.33196,-8.08984
4.33924,-8.09109
4.34653,-8.09233
4.35381,-8.09355
4.36111,-8.09477
4.3684,-8.09597
4.3757,-8.09716
4.38299,-8.09835
4.3903,-8.09952
4.3976,-8.10067
4.4049,-8.10182
4.41221,-8.10296
4.41952,-8.10408
4.42683,-8.10519
4.43415,-8.10629
4.44147,-8.10738
4.44879,-8.10846
4.45611,-8.10953
4.46343,-8.11058
4.47076,-8.11163
4.47809,-8.11266
4.48542,-8.11368
4.49275,-8.11469
4.50008,-8.11569
4.50742,-8.11667
4.51476,-8.11765
4.5221,-8.11861
4.52944,-8.11956
4.53679,-8.1205
4.54414,-8.12142
4.55149,-8.12234
4.55884,-8.12324
4.56619,-8.12414
4.57355,-8.12502
4.5809,-8.12588
4.58826,-8.12674
4.59562,-8.12758
4.60299,-8.12842
4.61035,-8.12924
4.61772,-8.13005
4.62509,-8.13084
4.63246,-8.13163
4.63983,-8.1324
4.64721,-8.13316
4.65458,-8.13391
4.66196,-8.13465
4.66934,-8.13538
4.67672,-8.13609
4.68411,-8.13679
4.69149,-8.13748
4.69888,-8.13816
4.70627,-8.13882
4.71366,-8.13947
4.72105,-8.14011
4.72844,-8.14074
4.73583,-8.14136
4.74323,-8.14196
4.75063,-8.14256
4.75803,-8.14314
4.76543,-8.1437
4.77283,-8.14426
4.78024,-8.1448
4.78764,-8.14533
4.79505,-8.14585
4.80246,-8.14636
4.80987,-8.14685
4.81728,-8.14733
4.82469,-8.1478
4.83211,-8.14826
4.83952,-8.1487
4.84694,-8.14913
4.85436,-8.14955
4.86178,-8.14996
4.8692,-8.15035
4.87662,-8.15073
4.88404,-8.1511
4.89147,-8.15146
4.8989,-8.1518
4.90632,-8.15213
4.91375,-8.15245
4.92118,-8.15276
4.92861,-8.15305
4.93604,-8.15333
4.94347,-8.1536
4.95091,-8.15385
4.95834,-8.1541
4.96578,-8.15433
4.97322,-8.15454
4.98065,-8.15475
4.98809,-8.15494
4.99553,-8.15512
5.00297,-8.15528
5.01041,-8.15544
5.01786,-8.15558
5.0253,-8.1557
5.03274,-8.15582
5.04019,-8.15592
5.04764,-8.15601
5.05508,-8.15608
5.06253,-8.15614
5.06998,-8.15619
5.07743,-8.15623
5.08488,-8.15625
5.09233,-8.15626
5.09978,-8.15626
5.10723,-8.15624
5.11468,-8.15621
5.12213,-8.15617
5.12959,-8.15611
5.13704,-8.15604
5.1445,-8.15596
5.15195,-8.15586
5.15941,-8.15575
5.16686,-8.15563
5.17432,-8.15549
5.18177,-8.15534
5.18923,-8.15518
5.19669,-8.155
5.20415,-8.15481
5.2116,-8.15461
5.21906,-8.15439
5.22652,-8.15416
5.23398,-8.15392
5.24144,-8.15366
5.2489,-8.15339
5.25636,-8.15311
5.26382,-8.15281
5.27128,-8.1525
5.27874,-8.15217
5.2862,-8.15183
5.29366,-8.15148
5.30112,-8.15111
5.30858,-8.15073
5.31604,-8.15034
5.3235,-8.14993
5.33096,-8.14951
5.33842,-8.14907
5.34588,-8.14862
5.35334,-8.14816
5.3608,-8.14768
5.36825,-8.14719
5.37571,-8.14669
5.38317,-8.14617
5.39063,-8.14563
5.39809,-8.14508
5.40555,-8.14452
5.413,-8.14395
5.42046,-8.14336
5.42792,-8.14275
5.43537,-8.14214
5.44283,-8.1415
5.45028,-8.14086
5.45774,-8.1402
5.46519,-8.13952
5.47265,-8.13883
5.4801,-8.13813
5.48755,-8.13741
5.495,-8.13668
5.50245,-8.13593
5.5099,-8.13517
5.51735,-8.13439
5.5248,-8.1336
5.53225,-8.1328
5.5397,-8.13198
5.54714,-8.13114
5.55459,-8.13029
5.56203,-8.12943
5.56947,-8.12855
5.57692,-8.12766
5.58436,-8.12675
5.5918,-8.12583
5.59924,-8.12489
5.60667,-8.12394
5.61411,-8.12297
5.62155,-8.12199
5.62898,-8.121
5.63641,-8.11999
5.64385,-8.11896
5.65128,-8.11792
5.65871,-8.11686
5.66613,-8.11579
5.67356,-8.11471
5.68099,-8.11361
5.68841,-8.11249
5.69583,-8.11136
5.70325,-8.11021
5.71067,-8.10905
5.71809,-8.10787
5.7255,-8.10668
5.73292,-8.10547
5.74033,-8.10425
5.74774,-8.10301
5.75515,-8.10176
5.76256,-8.10049
5.76996,-8.09921
5.77737,-8.09791
5.78477,-8.09659
5.79217,-8.09526
5.79956,-8.09392
5.80696,-8.09255
5.81435,-8.09118
5.82174,-8.08978
5.82913,-8.08837
5.83652,-8.08695
5.84391,-8.08551
5.85129,-8.08405
5.85867,-8.08258
5.86605,-8.0811
5.87342,-8.07959
5.88079,-8.07807
5.88816,-8.07654
5.89553,-8.07499
5.9029,-8.07342
5.91026,-8.07184
5.91762,-8.07024
5.92498,-8.06863
5.93233,-8.06699
5.93969,-8.06535
5.94704,-8.06368
5.95438,-8.062
5.96173,-8.06031
5.96907,-8.0586
5.97641,-8.05687
5.98374,-8.05512
5.99107,-8.05336
5.9984,-8.05159
6.00573,-8.04979
6.01305,-8.04798
6.02037,-8.04616
6.02769,-8.04431
6.035,-8.04245
6.04231,-8.04058
6.04962,-8.03868
6.05692,-8.03677
6.06422,-8.03485
6.07151,-8.03291
6.07881,-8.03095
6.0861,-8.02897
6.09338,-8.02698
6.10066,-8.02497
6.10794,-8.02294
6.11521,-8.0209
6.12248,-8.01883
6.12975,-8.01676
6.13701,-8.01466
6.14427,-8.01255
6.15152,-8.01042
6.15877,-8.00827
6.16602,-8.00611
6.17326,-8.00393
6.1805,-8.00173
6.18773,-7.99952
6.19496,-7.99729
6.20218,-7.99504
6.2094,-7.99277
6.21662,-7.99048
6.22383,-7.98818
6.23104,-7.98586
6.23824,-7.98353
6.24543,-7.98117
6.25263,-7.9788
6.25981,-7.97641
6.267,-7.974
6.27417,-7.97158
6.28135,-7.96913
6.28851,-7.96667
6.29567,-7.96419
6.30283,-7.9617
6.30998,-7.95918
6.31713,-7.95665
6.32427,-7.9541
6.33141,-7.95153
6.33854,-7.94895
6.34566,-7.94634
6.35278,-7.94372
6.35989,-7.94108
6.367,-7.93842
6.3741,-7.93574
6.3812,-7.93305
6.38829,-7.93033
6.39537,-7.9276
6.40245,-7.92485
6.40952,-7.92208
6.41659,-7.91929
6.42364,-7.91649
6.4307,-7.91366
6.43774,-7.91082
6.44478,-7.90796
6.45182,-7.90508
6.45884,-7.90218
6.46587,-7.89926
6.47288,-7.89632
6.47989,-7.89337
6.48689,-7.8904
6.49388,-7.8874
6.50086,-7.88439
6.50784,-7.88136
6.51482,-7.87831
6.52178,-7.87524
6.52874,-7.87215
6.53569,-7.86904
6.54263,-7.86592
6.54956,-7.86277
6.55649,-7.8596
6.56341,-7.85642
6.57032,-7.85322
6.57723,-7.84999
6.58412,-7.84675
6.59101,-7.84349
6.59789,-7.84021
6.60476,-7.8369
6.61163,-7.83358
6.61848,-7.83024
6.62533,-7.82688
6.63217,-7.8235
6.639,-7.8201
6.64582,-7.81668
6.65263,-7.81324
6.65943,-7.80978
6.66623,-7.8063
6.67302,-7.80281
6.67979,-7.79929
6.68656,-7.79575
6.69332,-7.79219
6.70007,-7.78861
6.70681,-7.78501
6.71353,-7.78139
6.72025,-7.77775
6.72696,-7.77409
6.73367,-7.77041
6.74036,-7.7667
6.74704,-7.76298
6.75371,-7.75924
6.76037,-7.75548
6.76702,-7.75169
6.77366,-7.74789
6.78028,-7.74406
6.7869,-7.74022
6.79351,-7.73635
6.80011,-7.73247
6.80669,-7.72856
6.81327,-7.72463
6.81983,-7.72068
6.82638,-7.71671
6.83292,-7.71272
6.83945,-7.7087
6.84597,-7.70467
6.85248,-7.70062
6.85897,-7.69654
6.86545,-7.69244
6.87192,-7.68832
6.87838,-7.68418
6.88483,-7.68002
6.89126,-7.67584
6.89768,-7.67164
6.90409,-7.66741
6.91049,-7.66316
6.91687,-7.6589
6.92324,-7.65461
6.9296,-7.65029
6.93594,-7.64596
6.94227,-7.64161
6.94859,-7.63723
6.95489,-7.63283
6.96118,-7.62841
6.96746,-7.62397
6.97372,-7.6195
6.97996,-7.61502
6.9862,-7.61051
6.99242,-7.60598
6.99862,-7.60143
7.00481,-7.59685
7.01098,-7.59226
7.01714,-7.58764
7.02329,-7.583
7.02942,-7.57833
7.03553,-7.57365
7.04163,-7.56894
7.04771,-7.56421
7.05378,-7.55946
7.05983,-7.55468
7.06587,-7.54988
7.07189,-7.54506
7.07789,-7.54022
7.08387,-7.53536
7.08984,-7.53047
7.0958,-7.52556
7.10173,-7.52063
7.10765,-7.51567
7.11355,-7.51069
7.11943,-7.50569
7.1253,-7.50066
7.13114,-7.49562
7.13697,-7.49055
7.14279,-7.48545
7.14858,-7.48034
7.15435,-7.4752
7.16011,-7.47004
7.16585,-7.46485
7.17156,-7.45964
7.17726,-7.45441
7.18294,-7.44916
7.1886,-7.44388
7.19424,-7.43858
7.19986,-7.43325
7.20546,-7.42791
7.21104,-7.42254
7.2166,-7.41714
7.22214,-7.41172
7.22765,-7.40628
7.23315,-7.40082
7.23862,-7.39533
7.24408,-7.38982
7.24951,-7.38429
7.25492,-7.37873
7.2603,-7.37315
7.26567,-7.36754
7.27101,-7.36191
7.27633,-7.35626
7.28163,-7.35059
7.2869,-7.34489
7.29215,-7.33916
7.29738,-7.33342
7.30258,-7.32765
7.30776,-7.32185
7.31291,-7.31604
7.31804,-7.3102
7.32315,-7.30433
7.32823,-7.29844
7.33328,-7.29253
7.33831,-7.2866
7.34332,-7.28064
7.3483,-7.27465
7.35325,-7.26865
7.35817,-7.26262
7.36307,-7.25656
7.36794,-7.25049
7.37279,-7.24439
7.37761,-7.23826
7.38239,-7.23211
7.38716,-7.22594
7.39189,-7.21975
7.39659,-7.21353
7.40127,-7.20728
7.40592,-7.20102
7.41054,-7.19473
7.41512,-7.18841
7.41968,-7.18208
7.42421,-7.17572
7.42871,-7.16933
7.43318,-7.16293
7.43761,-7.1565
7.44202,-7.15004
7.44639,-7.14356
7.45073,-7.13706
7.45504,-7.13054
7.45932,-7.12399
7.46357,-7.11742
7.46778,-7.11083
7.47196,-7.10421
7.4761,-7.09757
7.48021,-7.09091
7.48429,-7.08423
7.48833,-7.07752
7.49234,-7.07079
7.49631,-7.06403
7.50024,-7.05726
7.50414,-7.05046
7.50801,-7.04364
7.51184,-7.03679
7.51563,-7.02993
7.51938,-7.02304
7.5231,-7.01613
7.52677,-7.0092
7.53041,-7.00224
7.53401,-6.99527
7.53758,-6.98827
7.5411,-6.98125
7.54458,-6.97421
7.54802,-6.96714
7.55143,-6.96006
7.55479,-6.95295
7.55811,-6.94583
7.56139,-6.93868
7.56463,-6.93151
7.56782,-6.92432
7.57097,-6.91711
7.57408,-6.90988
7.57715,-6.90263
7.58017,-6.89536
7.58315,-6.88807
7.58608,-6.88076
7.58897,-6.87343
7.59181,-6.86608
7.59461,-6.85871
7.59736,-6.85132
7.60006,-6.84391
7.60272,-6.83649
7.60533,-6.82905
7.60789,-6.82158
7.6104,-6.8141
7.61286,-6.8066
7.61528,-6.79909
7.61764,-6.79156
7.61996,-6.78401
7.62223,-6.77644
7.62444,-6.76885
7.6266,-6.76125
7.62871,-6.75364
7.63077,-6.74601
7.63278,-6.73836
7.63473,-6.73069
7.63663,-6.72302
7.63848,-6.71532
7.64027,-6.70762
7.64201,-6.6999
7.64369,-6.69216
7.64531,-6.68441
7.64688,-6.67665
7.64839,-6.66888
7.64985,-6.66109
7.65125,-6.65329
7.65259,-6.64548
7.65387,-6.63766
7.65509,-6.62983
7.65625,-6.62199
7.65736,-6.61413
7.6584,-6.60627
7.65938,-6.5984
7.6603,-6.59052
7.66116,-6.58263
7.66196,-6.57474
7.6627,-6.56683
7.66337,-6.55892
7.66398,-6.55101
7.66452,-6.54308
7.665,-6.53516
7.66541,-6.52722
7.66576,-6.51929
7.66605,-6.51135
7.66627,-6.5034
7.66642,-6.49546
7.6665,-6.48751
7.66652,-6.47956
7.66647,-6.47161
7.66635,-6.46366
7.66616,-6.4557
7.6659,-6.44775
7.66558,-6.43981
7.66518,-6.43186
7.66471,-6.42392
7.66417,-6.41598
7.66357,-6.40804
7.66288,-6.40011
7.66213,-6.39219
7.66131,-6.38427
7.66041,-6.37636
7.65944,-6.36846
7.6584,-6.36056
7.65728,-6.35268
7.65609,-6.3448
7.65482,-6.33694
7.65348,-6.32909
7.65207,-6.32125
7.65058,-6.31342
7.64901,-6.30561
7.64737,-6.29781
7.64565,-6.29003
7.64385,-6.28227
7.64198,-6.27452
7.64004,-6.2668
7.63801,-6.25909
7.63591,-6.2514
7.63373,-6.24374
7.63147,-6.2361
7.62914,-6.22848
7.62672,-6.22088
7.62423,-6.21331
7.62167,-6.20577
7.61902,-6.19825
7.61629,-6.19076
7.61349,-6.18331
7.61061,-6.17588
7.60765,-6.16848
7.60461,-6.16111
7.60149,-6.15378
7.59829,-6.14649
7.59502,-6.13922
7.59167,-6.132
7.58824,-6.12481
7.58473,-6.11766
7.58114,-6.11055
7.57747,-6.10348
7.57373,-6.09646
7.56991,-6.08947
7.56601,-6.08253
7.56204,-6.07564
7.55798,-6.06879
7.55386,-6.06198
7.54965,-6.05523
7.54537,-6.04853
7.54101,-6.04187
7.53658,-6.03527
7.53207,-6.02872
7.52749,-6.02223
7.52284,-6.01578
7.51811,-6.0094
7.5133,-6.00307
7.50843,-5.9968
7.50348,-5.99059
7.49846,-5.98444
7.49337,-5.97835
7.48821,-5.97232
7.48298,-5.96635
7.47768,-5.96045
7.47231,-5.95462
7.46688,-5.94885
7.46137,-5.94314
7.4558,-5.93751
7.45017,-5.93194
7.44446,-5.92645
7.4387,-5.92102
7.43287,-5.91567
7.42698,-5.91039
7.42103,-5.90518
7.41501,-5.90005
7.40894,-5.895
7.40281,-5.89002
7.39662,-5.88511
7.39037,-5.88029
7.38407,-5.87554
7.37771,-5.87087
7.37129,-5.86628
7.36483,-5.86177
7.35831,-5.85735
7.35174,-5.853
7.34512,-5.84874
7.33845,-5.84456
7.33173,-5.84047
7.32497,-5.83645
7.31816,-5.83253
7.3113,-5.82869
7.3044,-5.82494
7.29746,-5.82127
7.29048,-5.81769
7.28346,-5.81419
7.2764,-5.81079
7.2693,-5.80747
7.26217,-5.80424
7.255,-5.8011
7.24779,-5.79805
7.24055,-5.79509
7.23328,-5.79221
7.22598,-5.78943
7.21865,-5.78674
7.21129,-5.78414
7.20391,-5.78163
7.1965,-5.7792
7.18906,-5.77687
7.1816,-5.77463
7.17412,-5.77248
7.16661,-5.77042
7.15909,-5.76846
7.15155,-5.76658
7.14399,-5.76479
7.13641,-5.7631
7.12882,-5.76149
7.12121,-5.75997
7.11359,-5.75855
7.10596,-5.75721
7.09831,-5.75597
7.09066,-5.75481
7.083,-5.75375
7.07533,-5.75277
7.06765,-5.75188
7.05997,-5.75108
7.05228,-5.75037
7.04459,-5.74975
7.0369,-5.74922
7.02921,-5.74877
7.02152,-5.74841
7.01382,-5.74814
7.00613,-5.74795
6.99844,-5.74785
6.99076,-5.74783
6.98308,-5.7479
6.9754,-5.74805
6.96773,-5.74829
6.96007,-5.74861
6.95242,-5.74902
6.94478,-5.74951
6.93714,-5.75008
6.92952,-5.75073
6.92191,-5.75146
6.91431,-5.75227
6.90672,-5.75317
6.89915,-5.75414
6.89159,-5.75519
6.88405,-5.75632
6.87652,-5.75753
6.86901,-5.75881
6.86152,-5.76017
6.85404,-5.76161
6.84659,-5.76312
6.83915,-5.76471
6.83174,-5.76637
6.82434,-5.7681
6.81697,-5.76991
6.80962,-5.77179
6.80229,-5.77374
6.79499,-5.77576
6.78771,-5.77785
6.78045,-5.78001
6.77322,-5.78224
6.76601,-5.78454
6.75883,-5.78691
6.75168,-5.78934
6.74455,-5.79184
6.73745,-5.79441
6.73038,-5.79704
6.72334,-5.79973
6.71632,-5.80249
6.70933,-5.80531
6.70238,-5.8082
6.69545,-5.81114
6.68855,-5.81415
6.68169,-5.81722
6.67485,-5.82034
6.66805,-5.82353
6.66127,-5.82678
6.65453,-5.83008
6.64783,-5.83344
6.64115,-5.83686
6.63451,-5.84033
6.62789,-5.84386
6.62132,-5.84744
6.61477,-5.85108
6.60826,-5.85477
6.60179,-5.85852
6.59534,-5.86231
6.58894,-5.86616
6.58256,-5.87006
6.57623,-5.87401
6.56992,-5.87801
6.56366,-5.88206
6.55742,-5.88616
6.55123,-5.8903
6.54506,-5.8945
6.53894,-5.89874
6.53285,-5.90303
6.52679,-5.90736
6.52078,-5.91174
6.5148,-5.91616
6.50885,-5.92063
6.50294,-5.92514
6.49707,-5.92969
6.49124,-5.93429
6.48544,-5.93892
6.47968,-5.9436
6.47395,-5.94832
6.46826,-5.95309
6.46261,-5.95789
6.457,-5.96273
6.45142,-5.96761
6.44589,-5.97252
6.44038,-5.97748
6.43492,-5.98247
6.42949,-5.9875
6.4241,-5.99257
6.41875,-5.99767
6.41343,-6.00281
6.40816,-6.00798
6.40292,-6.01319
6.39771,-6.01843
6.39255,-6.0237
6.38742,-6.02901
6.38233,-6.03435
6.37727,-6.03972
6.37226,-6.04513
6.36728,-6.05056
6.36234,-6.05603
6.35743,-6.06153
6.35256,-6.06706
6.34773,-6.07261
6.34294,-6.0782
6.33818,-6.08382
6.33346,-6.08946
6.32878,-6.09513
6.32414,-6.10083
6.31953,-6.10656
6.31496,-6.11231
6.31042,-6.1181
6.30592,-6.1239
6.30146,-6.12974
6.29704,-6.13559
6.29265,-6.14148
6.2883,-6.14739
6.28398,-6.15332
6.27971,-6.15927
6.27546,-6.16525
6.27126,-6.17126
6.26709,-6.17728
6.26295,-6.18333
6.25885,-6.18941
6.25479,-6.1955
6.25076,-6.20161
6.24677,-6.20775
6.24282,-6.21391
6.2389,-6.22009
6.23501,-6.22629
6.23116,-6.23251
6.22735,-6.23875
6.22357,-6.245
6.21983,-6.25128
6.21612,-6.25758
6.21245,-6.26389
6.20881,-6.27023
6.2052,-6.27658
6.20163,-6.28295
6.1981,-6.28934
6.1946,-6.29574
6.19113,-6.30216
6.1877,-6.3086
6.1843,-6.31506
6.18094,-6.32153
6.17761,-6.32801
6.17431,-6.33452
6.17105,-6.34104
6.16782,-6.34757
6.16463,-6.35412
6.16147,-6.36068
6.15834,-6.36726
6.15524,-6.37385
6.15218,-6.38046
6.14915,-6.38708
6.14616,-6.39371
6.14319,-6.40036
6.14026,-6.40702
6.13736,-6.41369
6.1345,-6.42038
6.13166,-6.42708
6.12886,-6.43379
6.12609,-6.44051
6.12336,-6.44725
6.12065,-6.45399
6.11798,-6.46075
6.11534,-6.46752
6.11273,-6.4743
6.11015,-6.48109
6.1076,-6.48789
6.10509,-6.4947
6.1026,-6.50153
6.10015,-6.50836
6.09773,-6.5152
6.09534,-6.52206
6.09298,-6.52892
6.09065,-6.53579
6.08835,-6.54267
6.08608,-6.54956
6.08384,-6.55646
6.08163,-6.56337
6.07945,-6.57028
6.0773,-6.57721
6.07519,-6.58414
6.0731,-6.59108
6.07104,-6.59803
6.06901,-6.60499
6.06701,-6.61195
6.06504,-6.61893
6.0631,-6.6259
6.06119,-6.63289
6.0593,-6.63988
6.05745,-6.64688
6.05562,-6.65389
6.05383,-6.66091
6.05206,-6.66793
6.05032,-6.67495
6.04861,-6.68198
6.04693,-6.68902
6.04527,-6.69607
6.04365,-6.70312
6.04205,-6.71017
6.04048,-6.71724
6.03894,-6.7243
6.03742,-6.73137
6.03594,-6.73845
6.03448,-6.74553
6.03305,-6.75262
6.03164,-6.75971
6.03026,-6.76681
6.02891,-6.77391
6.02759,-6.78102
6.0263,-6.78813
6.02503,-6.79524
6.02378,-6.80236
6.02257,-6.80948
6.02138,-6.81661
6.02022,-6.82374
6.01908,-6.83087
6.01797,-6.83801
6.01689,-6.84515
6.01583,-6.85229
6.0148,-6.85944
6.01379,-6.86659
6.01281,-6.87374
6.01186,-6.8809
6.01093,-6.88805
6.01002,-6.89521
6.00914,-6.90238
6.00829,-6.90955
6.00747,-6.91671
6.00666,-6.92389
6.00589,-6.93106
6.00513,-6.93823
6.00441,-6.94541
6.0037,-6.95259
6.00303,-6.95977
6.00237,-6.96696
6.00174,-6.97414
6.00114,-6.98133
6.00056,-6.98851
6,-6.9957
5.99947,-7.0029
5.99897,-7.01009
5.99848,-7.01728
5.99802,-7.02447
5.99759,-7.03167
5.99718,-7.03887
5.99679,-7.04606
5.99642,-7.05326
5.99608,-7.06046
5.99576,-7.06766
5.99547,-7.07486
5.9952,-7.08206
5.99495,-7.08926
5.99473,-7.09646
5.99452,-7.10367
5.99434,-7.11087
5.99419,-7.11807
5.99405,-7.12527
5.99394,-7.13247
5.99386,-7.13968
5.99379,-7.14688
5.99375,-7.15408
5.99373,-7.16128
5.99373,-7.16848
5.99375,-7.17568
5.9938,-7.18288
5.99387,-7.19008
5.99396,-7.19728
5.99407,-7.20448
5.9942,-7.21168
5.99436,-7.21888
5.99453,-7.22607
5.99473,-7.23327
5.99495,-7.24046
5.99519,-7.24766
5.99546,-7.25485
5.99574,-7.26204
5.99604,-7.26923
5.99637,-7.27642
5.99672,-7.28361
5.99709,-7.2908
5.99748,-7.29798
5.99789,-7.30517
5.99832,-7.31235
5.99877,-7.31953
5.99924,-7.32671
5.99974,-7.33389
6.00025,-7.34106
6.00078,-7.34824
6.00134,-7.35541
6.00191,-7.36258
6.00251,-7.36975
6.00312,-7.37691
6.00376,-7.38408
6.00441,-7.39124
6.00509,-7.3984
6.00578,-7.40556
6.0065,-7.41272
6.00723,-7.41987
6.00799,-7.42702
6.00876,-7.43417
6.00955,-7.44132
6.01037,-7.44846
6.0112,-7.45561
6.01205,-7.46275
6.01292,-7.46988
6.01381,-7.47702
6.01472,-7.48415
6.01565,-7.49128
6.0166,-7.49841
6.01757,-7.50553
6.01855,-7.51265
6.01956,-7.51977
6.02058,-7.52689
6.02162,-7.534
6.02268,-7.54111
6.02376,-7.54822
6.02486,-7.55532
6.02598,-7.56243
6.02711,-7.56952
6.02826,-7.57662
6.02943,-7.58371
6.03062,-7.5908
6.03183,-7.59788
6.03306,-7.60497
6.0343,-7.61205
6.03557,-7.61912
6.03685,-7.62619
6.03814,-7.63326
6.03946,-7.64033
6.04079,-7.64739
6.04214,-7.65445
6.04351,-7.6615
6.0449,-7.66855
6.04631,-7.6756
6.04773,-7.68265
6.04917,-7.68969
6.05062,-7.69672
6.0521,-7.70376
6.05359,-7.71079
6.0551,-7.71781
6.05662,-7.72484
6.05817,-7.73185
6.05973,-7.73887
6.0613,-7.74588
6.0629,-7.75288
6.06451,-7.75989
6.06614,-7.76689
6.06778,-7.77388
6.06944,-7.78087
6.07112,-7.78786
6.07282,-7.79484
6.07453,-7.80182
6.07625,-7.80879
6.078,-7.81576
6.07976,-7.82273
6.08154,-7.82969
6.08333,-7.83665
6.08514,-7.8436
6.08697,-7.85055
6.08881,-7.85749
6.09067,-7.86443
6.09254,-7.87137
6.09444,-7.8783
6.09634,-7.88523
6.09827,-7.89215
6.1002,-7.89907
6.10216,-7.90598
6.10413,-7.91289
6.10612,-7.9198
6.10812,-7.9267
6.11014,-7.93359
6.11217,-7.94048
6.11422,-7.94737
6.11628,-7.95425
6.11836,-7.96113
6.12046,-7.968
6.12257,-7.97486
6.12469,-7.98173
6.12684,-7.98859
6.12899,-7.99544
6.13116,-8.00229
6.13335,-8.00913
6.13555,-8.01597
6.13777,-8.0228
6.14,-8.02963
6.14225,-8.03645
6.14451,-8.04327
6.14679,-8.05009
6.14908,-8.0569
6.15139,-8.0637
6.15371,-8.0705
6.15605,-8.07729
6.1584,-8.08408
6.16077,-8.09087
6.16315,-8.09764
6.16554,-8.10442
6.16795,-8.11119
6.17038,-8.11795
6.17282,-8.12471
6.17527,-8.13146
6.17774,-8.13821
6.18022,-8.14495
6.18271,-8.15169
6.18522,-8.15842
6.18775,-8.16515
6.19029,-8.17187
6.19284,-8.17859
6.19541,-8.1853
6.19799,-8.192
6.20058,-8.1987
6.20319,-8.2054
6.20582,-8.21209
6.20845,-8.21877
6.2111,-8.22545
6.21377,-8.23212
6.21645,-8.23879
6.21914,-8.24545
6.22185,-8.25211
6.22456,-8.25876
6.2273,-8.26541
6.23004,-8.27205
6.2328,-8.27868
6.23558,-8.28531
6.23837,-8.29193
6.24117,-8.29855
6.24398,-8.30517
6.24681,-8.31177
6.24965,-8.31837
6.2525,-8.32497
6.25537,-8.33156
6.25825,-8.33814
6.26115,-8.34472
6.26405,-8.35129
6.26697,-8.35786
6.26991,-8.36442
6.27285,-8.37098
6.27581,-8.37753
6.27878,-8.38407
6.28177,-8.39061
6.28477,-8.39714
6.28778,-8.40367
6.2908,-8.41019
6.29384,-8.4167
6.29689,-8.42321
6.29995,-8.42971
6.30302,-8.43621
6.30611,-8.4427
6.30921,-8.44919
6.31233,-8.45567
6.31545,-8.46214
6.31859,-8.46861
6.32174,-8.47507
6.3249,-8.48153
6.32808,-8.48798
6.33126,-8.49442
6.33447,-8.50086
6.33768,-8.50729
6.3409,-8.51371
6.34414,-8.52013
6.34739,-8.52655
6.35065,-8.53295
6.35392,-8.53936
6.35721,-8.54575
6.36051,-8.55214
6.36382,-8.55852
6.36714,-8.5649
6.37047,-8.57127
6.37382,-8.57763
6.37718,-8.58399
6.38055,-8.59034
6.38393,-8.59669
6.38733,-8.60303
6.39073,-8.60936
6.39415,-8.61569
6.39758,-8.62201
6.40102,-8.62833
6.40447,-8.63464
6.40794,-8.64094
6.41141,-8.64723
6.4149,-8.65352
6.4184,-8.65981
6.42191,-8.66608
6.42543,-8.67236
6.42897,-8.67862
6.43251,-8.68488
6.43607,-8.69113
6.43964,-8.69738
6.44322,-8.70361
6.44681,-8.70985
6.45041,-8.71607
6.45403,-8.72229
6.45765,-8.72851
6.46129,-8.73471
6.46494,-8.74091
6.4686,-8.74711
6.47227,-8.7533
6.47595,-8.75948
6.47964,-8.76565
6.48335,-8.77182
6.48706,-8.77798
6.49079,-8.78414
6.49452,-8.79029
6.49827,-8.79643
6.50203,-8.80257
6.5058,-8.8087
6.50958,-8.81482
6.51337,-8.82094
6.51717,-8.82704
6.52099,-8.83315
6.52481,-8.83924
6.52865,-8.84533
6.53249,-8.85142
6.53635,-8.8575
6.54022,-8.86357
6.54409,-8.86963
6.54798,-8.87569
6.55188,-8.88174
6.55579,-8.88778
6.55971,-8.89382
6.56364,-8.89985
6.56758,-8.90587
6.57154,-8.91189
6.5755,-8.9179
6.57947,-8.9239
6.58345,-8.9299
6.58745,-8.93589
6.59145,-8.94187
6.59547,-8.94785
6.59949,-8.95382
6.60353,-8.95978
6.60757,-8.96574
6.61163,-8.97169
6.61569,-8.97763
6.61977,-8.98357
6.62386,-8.9895
6.62795,-8.99542
6.63206,-9.00134
6.63618,-9.00725
6.6403,-9.01315
6.64444,-9.01904
6.64859,-9.02493
6.65274,-9.03081
6.65691,-9.03669
6.66109,-9.04256
6.66527,-9.04842
6.66947,-9.05427
6.67368,-9.06012
6.6779,-9.06596
6.68212,-9.0718
6.68636,-9.07762
6.6906,-9.08344
6.69486,-9.08926
6.69913,-9.09506
6.7034,-9.10086
6.70769,-9.10665
6.71198,-9.11244
6.71629,-9.11822
6.7206,-9.12399
6.72492,-9.12975
6.72926,-9.13551
6.7336,-9.14126
6.73795,-9.147
6.74232,-9.15274
6.74669,-9.15847
6.75107,-9.16419
6.75546,-9.16991
6.75986,-9.17562
6.76427,-9.18132
6.76869,-9.18701
6.77312,-9.1927
6.77756,-9.19838
6.782,-9.20405
6.78646,-9.20972
6.79093,-9.21538
6.7954,-9.22103
6.79989,-9.22667
6.80438,-9.23231
6.80888,-9.23794
6.8134,-9.24357
6.81792,-9.24918
6.82245,-9.25479
6.82699,-9.26039
6.83154,-9.26599
6.8361,-9.27158
6.84066,-9.27716
6.84524,-9.28273
6.84983,-9.2883
6.85442,-9.29386
6.85902,-9.29941
6.86364,-9.30496
6.86826,-9.31049
6.87289,-9.31602
6.87753,-9.32155
6.88218,-9.32706
6.88683,-9.33257
6.8915,-9.33807
6.89617,-9.34357
6.90086,-9.34906
6.90555,-9.35454
6.91025,-9.36001
6.91496,-9.36547
6.91968,-9.37093
6.92441,-9.37638
6.92914,-9.38183
6.93389,-9.38726
6.93864,-9.39269
6.94341,-9.39812
6.94818,-9.40353
6.95296,-9.40894
6.95775,-9.41434
6.96254,-9.41973
6.96735,-9.42512
6.97216,-9.43049
6.97699,-9.43586
6.98182,-9.44123
6.98666,-9.44658
6.9915,-9.45193
6.99636,-9.45727
7.00123,-9.46261
7.0061,-9.46793
7.01098,-9.47325
7.01587,-9.47857
7.02077,-9.48387
7.02568,-9.48917
7.03059,-9.49446
7.03552,-9.49974
7.04045,-9.50501
7.04539,-9.51028
7.05034,-9.51554
7.0553,-9.52079
7.06026,-9.52604
7.06523,-9.53128
7.07022,-9.53651
7.07521,-9.54173
7.0802,-9.54695
7.08521,-9.55215
7.09022,-9.55735
7.09525,-9.56255
7.10028,-9.56773
7.10532,-9.57291
7.11036,-9.57808
7.11542,-9.58324
7.12048,-9.5884
7.12555,-9.59355
7.13063,-9.59869
7.13572,-9.60382
7.14081,-9.60894
7.14591,-9.61406
7.15102,-9.61917
7.15614,-9.62427
7.16127,-9.62937
7.1664,-9.63446
7.17154,-9.63954
7.17669,-9.64461
7.18185,-9.64967
7.18702,-9.65473
7.19219,-9.65978
7.19737,-9.66482
7.20256,-9.66986
7.20776,-9.67488
7.21296,-9.6799
7.21818,-9.68491
7.2234,-9.68992
7.22862,-9.69491
7.23386,-9.6999
7.2391,-9.70488
7.24435,-9.70986
7.24961,-9.71482
7.25488,-9.71978
7.26015,-9.72473
7.26543,-9.72967
7.27072,-9.73461
7.27601,-9.73954
7.28132,-9.74446
7.28663,-9.74937
7.29195,-9.75427
7.29727,-9.75917
7.30261,-9.76406
7.30795,-9.76894
7.3133,-9.77381
7.31865,-9.77868
7.32402,-9.78353
7.32939,-9.78838
7.33476,-9.79323
7.34015,-9.79806
7.34554,-9.80289
7.35094,-9.8077
7.35635,-9.81252
7.36177,-9.81732
7.36719,-9.82211
7.37262,-9.8269
7.37805,-9.83168
7.3835,-9.83645
7.38895,-9.84122
7.39441,-9.84597
7.39987,-9.85072
7.40534,-9.85546
7.41082,-9.8602
7.41631,-9.86492
7.4218,-9.86964
7.42731,-9.87435
7.43281,-9.87905
7.43833,-9.88374
7.44385,-9.88843
7.44938,-9.89311
7.45492,-9.89778
7.46046,-9.90244
7.46601,-9.90709
7.47157,-9.91174
7.47714,-9.91638
7.48271,-9.92101
7.48829,-9.92563
7.49387,-9.93024
7.49946,-9.93485
7.50506,-9.93945
7.51067,-9.94404
7.51628,-9.94862
7.5219,-9.9532
7.52753,-9.95776
7.53316,-9.96232
7.5388,-9.96687
7.54445,-9.97142
7.55011,-9.97595
7.55577,-9.98048
7.56143,-9.985
7.56711,-9.98951
7.57279,-9.99401
7.57848,-9.99851
7.58417,-10.003
7.58988,-10.0075
7.59558,-10.0119
7.6013,-10.0164
7.60702,-10.0209
7.61275,-10.0253
7.61848,-10.0297
7.62423,-10.0342
7.62997,-10.0386
7.63573,-10.043
7.64149,-10.0474
7.64726,-10.0518
7.65303,-10.0562
7.65881,-10.0606
7.6646,-10.065
7.6704,-10.0693
7.6762,-10.0737
7.682,-10.078
7.68782,-10.0824
7.69364,-10.0867
7.69946,-10.091
7.7053,-10.0953
7.71114,-10.0997
7.71698,-10.104
7.72283,-10.1082
7.72869,-10.1125
7.73456,-10.1168
7.74043,-10.1211
7.74631,-10.1253
7.75219,-10.1296
7.75808,-10.1338
7.76398,-10.1381
7.76988,-10.1423
7.77579,-10.1465
7.78171,-10.1507
7.78763,-10.1549
7.79356,-10.1591
7.79949,-10.1633
7.80543,-10.1675
7.81138,-10.1716
7.81733,-10.1758
7.82329,-10.18
7.82926,-10.1841
7.83523,-10.1882
7.84121,-10.1924
7.84719,-10.1965
7.85318,-10.2006
7.85918,-10.2047
7.86518,-10.2088
7.87119,-10.2129
7.8772,-10.2169
7.88322,-10.221
7.88925,-10.2251
7.89528,-10.2291
7.90132,-10.2332
7.90736,-10.2372
7.91341,-10.2412
7.91947,-10.2453
7.92553,-10.2493
7.9316,-10.2533
7.93768,-10.2573
7.94376,-10.2612
7.94984,-10.2652
7.95594,-10.2692
7.96203,-10.2731
7.96814,-10.2771
7.97425,-10.281
7.98036,-10.285
7.98648,-10.2889
7.99261,-10.2928
7.99875,-10.2967
8.00488,-10.3006
8.01103,-10.3045
8.01718,-10.3084
8.02334,-10.3123
8.0295,-10.3161
8.03567,-10.32
8.04184,-10.3238
8.04802,-10.3277
8.0542,-10.3315
8.0604,-10.3353
8.06659,-10.3392
8.07279,-10.343
8.079,-10.3468
8.08522,-10.3505
8.09144,-10.3543
8.09766,-10.3581
8.10389,-10.3619
8.11013,-10.3656
8.11637,-10.3694
8.12262,-10.3731
8.12887,-10.3768
8.13513,-10.3805
8.14139,-10.3843
8.14766,-10.388
8.15393,-10.3917
8.16021,-10.3953
8.1665,-10.399
8.17279,-10.4027
8.17909,-10.4063
8.18539,-10.41
8.1917,-10.4136
8.19801,-10.4173
8.20433,-10.4209
8.21066,-10.4245
8.21699,-10.4281
8.22332,-10.4317
8.22966,-10.4353
8.23601,-10.4389
8.24236,-10.4425
8.24871,-10.446
8.25508,-10.4496
8.26144,-10.4531
8.26781,-10.4567
8.27419,-10.4602
8.28058,-10.4637
8.28696,-10.4672
8.29336,-10.4707
8.29976,-10.4742
8.30616,-10.4777
8.31257,-10.4812
8.31898,-10.4846
8.3254,-10.4881
8.33183,-10.4915
8.33826,-10.495
8.34469,-10.4984
8.35113,-10.5018
8.35758,-10.5052
8.36403,-10.5086
8.37049,-10.512
8.37695,-10.5154
8.38341,-10.5188
8.38988,-10.5222
8.39636,-10.5255
8.40284,-10.5289
8.40933,-10.5322
8.41582,-10.5356
8.42232,-10.5389
8.42882,-10.5422
8.43532,-10.5455
8.44183,-10.5488
8.44835,-10.5521
8.45487,-10.5554
8.4614,-10.5586
8.46793,-10.5619
8.47447,-10.5651
8.48101,-10.5684
8.48755,-10.5716
8.4941,-10.5748
8.50066,-10.5781
8.50722,-10.5813
8.51379,-10.5845
8.52036,-10.5876
8.52693,-10.5908
8.53351,-10.594
8.5401,-10.5971
8.54669,-10.6003
8.55328,-10.6034
8.55988,-10.6066
8.56649,-10.6097
8.5731,-10.6128
8.57971,-10.6159
8.58633,-10.619
8.59295,-10.6221
8.59958,-10.6252
8.60621,-10.6282
8.61285,-10.6313
8.61949,-10.6344
8.62614,-10.6374
8.63279,-10.6404
8.63945,-10.6434
8.64611,-10.6465
8.65277,-10.6495
8.65944,-10.6525
8.66612,-10.6554
8.6728,-10.6584
8.67948,-10.6614
8.68617,-10.6643
8.69286,-10.6673
8.69956,-10.6702
8.70626,-10.6732
8.71297,-10.6761
8.71968,-10.679
8.72639,-10.6819
8.73311,-10.6848
8.73984,-10.6877
8.74657,-10.6905
8.7533,-10.6934
8.76004,-10.6962
8.76678,-10.6991
8.77353,-10.7019
8.78028,-10.7047
8.78703,-10.7076
8.79379,-10.7104
8.80056,-10.7132
8.80733,-10.716
8.8141,-10.7187
8.82088,-10.7215
8.82766,-10.7243
8.83445,-10.727
8.84124,-10.7297
8.84803,-10.7325
8.85483,-10.7352
8.86163,-10.7379
8.86844,-10.7406
8.87525,-10.7433
8.88207,-10.746
8.88889,-10.7487
8.89571,-10.7513
8.90254,-10.754
8.90937,-10.7566
8.91621,-10.7592
8.92305,-10.7619
8.9299,-10.7645
8.93675,-10.7671
8.9436,-10.7697
8.95046,-10.7723
8.95732,-10.7749
8.96419,-10.7774
8.97106,-10.78
8.97793,-10.7825
8.98481,-10.7851
8.99169,-10.7876
8.99858,-10.7901
9.00547,-10.7926
9.01236,-10.7951
9.01926,-10.7976
9.02616,-10.8001
9.03307,-10.8025
9.03998,-10.805
9.0469,-10.8074
9.05381,-10.8099
9.06074,-10.8123
9.06766,-10.8147
9.07459,-10.8171
9.08153,-10.8195
9.08846,-10.8219
9.09541,-10.8243
9.10235,-10.8267
9.1093,-10.829
9.11625,-10.8314
9.12321,-10.8337
9.13017,-10.8361
9.13714,-10.8384
9.14411,-10.8407
9.15108,-10.843
9.15805,-10.8453
9.16503,-10.8476
9.17202,-10.8498
9.179,-10.8521
9.186,-10.8543
9.19299,-10.8566
9.19999,-10.8588
9.20699,-10.861
9.214,-10.8632
9.22101,-10.8654
9.22802,-10.8676
9.23504,-10.8698
9.24206,-10.872
9.24908,-10.8741
9.25611,-10.8763
9.26314,-10.8784
9.27017,-10.8805
9.27721,-10.8827
9.28425,-10.8848
9.2913,-10.8869
9.29835,-10.889
9.3054,-10.891
9.31246,-10.8931
9.31952,-10.8952
9.32658,-10.8972
9.33365,-10.8992
9.34072,-10.9013
9.34779,-10.9033
9.35487,-10.9053
9.36195,-10.9073
9.36903,-10.9093
9.37612,-10.9112
9.38321,-10.9132
9.3903,-10.9151
9.3974,-10.9171
9.4045,-10.919
9.4116,-10.9209
9.41871,-10.9229
9.42582,-10.9248
9.43293,-10.9266
9.44005,-10.9285
9.44717,-10.9304
9.45429,-10.9323
9.46142,-10.9341
9.46855,-10.9359
9.47568,-10.9378
9.48282,-10.9396
9.48996,-10.9414
9.4971,-10.9432
9.50425,-10.945
9.5114,-10.9467
9.51855,-10.9485
9.5257,-10.9503
9.53286,-10.952
9.54002,-10.9537
9.54719,-10.9555
9.55435,-10.9572
9.56153,-10.9589
9.5687,-10.9606
9.57588,-10.9622
9.58306,-10.9639
9.59024,-10.9656
9.59742,-10.9672
9.60461,-10.9688
9.6118,-10.9705
9.619,-10.9721
9.6262,-10.9737
9.6334,-10.9753
9.6406,-10.9768
9.64781,-10.9784
9.65501,-10.98
9.66223,-10.9815
9.66944,-10.9831
9.67666,-10.9846
9.68388,-10.9861
9.6911,-10.9876
9.69833,-10.9891
9.70556,-10.9906
9.71279,-10.9921
9.72002,-10.9935
9.72726,-10.995
9.7345,-10.9964
9.74174,-10.9978
9.74899,-10.9992
9.75624,-11.0007
9.76349,-11.002
9.77074,-11.0034
9.778,-11.0048
9.78526,-11.0062
9.79252,-11.0075
9.79978,-11.0089
9.80705,-11.0102
9.81432,-11.0115
9.82159,-11.0128
9.82886,-11.0141
9.83614,-11.0154
9.84342,-11.0166
9.8507,-11.0179
9.85798,-11.0192
9.86527,-11.0204
9.87256,-11.0216
9.87985,-11.0228
9.88714,-11.024
9.89444,-11.0252
9.90174,-11.0264
9.90904,-11.0276
9.91634,-11.0287
9.92365,-11.0299
9.93096,-11.031
9.93827,-11.0321
9.94558,-11.0333
9.95289,-11.0344
9.96021,-11.0354
9.96753,-11.0365
9.97485,-11.0376
9.98218,-11.0386
9.9895,-11.0397
9.99683,-11.0407
10.0042,-11.0417
10.0115,-11.0427
10.0188,-11.0437
10.0262,-11.0447
10.0335,-11.0457
10.0408,-11.0467
10.0482,-11.0476
10.0555,-11.0486
10.0629,-11.0495
10.0702,-11.0504
10.0776,-11.0513
10.0849,-11.0522
10.0923,-11.0531
10.0996,-11.0539
10.107,-11.0548
10.1144,-11.0556
10.1217,-11.0565
10.1291,-11.0573
10.1365,-11.0581
10.1438,-11.0589
10.1512,-11.0597
10.1586,-11.0605
10.166,-11.0612
10.1733,-11.062
10.1807,-11.0627
10.1881,-11.0634
10.1955,-11.0641
10.2029,-11.0648
10.2102,-11.0655
10.2176,-11.0662
10.225,-11.0669
10.2324,-11.0675
10.2398,-11.0682
10.2472,-11.0688
10.2546,-11.0694
10.262,-11.07
10.2694,-11.0706
10.2768,-11.0712
10.2842,-11.0717
10.2916,-11.0723
10.299,-11.0728
10.3064,-11.0734
10.3138,-11.0739
10.3212,-11.0744
10.3286,-11.0749
10.336,-11.0754
10.3434,-11.0758
10.3509,-11.0763
10.3583,-11.0767
10.3657,-11.0772
10.3731,-11.0776
10.3805,-11.078
10.3879,-11.0784
10.3954,-11.0788
10.4028,-11.0791
10.4102,-11.0795
10.4176,-11.0798
10.4251,-11.0802
10.4325,-11.0805
10.4399,-11.0808
10.4474,-11.0811
10.4548,-11.0814
10.4622,-11.0816
10.4697,-11.0819
10.4771,-11.0821
10.4845,-11.0824
10.492,-11.0826
10.4994,-11.0828
10.5068,-11.083
10.5143,-11.0831
10.5217,-11.0833
10.5292,-11.0835
10.5366,-11.0836
10.544,-11.0837
10.5515,-11.0838
10.5589,-11.0839
10.5664,-11.084
10.5738,-11.0841
10.5813,-11.0842
10.5887,-11.0842
10.5962,-11.0842
10.6036,-11.0843
10.6111,-11.0843
10.6185,-11.0843
10.626,-11.0843
10.6334,-11.0842
10.6409,-11.0842
10.6483,-11.0841
10.6558,-11.0841
10.6632,-11.084
10.6707,-11.0839
10.6782,-11.0838
10.6856,-11.0836
10.6931,-11.0835
10.7005,-11.0834
10.708,-11.0832
10.7154,-11.083
10.7229,-11.0828
10.7304,-11.0826
10.7378,-11.0824
10.7453,-11.0822
10.7527,-11.0819
10.7602,-11.0817
10.7676,-11.0814
10.7751,-11.0811
10.7826,-11.0808
10.79,-11.0805
10.7975,-11.0802
10.8049,-11.0798
10.8124,-11.0795
10.8199,-11.0791
10.8273,-11.0787
10.8348,-11.0783
10.8422,-11.0779
10.8497,-11.0775
10.8572,-11.0771
10.8646,-11.0766
10.8721,-11.0762
10.8795,-11.0757
10.887,-11.0752
10.8945,-11.0747
10.9019,-11.0742
10.9094,-11.0736
10.9168,-11.0731
10.9243,-11.0725
10.9318,-11.0719
10.9392,-11.0714
10.9467,-11.0707
10.9541,-11.0701
10.9616,-11.0695
10.969,-11.0688
10.9765,-11.0682
10.9839,-11.0675
10.9914,-11.0668
10.9988,-11.0661
11.0063,-11.0654
11.0138,-11.0647
11.0212,-11.0639
11.0287,-11.0632
11.0361,-11.0624
11.0435,-11.0616
11.051,-11.0608
11.0584,-11.06
11.0659,-11.0591
11.0733,-11.0583
11.0808,-11.0574
11.0882,-11.0565
11.0957,-11.0556
11.1031,-11.0547
11.1105,-11.0538
11.118,-11.0529
11.1254,-11.0519
11.1329,-11.051
11.1403,-11.05
11.1477,-11.049
11.1552,-11.048
11.1626,-11.0469
11.17,-11.0459
11.1775,-11.0448
11.1849,-11.0438
11.1923,-11.0427
11.1997,-11.0416
11.2072,-11.0405
11.2146,-11.0393
11.222,-11.0382
11.2294,-11.037
11.2368,-11.0358
11.2443,-11.0347
11.2517,-11.0334
11.2591,-11.0322
11.2665,-11.031
11.2739,-11.0297
11.2813,-11.0285
11.2887,-11.0272
11.2961,-11.0259
11.3035,-11.0246
11.3109,-11.0232
11.3183,-11.0219
11.3257,-11.0205
11.3331,-11.0191
11.3405,-11.0177
11.3479,-11.0163
11.3553,-11.0149
11.3627,-11.0135
11.37,-11.012
11.3774,-11.0105
11.3848,-11.0091
11.3922,-11.0076
11.3995,-11.006
11.4069,-11.0045
11.4143,-11.0029
11.4216,-11.0014
11.429,-10.9998
11.4364,-10.9982
11.4437,-10.9966
11.4511,-10.9949
11.4584,-10.9933
11.4658,-10.9916
11.4731,-10.99
11.4805,-10.9883
11.4878,-10.9865
11.4952,-10.9848
11.5025,-10.9831
11.5098,-10.9813
11.5171,-10.9795
11.5245,-10.9777
11.5318,-10.9759
11.5391,-10.9741
11.5464,-10.9723
11.5537,-10.9704
11.5611,-10.9685
11.5684,-10.9666
11.5757,-10.9647
11.583,-10.9628
11.5903,-10.9608
11.5975,-10.9589
11.6048,-10.9569
11.6121,-10.9549
11.6194,-10.9529
11.6267,-10.9509
11.634,-10.9488
11.6412,-10.9468
11.6485,-10.9447
11.6558,-10.9426
11.663,-10.9405
11.6703,-10.9384
11.6775,-10.9362
11.6848,-10.934
11.692,-10.9319
11.6992,-10.9297
11.7065,-10.9274
11.7137,-10.9252
11.7209,-10.923
11.7281,-10.9207
11.7354,-10.9184
11.7426,-10.9161
11.7498,-10.9138
11.757,-10.9114
11.7642,-10.9091
11.7714,-10.9067
11.7786,-10.9043
11.7857,-10.9019
11.7929,-10.8995
11.8001,-10.8971
11.8072,-10.8946
11.8144,-10.8921
11.8216,-10.8896
11.8287,-10.8871
11.8359,-10.8846
11.843,-10.882
11.8501,-10.8794
11.8573,-10.8769
11.8644,-10.8743
11.8715,-10.8716
11.8786,-10.869
11.8857,-10.8663
11.8928,-10.8637
11.8999,-10.861
11.907,-10.8582
11.9141,-10.8555
11.9212,-10.8528
11.9283,-10.85
11.9353,-10.8472
11.9424,-10.8444
11.9494,-10.8416
11.9565,-10.8387
11.9635,-10.8359
11.9705,-10.833
11.9776,-10.8301
11.9846,-10.8272
11.9916,-10.8242
11.9986,-10.8213
12.0056,-10.8183
12.0126,-10.8153
12.0196,-10.8123
12.0266,-10.8093
12.0335,-10.8062
12.0405,-10.8031
12.0475,-10.8
12.0544,-10.7969
12.0614,-10.7938
12.0683,-10.7907
12.0752,-10.7875
12.0821,-10.7843
12.0891,-10.7811
12.096,-10.7779
12.1029,-10.7746
12.1097,-10.7714
12.1166,-10.7681
12.1235,-10.7648
12.1304,-10.7615
12.1372,-10.7581
12.1441,-10.7548
12.1509,-10.7514
12.1577,-10.748
12.1645,-10.7446
12.1714,-10.7411
12.1782,-10.7377
12.185,-10.7342
12.1917,-10.7307
12.1985,-10.7272
12.2053,-10.7236
12.212,-10.7201
12.2188,-10.7165
12.2255,-10.7129
12.2323,-10.7093
12.239,-10.7056
12.2457,-10.702
12.2524,-10.6983
12.2591,-10.6946
12.2658,-10.6908
12.2724,-10.6871
12.2791,-10.6833
12.2857,-10.6796
12.2924,-10.6758
12.299,-10.6719
12.3056,-10.6681
12.3122,-10.6642
12.3188,-10.6603
12.3254,-10.6564
12.332,-10.6525
12.3385,-10.6485
12.3451,-10.6446
12.3516,-10.6406
12.3582,-10.6366
12.3647,-10.6325
12.3712,-10.6285
12.3777,-10.6244
12.3842,-10.6203
12.3906,-10.6162
12.3971,-10.612
12.4035,-10.6079
12.41,-10.6037
12.4164,-10.5995
12.4228,-10.5953
12.4292,-10.591
12.4356,-10.5867
12.4419,-10.5824
12.4483,-10.5781
12.4546,-10.5738
12.461,-10.5694
12.4673,-10.5651
12.4736,-10.5607
12.4799,-10.5562
12.4862,-10.5518
12.4924,-10.5473
12.4987,-10.5429
12.5049,-10.5383
12.5111,-10.5338
12.5173,-10.5293
12.5235,-10.5247
12.5297,-10.5201
12.5358,-10.5155
12.542,-10.5108
12.5481,-10.5062
12.5542,-10.5015
12.5603,-10.4968
12.5664,-10.492
12.5725,-10.4873
12.5785,-10.4825
12.5846,-10.4777
12.5906,-10.4729
12.5966,-10.468
12.6026,-10.4632
12.6085,-10.4583
12.6145,-10.4534
12.6204,-10.4484
12.6263,-10.4435
12.6322,-10.4385
12.6381,-10.4335
12.644,-10.4285
12.6498,-10.4234
12.6557,-10.4184
12.6615,-10.4133
12.6673,-10.4081
12.673,-10.403
12.6788,-10.3978
12.6845,-10.3927
12.6902,-10.3874
12.6959,-10.3822
12.7016,-10.377
12.7073,-10.3717
12.7129,-10.3664
12.7185,-10.3611
12.7241,-10.3557
12.7297,-10.3503
12.7353,-10.3449
12.7408,-10.3395
12.7463,-10.3341
12.7518,-10.3286
12.7573,-10.3231
12.7627,-10.3176
12.7682,-10.3121
12.7736,-10.3065
12.779,-10.3009
12.7843,-10.2953
12.7897,-10.2897
12.795,-10.284
12.8003,-10.2784
12.8056,-10.2727
12.8108,-10.2669
12.816,-10.2612
12.8212,-10.2554
12.8264,-10.2496
12.8316,-10.2438
12.8367,-10.238
12.8418,-10.2321
12.8469,-10.2262
12.8519,-10.2203
12.857,-10.2144
12.862,-10.2084
12.8669,-10.2024
12.8719,-10.1964
12.8768,-10.1904
12.8817,-10.1843
12.8866,-10.1783
12.8914,-10.1722
12.8962,-10.166
12.901,-10.1599
12.9058,-10.1537
12.9105,-10.1475
12.9152,-10.1413
12.9199,-10.135
12.9246,-10.1288
12.9292,-10.1225
12.9338,-10.1162
12.9383,-10.1098
12.9428,-10.1035
12.9473,-10.0971
12.9518,-10.0907
12.9562,-10.0843
12.9606,-10.0778
12.965,-10.0713
12.9694,-10.0648
12.9737,-10.0583
12.9779,-10.0517
12.9822,-10.0452
12.9864,-10.0386
12.9906,-10.032
12.9947,-10.0253
12.9988,-10.0187
13.0029,-10.012
13.0069,-10.0053
13.0109,-9.99853
13.0149,-9.99178
13.0188,-9.985
13.0227,-9.9782
13.0266,-9.97138
13.0304,-9.96453
13.0342,-9.95767
13.038,-9.95078
13.0417,-9.94387
13.0454,-9.93693
13.049,-9.92998
13.0526,-9.923
13.0562,-9.916
13.0597,-9.90898
13.0632,-9.90194
13.0666,-9.89487
13.07,-9.88779
13.0734,-9.88068
13.0767,-9.87355
13.08,-9.8664
13.0832,-9.85923
13.0864,-9.85204
13.0895,-9.84483
13.0927,-9.8376
13.0957,-9.83035
13.0987,-9.82308
13.1017,-9.81579
13.1046,-9.80848
13.1075,-9.80115
13.1104,-9.7938
13.1132,-9.78643
13.1159,-9.77904
13.1186,-9.77163
13.1213,-9.7642
13.1239,-9.75676
13.1264,-9.7493
13.1289,-9.74182
13.1314,-9.73432
13.1338,-9.7268
13.1362,-9.71927
13.1385,-9.71172
13.1408,-9.70415
13.143,-9.69656
13.1451,-9.68896
13.1472,-9.68134
13.1493,-9.67371
13.1513,-9.66606
13.1533,-9.6584
13.1552,-9.65072
13.157,-9.64303
13.1588,-9.63532
13.1605,-9.6276
13.1622,-9.61986
13.1638,-9.61211
13.1654,-9.60435
13.1669,-9.59658
13.1684,-9.58879
13.1697,-9.58099
13.1711,-9.57318
13.1724,-9.56536
13.1736,-9.55753
13.1747,-9.54969
13.1758,-9.54183
13.1769,-9.53397
13.1779,-9.5261
13.1788,-9.51822
13.1796,-9.51033
13.1804,-9.50243
13.1812,-9.49453
13.1818,-9.48662
13.1824,-9.4787
13.183,-9.47078
13.1835,-9.46285
13.1839,-9.45492
13.1842,-9.44698
13.1845,-9.43904
13.1847,-9.4311
13.1849,-9.42315
13.1849,-9.4152
13.185,-9.40725
13.1849,-9.3993
13.1848,-9.39135
13.1846,-9.3834
13.1843,-9.37545
13.184,-9.3675
13.1836,-9.35955
13.1831,-9.35161
13.1826,-9.34367
13.182,-9.33574
13.1813,-9.32781
13.1805,-9.31988
13.1797,-9.31196
13.1788,-9.30405
13.1778,-9.29615
13.1768,-9.28826
13.1757,-9.28037
13.1745,-9.2725
13.1732,-9.26464
13.1719,-9.25678
13.1705,-9.24895
13.169,-9.24112
13.1674,-9.23331
13.1657,-9.22551
13.164,-9.21773
13.1622,-9.20997
13.1603,-9.20223
13.1584,-9.1945
13.1564,-9.1868
13.1543,-9.17911
13.1521,-9.17145
13.1498,-9.1638
13.1475,-9.15619
13.1451,-9.14859
13.1426,-9.14102
13.14,-9.13348
13.1374,-9.12596
13.1346,-9.11848
13.1318,-9.11102
13.1289,-9.10359
13.126,-9.0962
13.1229,-9.08883
13.1198,-9.0815
13.1166,-9.07421
13.1133,-9.06695
13.11,-9.05972
13.1065,-9.05254
13.103,-9.04539
13.0994,-9.03828
13.0958,-9.03121
13.092,-9.02419
13.0882,-9.01721
13.0843,-9.01027
13.0803,-9.00337
13.0763,-8.99653
13.0721,-8.98973
13.0679,-8.98297
13.0636,-8.97627
13.0593,-8.96962
13.0548,-8.96302
13.0503,-8.95647
13.0457,-8.94998
13.0411,-8.94354
13.0364,-8.93716
13.0316,-8.93083
13.0267,-8.92456
13.0217,-8.91835
13.0167,-8.91221
13.0116,-8.90612
13.0064,-8.90009
13.0012,-8.89413
12.9959,-8.88823
12.9905,-8.8824
12.9851,-8.87663
12.9796,-8.87093
12.974,-8.8653
12.9684,-8.85974
12.9627,-8.85424
12.9569,-8.84882
12.9511,-8.84347
12.9452,-8.8382
12.9392,-8.83299
12.9332,-8.82786
12.9271,-8.82281
12.921,-8.81783
12.9148,-8.81293
12.9086,-8.80811
12.9023,-8.80336
12.8959,-8.7987
12.8895,-8.79411
12.883,-8.78961
12.8765,-8.78519
12.8699,-8.78084
12.8633,-8.77659
12.8566,-8.77241
12.8499,-8.76832
12.8431,-8.76431
12.8363,-8.76039
12.8295,-8.75655
12.8226,-8.7528
12.8156,-8.74914
12.8086,-8.74556
12.8016,-8.74207
12.7946,-8.73867
12.7875,-8.73536
12.7803,-8.73213
12.7731,-8.72899
12.7659,-8.72595
12.7587,-8.72299
12.7514,-8.72012
12.7441,-8.71734
12.7368,-8.71465
