-2.6863,-4.64546
-2.67986,-4.64887
-2.67341,-4.65227
-2.66695,-4.65567
-2.66049,-4.65906
-2.65403,-4.66244
-2.64756,-4.66581
-2.64108,-4.66917
-2.6346,-4.67252
-2.62811,-4.67586
-2.62162,-4.67919
-2.61513,-4.68252
-2.60863,-4.68583
-2.60212,-4.68914
-2.59561,-4.69244
-2.58909,-4.69573
-2.58257,-4.699
-2.57605,-4.70227
-2.56952,-4.70554
-2.56298,-4.70879
-2.55644,-4.71203
-2.5499,-4.71527
-2.54335,-4.71849
-2.53679,-4.72171
-2.53023,-4.72491
-2.52367,-4.72811
-2.5171,-4.7313
-2.51053,-4.73448
-2.50395,-4.73765
-2.49736,-4.74081
-2.49077,-4.74396
-2.48418,-4.7471
-2.47758,-4.75024
-2.47098,-4.75336
-2.46437,-4.75648
-2.45776,-4.75958
-2.45114,-4.76268
-2.44452,-4.76577
-2.43789,-4.76885
-2.43126,-4.77192
-2.42462,-4.77498
-2.41798,-4.77803
-2.41133,-4.78107
-2.40468,-4.7841
-2.39803,-4.78713
-2.39137,-4.79014
-2.3847,-4.79314
-2.37804,-4.79614
-2.37136,-4.79913
-2.36468,-4.8021
-2.358,-4.80507
-2.35131,-4.80803
-2.34462,-4.81098
-2.33793,-4.81392
-2.33123,-4.81685
-2.32452,-4.81977
-2.31781,-4.82268
-2.3111,-4.82559
-2.30438,-4.82848
-2.29765,-4.83136
-2.29093,-4.83424
-2.28419,-4.8371
-2.27746,-4.83996
-2.27072,-4.84281
-2.26397,-4.84564
-2.25722,-4.84847
-2.25047,-4.85129
-2.24371,-4.8541
-2.23694,-4.8569
-2.23018,-4.85969
-2.22341,-4.86247
-2.21663,-4.86524
-2.20985,-4.868
-2.20307,-4.87076
-2.19628,-4.8735
-2.18948,-4.87623
-2.18269,-4.87896
-2.17589,-4.88167
-2.16908,-4.88438
-2.16227,-4.88707
-2.15546,-4.88976
-2.14864,-4.89243
-2.14182,-4.8951
-2.13499,-4.89776
-2.12816,-4.90041
-2.12132,-4.90305
-2.11448,-4.90568
-2.10764,-4.9083
-2.10079,-4.91091
-2.09394,-4.91351
-2.08709,-4.9161
-2.08023,-4.91868
-2.07336,-4.92125
-2.0665,-4.92381
-2.05962,-4.92636
-2.05275,-4.92891
-2.04587,-4.93144
-2.03899,-4.93397
-2.0321,-4.93648
-2.02521,-4.93898
-2.01831,-4.94148
-2.01141,-4.94396
-2.00451,-4.94644
-1.9976,-4.94891
-1.99069,-4.95136
-1.98378,-4.95381
-1.97686,-4.95625
-1.96993,-4.95867
-1.96301,-4.96109
-1.95608,-4.9635
-1.94914,-4.9659
-1.94221,-4.96829
-1.93526,-4.97067
-1.92832,-4.97304
-1.92137,-4.97539
-1.91442,-4.97774
-1.90746,-4.98008
-1.9005,-4.98242
-1.89353,-4.98474
-1.88657,-4.98705
-1.87959,-4.98935
-1.87262,-4.99164
-1.86564,-4.99392
-1.85866,-4.99619
-1.85167,-4.99846
-1.84468,-5.00071
-1.83769,-5.00295
-1.83069,-5.00518
-1.82369,-5.00741
-1.81669,-5.00962
-1.80968,-5.01182
-1.80267,-5.01402
-1.79565,-5.0162
-1.78863,-5.01837
-1.78161,-5.02054
-1.77459,-5.02269
-1.76756,-5.02484
-1.76053,-5.02697
-1.75349,-5.02909
-1.74645,-5.03121
-1.73941,-5.03331
-1.73236,-5.03541
-1.72531,-5.03749
-1.71826,-5.03957
-1.7112,-5.04163
-1.70414,-5.04369
-1.69708,-5.04574
-1.69001,-5.04777
-1.68294,-5.0498
-1.67587,-5.05181
-1.6688,-5.05382
-1.66172,-5.05581
-1.65463,-5.0578
-1.64755,-5.05978
-1.64046,-5.06174
-1.63336,-5.0637
-1.62627,-5.06564
-1.61917,-5.06758
-1.61207,-5.06951
-1.60496,-5.07142
-1.59785,-5.07333
-1.59074,-5.07522
-1.58363,-5.07711
-1.57651,-5.07899
-1.56939,-5.08085
-1.56227,-5.08271
-1.55514,-5.08456
-1.54801,-5.08639
-1.54087,-5.08822
-1.53374,-5.09003
-1.5266,-5.09184
-1.51946,-5.09364
-1.51231,-5.09542
-1.50516,-5.0972
-1.49801,-5.09896
-1.49086,-5.10072
-1.4837,-5.10246
-1.47654,-5.1042
-1.46938,-5.10592
-1.46221,-5.10764
-1.45504,-5.10935
-1.44787,-5.11104
-1.4407,-5.11273
-1.43352,-5.1144
-1.42634,-5.11607
-1.41916,-5.11772
-1.41197,-5.11936
-1.40478,-5.121
-1.39759,-5.12262
-1.3904,-5.12424
-1.3832,-5.12584
-1.376,-5.12743
-1.3688,-5.12902
-1.36159,-5.13059
-1.35438,-5.13216
-1.34717,-5.13371
-1.33996,-5.13525
-1.33274,-5.13678
-1.32553,-5.13831
-1.3183,-5.13982
-1.31108,-5.14132
-1.30385,-5.14281
-1.29662,-5.1443
-1.28939,-5.14577
-1.28215,-5.14723
-1.27492,-5.14868
-1.26768,-5.15012
-1.26044,-5.15155
-1.25319,-5.15297
-1.24595,-5.15438
-1.2387,-5.15578
-1.23145,-5.15717
-1.22419,-5.15855
-1.21694,-5.15992
-1.20968,-5.16128
-1.20241,-5.16263
-1.19515,-5.16396
-1.18789,-5.16529
-1.18062,-5.16661
-1.17335,-5.16792
-1.16607,-5.16921
-1.1588,-5.1705
-1.15152,-5.17178
-1.14424,-5.17304
-1.13696,-5.1743
-1.12967,-5.17554
-1.12239,-5.17678
-1.1151,-5.178
-1.1078,-5.17922
-1.10051,-5.18042
-1.09322,-5.18162
-1.08592,-5.1828
-1.07862,-5.18397
-1.07132,-5.18514
-1.06401,-5.18629
-1.0567,-5.18743
-1.0494,-5.18856
-1.04208,-5.18968
-1.03477,-5.19079
-1.02746,-5.1919
-1.02014,-5.19299
-1.01282,-5.19407
-1.0055,-5.19513
-0.998177,-5.19619
-0.990852,-5.19724
-0.983525,-5.19828
-0.976196,-5.19931
-0.968865,-5.20033
-0.961533,-5.20133
-0.954198,-5.20233
-0.946861,-5.20331
-0.939523,-5.20429
-0.932182,-5.20526
-0.92484,-5.20621
-0.917495,-5.20715
-0.910149,-5.20809
-0.902802,-5.20901
-0.895452,-5.20992
-0.8881,-5.21083
-0.880747,-5.21172
-0.873392,-5.2126
-0.866035,-5.21347
-0.858677,-5.21433
-0.851317,-5.21518
-0.843955,-5.21602
-0.836591,-5.21685
-0.829226,-5.21767
-0.821859,-5.21848
-0.81449,-5.21927
-0.80712,-5.22006
-0.799748,-5.22084
-0.792374,-5.2216
-0.784999,-5.22236
-0.777622,-5.2231
-0.770244,-5.22384
-0.762864,-5.22456
-0.755483,-5.22528
-0.7481,-5.22598
-0.740716,-5.22667
-0.73333,-5.22735
-0.725943,-5.22802
-0.718554,-5.22868
-0.711163,-5.22933
-0.703772,-5.22997
-0.696379,-5.2306
-0.688984,-5.23122
-0.681588,-5.23183
-0.674191,-5.23243
-0.666792,-5.23301
-0.659392,-5.23359
-0.651991,-5.23416
-0.644588,-5.23471
-0.637184,-5.23525
-0.629779,-5.23579
-0.622373,-5.23631
-0.614965,-5.23682
-0.607556,-5.23733
-0.600146,-5.23782
-0.592734,-5.2383
-0.585322,-5.23877
-0.577908,-5.23923
-0.570493,-5.23968
-0.563077,-5.24012
-0.555659,-5.24054
-0.548241,-5.24096
-0.540822,-5.24137
-0.533401,-5.24176
-0.525979,-5.24215
-0.518557,-5.24252
-0.511133,-5.24289
-0.503708,-5.24324
-0.496282,-5.24358
-0.488855,-5.24391
-0.481427,-5.24424
-0.473998,-5.24455
-0.466569,-5.24485
-0.459138,-5.24514
-0.451706,-5.24541
-0.444274,-5.24568
-0.43684,-5.24594
-0.429406,-5.24619
-0.421971,-5.24642
-0.414534,-5.24665
-0.407098,-5.24686
-0.39966,-5.24707
-0.392221,-5.24726
-0.384782,-5.24744
-0.377342,-5.24761
-0.369901,-5.24777
-0.362459,-5.24792
-0.355017,-5.24806
-0.347574,-5.24819
-0.34013,-5.24831
-0.332685,-5.24842
-0.32524,-5.24852
-0.317794,-5.2486
-0.310348,-5.24868
-0.3029,-5.24874
-0.295453,-5.2488
-0.288004,-5.24884
-0.280555,-5.24887
-0.273106,-5.24889
-0.265656,-5.2489
-0.258205,-5.2489
-0.250754,-5.24889
-0.243302,-5.24887
-0.23585,-5.24884
-0.228398,-5.2488
-0.220945,-5.24874
-0.213491,-5.24868
-0.206037,-5.24861
-0.198583,-5.24852
-0.191128,-5.24842
-0.183673,-5.24832
-0.176217,-5.2482
-0.168761,-5.24807
-0.161305,-5.24793
-0.153849,-5.24778
-0.146392,-5.24762
-0.138935,-5.24745
-0.131477,-5.24726
-0.124019,-5.24707
-0.116561,-5.24687
-0.109103,-5.24665
-0.101645,-5.24643
-0.0941862,-5.24619
-0.0867273,-5.24594
-0.0792684,-5.24568
-0.0718092,-5.24542
-0.0643499,-5.24514
-0.0568905,-5.24485
-0.049431,-5.24454
-0.0419713,-5.24423
-0.0345116,-5.24391
-0.0270518,-5.24358
-0.019592,-5.24323
-0.0121321,-5.24288
-0.00467225,-5.24251
0.00278764,-5.24213
0.0102475,-5.24174
0.0177074,-5.24135
0.0251672,-5.24094
0.0326269,-5.24052
0.0400866,-5.24009
0.0475462,-5.23964
0.0550057,-5.23919
0.0624651,-5.23873
0.0699243,-5.23825
0.0773834,-5.23777
0.0848423,-5.23727
0.0923011,-5.23677
0.0997596,-5.23625
0.107218,-5.23572
0.114676,-5.23518
0.122134,-5.23463
0.129592,-5.23407
0.137049,-5.2335
0.144506,-5.23292
0.151963,-5.23232
0.159419,-5.23172
0.166875,-5.2311
0.174331,-5.23048
0.181786,-5.22984
0.189241,-5.22919
0.196696,-5.22853
0.20415,-5.22787
0.211604,-5.22719
0.219057,-5.22649
0.22651,-5.22579
0.233962,-5.22508
0.241414,-5.22436
0.248865,-5.22362
0.256316,-5.22288
0.263766,-5.22212
0.271216,-5.22135
0.278665,-5.22058
0.286114,-5.21979
0.293562,-5.21899
0.301009,-5.21818
0.308456,-5.21736
0.315902,-5.21652
0.323347,-5.21568
0.330792,-5.21483
0.338236,-5.21396
0.34568,-5.21309
0.353122,-5.2122
0.360564,-5.2113
0.368005,-5.21039
0.375445,-5.20948
0.382885,-5.20855
0.390324,-5.2076
0.397761,-5.20665
0.405199,-5.20569
0.412635,-5.20472
0.42007,-5.20373
0.427505,-5.20274
0.434938,-5.20173
0.442371,-5.20071
0.449802,-5.19969
0.457233,-5.19865
0.464663,-5.1976
0.472092,-5.19654
0.47952,-5.19547
0.486946,-5.19439
0.494372,-5.19329
0.501797,-5.19219
0.509221,-5.19107
0.516643,-5.18995
0.524065,-5.18881
0.531485,-5.18766
0.538904,-5.18651
0.546322,-5.18534
0.553739,-5.18416
0.561155,-5.18297
0.56857,-5.18176
0.575983,-5.18055
0.583395,-5.17933
0.590806,-5.17809
0.598216,-5.17685
0.605625,-5.17559
0.613032,-5.17432
0.620438,-5.17305
0.627842,-5.17176
0.635245,-5.17046
0.642647,-5.16915
0.650048,-5.16783
0.657447,-5.16649
0.664845,-5.16515
0.672241,-5.1638
0.679636,-5.16243
0.687029,-5.16106
0.694421,-5.15967
0.701812,-5.15827
0.709201,-5.15686
0.716588,-5.15544
0.723974,-5.15401
0.731359,-5.15257
0.738742,-5.15112
0.746123,-5.14966
0.753503,-5.14818
0.760881,-5.1467
0.768258,-5.1452
0.775633,-5.1437
0.783006,-5.14218
0.790378,-5.14065
0.797747,-5.13911
0.805116,-5.13756
0.812482,-5.136
0.819847,-5.13443
0.82721,-5.13285
0.834571,-5.13126
0.841931,-5.12965
0.849288,-5.12804
0.856644,-5.12641
0.863998,-5.12477
0.871351,-5.12313
0.878701,-5.12147
0.88605,-5.1198
0.893396,-5.11812
0.900741,-5.11643
0.908078,-5.11473
0.915419,-5.11301
0.922758,-5.11129
0.930095,-5.10956
0.93743,-5.10781
0.944763,-5.10606
0.952094,-5.10429
0.959423,-5.10251
0.966749,-5.10072
0.974074,-5.09892
0.981397,-5.09711
0.988717,-5.09529
0.996036,-5.09346
1.00335,-5.09162
1.01067,-5.08976
1.01798,-5.0879
1.02529,-5.08602
1.0326,-5.08414
1.0399,-5.08224
1.0472,-5.08033
1.0545,-5.07841
1.0618,-5.07648
1.0691,-5.07454
1.07639,-5.07259
1.08369,-5.07063
1.09098,-5.06866
1.09826,-5.06667
1.10555,-5.06468
1.11283,-5.06267
1.12011,-5.06066
1.12739,-5.05863
1.13466,-5.05659
1.14193,-5.05454
1.1492,-5.05248
1.15647,-5.05041
1.16374,-5.04833
1.171,-5.04624
1.17826,-5.04414
1.18552,-5.04202
1.19277,-5.0399
1.20003,-5.03777
1.20728,-5.03562
1.21452,-5.03346
1.22177,-5.0313
1.22901,-5.02912
1.23625,-5.02693
1.24349,-5.02473
1.25072,-5.02252
1.25795,-5.0203
1.26518,-5.01806
1.27241,-5.01582
1.27963,-5.01357
1.28685,-5.0113
1.29407,-5.00903
1.30128,-5.00674
1.3085,-5.00444
1.3157,-5.00214
1.32291,-4.99982
1.33011,-4.99749
1.33732,-4.99515
1.34451,-4.9928
1.35171,-4.99044
1.3589,-4.98807
1.36609,-4.98568
1.37327,-4.98329
1.38046,-4.98088
1.38764,-4.97847
1.39481,-4.97604
1.40199,-4.97361
1.40916,-4.97116
1.41633,-4.9687
1.42349,-4.96623
1.43065,-4.96375
1.43781,-4.96126
1.44497,-4.95876
1.45212,-4.95625
1.45927,-4.95373
1.46642,-4.9512
1.47356,-4.94865
1.4807,-4.9461
1.48783,-4.94353
1.49497,-4.94096
1.5021,-4.93837
1.50922,-4.93577
1.51635,-4.93316
1.52347,-4.93055
1.53058,-4.92792
1.5377,-4.92528
1.54481,-4.92263
1.55191,-4.91996
1.55902,-4.91729
1.56612,-4.91461
1.57321,-4.91192
1.58031,-4.90921
1.5874,-4.9065
1.59448,-4.90377
1.60156,-4.90104
1.60864,-4.89829
1.61572,-4.89553
1.62279,-4.89276
1.62986,-4.88999
1.63692,-4.8872
1.64399,-4.8844
1.65104,-4.88159
1.6581,-4.87876
1.66515,-4.87593
1.67219,-4.87309
1.67924,-4.87024
1.68628,-4.86737
1.69331,-4.8645
1.70034,-4.86161
1.70737,-4.85872
1.7144,-4.85581
1.72142,-4.8529
1.72844,-4.84997
1.73545,-4.84703
1.74246,-4.84408
1.74946,-4.84112
1.75647,-4.83816
1.76346,-4.83517
1.77046,-4.83218
1.77745,-4.82918
1.78443,-4.82617
1.79142,-4.82315
1.79839,-4.82012
1.80537,-4.81707
1.81234,-4.81402
1.81931,-4.81095
1.82627,-4.80788
1.83323,-4.80479
1.84018,-4.8017
1.84713,-4.79859
1.85408,-4.79547
1.86102,-4.79235
1.86796,-4.78921
1.87489,-4.78606
1.88182,-4.7829
1.88875,-4.77973
1.89567,-4.77655
1.90258,-4.77336
1.9095,-4.77016
1.91641,-4.76695
1.92331,-4.76373
1.93021,-4.76049
1.93711,-4.75725
1.944,-4.754
1.95089,-4.75073
1.95777,-4.74746
1.96465,-4.74417
1.97152,-4.74088
1.97839,-4.73757
1.98526,-4.73426
1.99212,-4.73093
1.99898,-4.72759
2.00583,-4.72425
2.01268,-4.72089
2.01952,-4.71752
2.02636,-4.71414
2.03319,-4.71075
2.04002,-4.70735
2.04685,-4.70394
2.05367,-4.70052
2.06049,-4.69709
2.0673,-4.69365
2.07411,-4.6902
2.08091,-4.68674
2.08771,-4.68327
2.0945,-4.67978
2.10129,-4.67629
2.10807,-4.67279
2.11485,-4.66927
2.12163,-4.66575
2.1284,-4.66222
2.13516,-4.65867
2.14192,-4.65512
2.14868,-4.65155
2.15543,-4.64798
2.16217,-4.64439
2.16891,-4.64079
2.17565,-4.63719
2.18238,-4.63357
2.18911,-4.62995
2.19583,-4.62631
2.20255,-4.62266
2.20926,-4.619
2.21597,-4.61534
2.22267,-4.61166
2.22936,-4.60797
2.23606,-4.60427
2.24274,-4.60056
2.24942,-4.59684
2.2561,-4.59311
2.26277,-4.58937
2.26944,-4.58562
2.2761,-4.58186
2.28276,-4.57809
2.28941,-4.57431
2.29606,-4.57052
2.3027,-4.56672
2.30933,-4.56291
2.31596,-4.55909
2.32259,-4.55526
2.32921,-4.55142
2.33583,-4.54757
2.34243,-4.54371
2.34904,-4.53983
2.35564,-4.53595
2.36223,-4.53206
2.36882,-4.52816
2.37541,-4.52425
2.38198,-4.52032
2.38856,-4.51639
2.39512,-4.51245
2.40169,-4.5085
2.40824,-4.50453
2.41479,-4.50056
2.42134,-4.49658
2.42788,-4.49258
2.43441,-4.48858
2.44094,-4.48457
2.44747,-4.48054
2.45398,-4.47651
2.4605,-4.47247
2.467,-4.46842
2.47351,-4.46435
2.48,-4.46028
2.48649,-4.4562
2.49298,-4.4521
2.49946,-4.448
2.50593,-4.44389
2.5124,-4.43976
2.51886,-4.43563
2.52531,-4.43149
2.53177,-4.42733
2.53821,-4.42317
2.54465,-4.419
2.55108,-4.41481
2.55751,-4.41062
2.56393,-4.40642
2.57035,-4.40221
2.57676,-4.39798
2.58316,-4.39375
2.58956,-4.38951
2.59595,-4.38526
2.60234,-4.38099
2.60872,-4.37672
2.6151,-4.37244
2.62147,-4.36815
2.62783,-4.36385
2.63418,-4.35954
2.64054,-4.35522
2.64688,-4.35088
2.65322,-4.34654
2.65955,-4.34219
2.66588,-4.33783
2.6722,-4.33346
2.67852,-4.32908
2.68482,-4.32469
2.69113,-4.32029
2.69742,-4.31588
2.70371,-4.31146
2.71,-4.30703
2.71627,-4.3026
2.72255,-4.29815
2.72881,-4.29369
2.73507,-4.28922
2.74132,-4.28474
2.74757,-4.28026
2.75381,-4.27576
2.76005,-4.27125
2.76627,-4.26674
2.77249,-4.26221
2.77871,-4.25768
2.78492,-4.25313
2.79112,-4.24858
2.79732,-4.24401
2.80351,-4.23944
2.80969,-4.23485
2.81587,-4.23026
2.82204,-4.22566
2.8282,-4.22104
2.83436,-4.21642
2.84051,-4.21179
2.84665,-4.20715
2.85279,-4.2025
2.85892,-4.19784
2.86505,-4.19317
2.87117,-4.18849
2.87728,-4.1838
2.88338,-4.1791
2.88948,-4.17439
2.89557,-4.16967
2.90166,-4.16494
2.90773,-4.16021
2.91381,-4.15546
2.91987,-4.15071
2.92593,-4.14594
2.93198,-4.14117
2.93803,-4.13638
2.94406,-4.13159
2.9501,-4.12679
2.95612,-4.12197
2.96214,-4.11715
2.96815,-4.11232
2.97415,-4.10748
2.98015,-4.10263
2.98614,-4.09777
2.99212,-4.0929
2.9981,-4.08802
3.00407,-4.08314
3.01003,-4.07824
3.01599,-4.07333
3.02194,-4.06842
3.02788,-4.06349
3.03381,-4.05856
3.03974,-4.05362
3.04566,-4.04866
3.05157,-4.0437
3.05748,-4.03873
3.06338,-4.03375
3.06927,-4.02876
3.07516,-4.02376
3.08103,-4.01875
3.08691,-4.01374
3.09277,-4.00871
3.09863,-4.00367
3.10448,-3.99863
3.11032,-3.99357
3.11615,-3.98851
3.12198,-3.98344
3.1278,-3.97836
3.13361,-3.97327
3.13942,-3.96817
3.14522,-3.96306
3.15101,-3.95794
3.15679,-3.95281
3.16257,-3.94767
3.16834,-3.94253
3.1741,-3.93737
3.17986,-3.93221
3.1856,-3.92704
3.19134,-3.92186
3.19708,-3.91667
3.2028,-3.91147
3.20852,-3.90626
3.21423,-3.90104
3.21993,-3.89581
3.22563,-3.89058
3.23131,-3.88533
3.23699,-3.88008
3.24267,-3.87482
3.24833,-3.86954
3.25399,-3.86426
3.25964,-3.85897
3.26528,-3.85367
3.27091,-3.84837
3.27654,-3.84305
3.28216,-3.83773
3.28777,-3.83239
3.29338,-3.82705
3.29897,-3.8217
3.30456,-3.81634
3.31014,-3.81097
3.31571,-3.80559
3.32128,-3.8002
3.32684,-3.79481
3.33238,-3.7894
3.33793,-3.78399
3.34346,-3.77857
3.34899,-3.77313
3.3545,-3.76769
3.36001,-3.76225
3.36552,-3.75679
3.37101,-3.75132
3.3765,-3.74585
3.38198,-3.74037
3.38745,-3.73487
3.39291,-3.72937
3.39837,-3.72386
3.40381,-3.71835
3.40925,-3.71282
3.41468,-3.70728
3.4201,-3.70174
3.42552,-3.69619
3.43093,-3.69063
3.43632,-3.68506
3.44172,-3.67948
3.4471,-3.67389
3.45247,-3.6683
3.45784,-3.66269
3.4632,-3.65708
3.46855,-3.65146
3.47389,-3.64583
3.47922,-3.64019
3.48455,-3.63454
3.48986,-3.62889
3.49517,-3.62323
3.50047,-3.61755
3.50577,-3.61187
3.51105,-3.60619
3.51633,-3.60049
3.52159,-3.59478
3.52685,-3.58907
3.5321,-3.58335
3.53734,-3.57762
3.54258,-3.57188
3.5478,-3.56613
3.55302,-3.56037
3.55823,-3.55461
3.56343,-3.54884
3.56862,-3.54306
3.57381,-3.53727
3.57898,-3.53147
3.58415,-3.52566
3.58931,-3.51985
3.59446,-3.51403
3.5996,-3.5082
3.60473,-3.50236
3.60985,-3.49651
3.61497,-3.49066
3.62008,-3.4848
3.62517,-3.47892
3.63026,-3.47305
3.63535,-3.46716
3.64042,-3.46126
3.64548,-3.45536
3.65054,-3.44945
3.65558,-3.44353
3.66062,-3.4376
3.66565,-3.43166
3.67067,-3.42572
3.67568,-3.41977
3.68068,-3.41381
3.68568,-3.40784
3.69066,-3.40186
3.69564,-3.39588
3.70061,-3.38989
3.70557,-3.38389
3.71052,-3.37788
3.71546,-3.37186
3.72039,-3.36584
3.72531,-3.3598
3.73023,-3.35376
3.73513,-3.34772
3.74003,-3.34166
3.74492,-3.3356
3.7498,-3.32953
3.75467,-3.32345
3.75953,-3.31736
3.76438,-3.31127
3.76922,-3.30516
3.77406,-3.29905
3.77888,-3.29293
3.7837,-3.28681
3.7885,-3.28067
3.7933,-3.27453
3.79809,-3.26838
3.80287,-3.26223
3.80764,-3.25606
3.8124,-3.24989
3.81715,-3.24371
3.82189,-3.23752
3.82663,-3.23133
3.83135,-3.22512
3.83607,-3.21891
3.84077,-3.21269
3.84547,-3.20647
3.85016,-3.20024
3.85484,-3.19399
3.85951,-3.18775
3.86417,-3.18149
3.86882,-3.17523
3.87346,-3.16896
3.87809,-3.16268
3.88271,-3.15639
3.88733,-3.1501
3.89193,-3.1438
3.89653,-3.13749
3.90111,-3.13117
3.90569,-3.12485
3.91025,-3.11852
3.91481,-3.11218
3.91936,-3.10583
3.9239,-3.09948
3.92843,-3.09312
3.93295,-3.08675
3.93746,-3.08038
3.94196,-3.074
3.94645,-3.06761
3.95093,-3.06121
3.9554,-3.05481
3.95986,-3.04839
3.96431,-3.04198
3.96876,-3.03555
3.97319,-3.02912
3.97762,-3.02268
3.98203,-3.01623
3.98643,-3.00977
3.99083,-3.00331
3.99521,-2.99684
3.99959,-2.99037
4.00396,-2.98388
4.00831,-2.97739
4.01266,-2.9709
4.017,-2.96439
4.02132,-2.95788
4.02564,-2.95136
4.02995,-2.94484
4.03425,-2.93831
4.03853,-2.93177
4.04281,-2.92522
4.04708,-2.91867
4.05134,-2.91211
4.05559,-2.90554
4.05983,-2.89896
4.06406,-2.89238
4.06828,-2.88579
4.07249,-2.8792
4.07669,-2.8726
4.08088,-2.86599
4.08506,-2.85937
4.08923,-2.85275
4.09338,-2.84612
4.09753,-2.83949
4.10167,-2.83284
4.1058,-2.82619
4.10992,-2.81954
4.11403,-2.81287
4.11813,-2.8062
4.12222,-2.79953
4.1263,-2.79284
4.13037,-2.78616
4.13443,-2.77946
4.13848,-2.77276
4.14252,-2.76605
4.14655,-2.75933
4.15057,-2.75261
4.15458,-2.74588
4.15858,-2.73914
4.16257,-2.7324
4.16655,-2.72565
4.17052,-2.71889
4.17448,-2.71213
4.17842,-2.70536
4.18236,-2.69859
4.18629,-2.69181
4.19021,-2.68502
4.19412,-2.67822
4.19801,-2.67142
4.2019,-2.66461
4.20578,-2.6578
4.20964,-2.65098
4.2135,-2.64415
4.21734,-2.63732
4.22118,-2.63048
4.225,-2.62364
4.22882,-2.61678
4.23262,-2.60993
4.23642,-2.60306
4.2402,-2.59619
4.24397,-2.58932
4.24774,-2.58243
4.25149,-2.57554
4.25523,-2.56865
4.25896,-2.56175
4.26268,-2.55484
4.26639,-2.54792
4.27009,-2.541
4.27378,-2.53408
4.27746,-2.52715
4.28113,-2.52021
4.28479,-2.51326
4.28844,-2.50631
4.29207,-2.49936
4.2957,-2.49239
4.29932,-2.48543
4.30292,-2.47845
4.30652,-2.47147
4.3101,-2.46449
4.31367,-2.45749
4.31724,-2.4505
4.32079,-2.44349
4.32433,-2.43648
4.32786,-2.42947
4.33138,-2.42244
4.33489,-2.41542
4.33839,-2.40838
4.34188,-2.40134
4.34535,-2.3943
4.34882,-2.38725
4.35228,-2.38019
4.35572,-2.37313
4.35916,-2.36606
4.36258,-2.35899
4.36599,-2.35191
4.3694,-2.34483
4.37279,-2.33774
4.37617,-2.33064
4.37954,-2.32354
4.3829,-2.31643
4.38625,-2.30932
4.38958,-2.3022
4.39291,-2.29508
4.39622,-2.28795
4.39953,-2.28081
4.40282,-2.27367
4.40611,-2.26652
4.40938,-2.25937
4.41264,-2.25222
4.41589,-2.24505
4.41913,-2.23789
4.42236,-2.23071
4.42557,-2.22353
4.42878,-2.21635
4.43198,-2.20916
4.43516,-2.20197
4.43833,-2.19477
4.4415,-2.18756
4.44465,-2.18035
4.44779,-2.17313
4.45092,-2.16591
4.45404,-2.15869
4.45714,-2.15146
4.46024,-2.14422
4.46332,-2.13698
4.4664,-2.12973
4.46946,-2.12248
4.47251,-2.11522
4.47555,-2.10796
4.47858,-2.10069
4.4816,-2.09342
4.48461,-2.08614
4.4876,-2.07886
4.49059,-2.07157
4.49356,-2.06428
4.49652,-2.05698
4.49948,-2.04968
4.50242,-2.04237
4.50534,-2.03506
4.50826,-2.02774
4.51117,-2.02042
4.51406,-2.01309
4.51695,-2.00576
4.51982,-1.99842
4.52268,-1.99108
4.52553,-1.98373
4.52837,-1.97638
4.5312,-1.96903
4.53401,-1.96166
4.53682,-1.9543
4.53961,-1.94693
4.54239,-1.93955
4.54517,-1.93217
4.54793,-1.92479
4.55067,-1.9174
4.55341,-1.91001
4.55614,-1.90261
4.55885,-1.89521
4.56155,-1.8878
4.56424,-1.88039
4.56692,-1.87297
4.56959,-1.86555
4.57225,-1.85812
4.57489,-1.85069
4.57753,-1.84326
4.58015,-1.83582
4.58276,-1.82838
4.58536,-1.82093
4.58795,-1.81347
4.59053,-1.80602
4.59309,-1.79856
4.59564,-1.79109
4.59819,-1.78362
4.60072,-1.77615
4.60324,-1.76867
4.60574,-1.76119
4.60824,-1.7537
4.61072,-1.74621
4.6132,-1.73871
4.61566,-1.73121
4.61811,-1.72371
4.62054,-1.7162
4.62297,-1.70869
4.62539,-1.70117
4.62779,-1.69365
4.63018,-1.68613
4.63256,-1.6786
4.63493,-1.67107
4.63729,-1.66353
4.63963,-1.65599
4.64196,-1.64845
4.64428,-1.6409
4.64659,-1.63335
4.64889,-1.62579
4.65118,-1.61823
4.65345,-1.61066
4.65572,-1.6031
4.65797,-1.59552
4.66021,-1.58795
4.66244,-1.58037
4.66465,-1.57279
4.66686,-1.5652
4.66905,-1.55761
4.67123,-1.55001
4.6734,-1.54241
4.67556,-1.53481
4.6777,-1.52721
4.67984,-1.5196
4.68196,-1.51198
4.68407,-1.50437
4.68617,-1.49674
4.68825,-1.48912
4.69033,-1.48149
4.69239,-1.47386
4.69444,-1.46623
4.69648,-1.45859
4.69851,-1.45095
4.70052,-1.4433
4.70252,-1.43565
4.70452,-1.428
4.7065,-1.42034
4.70846,-1.41268
4.71042,-1.40502
4.71236,-1.39736
4.71429,-1.38969
4.71621,-1.38201
4.71812,-1.37434
4.72002,-1.36666
4.7219,-1.35898
4.72377,-1.35129
4.72564,-1.3436
4.72748,-1.33591
4.72932,-1.32821
4.73114,-1.32051
4.73296,-1.31281
4.73476,-1.30511
4.73655,-1.2974
4.73832,-1.28969
4.74009,-1.28197
4.74184,-1.27425
4.74358,-1.26653
4.74531,-1.25881
4.74702,-1.25108
4.74873,-1.24335
4.75042,-1.23562
4.7521,-1.22789
4.75377,-1.22015
4.75542,-1.21241
4.75707,-1.20466
4.7587,-1.19692
4.76032,-1.18917
4.76193,-1.18141
4.76352,-1.17366
4.7651,-1.1659
4.76668,-1.15814
4.76823,-1.15037
4.76978,-1.14261
4.77132,-1.13484
4.77284,-1.12707
4.77435,-1.11929
4.77585,-1.11151
4.77733,-1.10373
4.77881,-1.09595
4.78027,-1.08816
4.78172,-1.08038
4.78316,-1.07259
4.78458,-1.06479
4.786,-1.057
4.7874,-1.0492
4.78879,-1.0414
4.79016,-1.0336
4.79153,-1.02579
4.79288,-1.01798
4.79422,-1.01017
4.79555,-1.00236
4.79686,-0.994545
4.79817,-0.986727
4.79946,-0.978908
4.80073,-0.971086
4.802,-0.963261
4.80326,-0.955435
4.8045,-0.947606
4.80573,-0.939775
4.80694,-0.931942
4.80815,-0.924106
4.80934,-0.916269
4.81052,-0.908429
4.81169,-0.900587
4.81285,-0.892743
4.81399,-0.884897
4.81512,-0.877049
4.81624,-0.869199
4.81735,-0.861347
4.81844,-0.853492
4.81953,-0.845636
4.8206,-0.837778
4.82165,-0.829918
4.8227,-0.822056
4.82373,-0.814192
4.82475,-0.806326
4.82576,-0.798459
4.82676,-0.790589
4.82774,-0.782718
4.82871,-0.774845
4.82967,-0.76697
4.83062,-0.759093
4.83155,-0.751214
4.83247,-0.743334
4.83338,-0.735452
4.83428,-0.727569
4.83516,-0.719684
4.83603,-0.711797
4.83689,-0.703908
4.83774,-0.696018
4.83858,-0.688127
4.8394,-0.680233
4.84021,-0.672339
4.84101,-0.664442
4.84179,-0.656545
4.84256,-0.648645
4.84332,-0.640745
4.84407,-0.632842
4.84481,-0.624939
4.84553,-0.617034
4.84624,-0.609128
4.84694,-0.60122
4.84762,-0.593311
4.8483,-0.5854
4.84896,-0.577489
4.84961,-0.569576
4.85024,-0.561662
4.85087,-0.553746
4.85148,-0.54583
4.85208,-0.537912
4.85266,-0.529993
4.85324,-0.522073
4.8538,-0.514151
4.85434,-0.506229
4.85488,-0.498305
4.8554,-0.490381
4.85592,-0.482455
4.85641,-0.474529
4.8569,-0.466601
4.85737,-0.458672
4.85783,-0.450743
4.85828,-0.442812
4.85872,-0.434881
4.85914,-0.426948
4.85955,-0.419015
4.85995,-0.411081
4.86034,-0.403146
4.86071,-0.39521
4.86107,-0.387274
4.86142,-0.379336
4.86176,-0.371398
4.86208,-0.363459
4.86239,-0.35552
4.86269,-0.347579
4.86298,-0.339638
4.86325,-0.331697
4.86351,-0.323755
4.86376,-0.315812
4.86399,-0.307868
4.86422,-0.299924
4.86443,-0.29198
4.86463,-0.284034
4.86481,-0.276089
4.86498,-0.268143
4.86514,-0.260196
4.86529,-0.252249
4.86543,-0.244301
4.86555,-0.236354
4.86566,-0.228405
4.86576,-0.220457
4.86584,-0.212508
4.86592,-0.204558
4.86598,-0.196609
4.86602,-0.188659
4.86606,-0.180709
4.86608,-0.172758
4.86609,-0.164808
4.86609,-0.156857
4.86607,-0.148906
4.86604,-0.140955
4.866,-0.133003
4.86595,-0.125052
4.86588,-0.1171
4.8658,-0.109149
4.86571,-0.101197
4.86561,-0.0932454
4.86549,-0.0852937
4.86536,-0.077342
4.86522,-0.0693904
4.86507,-0.0614388
4.8649,-0.0534872
4.86472,-0.0455358
4.86453,-0.0375845
4.86433,-0.0296333
4.86411,-0.0216823
4.86388,-0.0137314
4.86364,-0.00578076
4.86338,0.00216968
4.86312,0.0101199
4.86284,0.0180698
4.86254,0.0260195
4.86224,0.0339688
4.86192,0.0419179
4.86159,0.0498665
4.86125,0.0578149
4.86089,0.0657628
4.86052,0.0737103
4.86014,0.0816574
4.85975,0.0896041
4.85934,0.0975503
4.85892,0.105496
4.85849,0.113441
4.85805,0.121386
4.85759,0.12933
4.85712,0.137273
4.85664,0.145216
4.85615,0.153159
4.85564,0.1611
4.85512,0.169041
4.85459,0.176982
4.85405,0.184921
4.85349,0.19286
4.85292,0.200798
4.85234,0.208736
4.85174,0.216672
4.85114,0.224608
4.85052,0.232543
4.84988,0.240477
4.84924,0.24841
4.84858,0.256343
4.84791,0.264274
4.84723,0.272205
4.84653,0.280134
4.84582,0.288063
4.8451,0.295991
4.84437,0.303917
4.84362,0.311843
4.84286,0.319767
4.84209,0.327691
4.84131,0.335613
4.84051,0.343534
4.8397,0.351454
4.83888,0.359373
4.83805,0.367291
4.8372,0.375207
4.83634,0.383122
4.83547,0.391036
4.83459,0.398949
4.83369,0.406861
4.83278,0.414771
4.83186,0.42268
4.83092,0.430587
4.82998,0.438493
4.82902,0.446398
4.82804,0.454301
4.82706,0.462203
4.82606,0.470103
4.82505,0.478002
4.82403,0.4859
4.823,0.493795
4.82195,0.50169
4.82089,0.509583
4.81981,0.517474
4.81873,0.525363
4.81763,0.533251
4.81652,0.541138
4.8154,0.549022
4.81426,0.556905
4.81312,0.564786
4.81195,0.572666
4.81078,0.580544
4.8096,0.58842
4.8084,0.596294
4.80719,0.604166
4.80596,0.612037
4.80473,0.619905
4.80348,0.627772
4.80222,0.635637
4.80095,0.6435
4.79966,0.651361
4.79836,0.65922
4.79705,0.667077
4.79573,0.674932
4.79439,0.682785
4.79305,0.690636
4.79168,0.698485
4.79031,0.706332
4.78893,0.714177
4.78753,0.722019
4.78612,0.72986
4.78469,0.737698
4.78326,0.745534
4.78181,0.753368
4.78035,0.7612
4.77888,0.769029
4.77739,0.776856
4.77589,0.784681
4.77438,0.792504
4.77286,0.800324
4.77133,0.808142
4.76978,0.815957
4.76822,0.82377
4.76665,0.831581
4.76506,0.839389
4.76346,0.847194
4.76185,0.854998
4.76023,0.862798
4.7586,0.870596
4.75695,0.878392
4.75529,0.886185
4.75362,0.893976
4.75193,0.901763
4.75024,0.909549
4.74853,0.917331
4.74681,0.925111
4.74507,0.932888
4.74333,0.940663
4.74157,0.948434
4.7398,0.956203
4.73801,0.96397
4.73622,0.971733
4.73441,0.979493
4.73259,0.987251
4.73076,0.995006
4.72891,1.00276
4.72705,1.01051
4.72518,1.01825
4.7233,1.026
4.72141,1.03374
4.7195,1.04147
4.71758,1.04921
4.71565,1.05694
4.71371,1.06467
4.71175,1.07239
4.70978,1.08011
4.7078,1.08783
4.70581,1.09555
4.7038,1.10326
4.70179,1.11097
4.69976,1.11868
4.69771,1.12638
4.69566,1.13408
4.69359,1.14178
4.69151,1.14947
4.68942,1.15716
4.68732,1.16485
4.6852,1.17253
4.68308,1.18021
4.68094,1.18789
4.67878,1.19556
4.67662,1.20323
4.67444,1.2109
4.67225,1.21856
4.67005,1.22622
4.66784,1.23388
4.66561,1.24153
4.66337,1.24918
4.66112,1.25682
4.65886,1.26446
4.65659,1.2721
4.6543,1.27974
4.652,1.28737
4.64969,1.29499
4.64737,1.30262
4.64503,1.31024
4.64269,1.31785
4.64033,1.32547
4.63796,1.33307
4.63557,1.34068
4.63318,1.34828
4.63077,1.35588
4.62835,1.36347
4.62592,1.37106
4.62347,1.37865
4.62102,1.38623
4.61855,1.3938
4.61607,1.40138
4.61358,1.40895
4.61107,1.41651
4.60856,1.42408
4.60603,1.43163
4.60349,1.43919
4.60093,1.44674
4.59837,1.45428
4.59579,1.46182
4.5932,1.46936
4.5906,1.47689
4.58799,1.48442
4.58537,1.49195
4.58273,1.49947
4.58008,1.50698
4.57742,1.5145
4.57475,1.522
4.57206,1.52951
4.56937,1.53701
4.56666,1.5445
4.56394,1.55199
4.56121,1.55948
4.55846,1.56696
4.55571,1.57444
4.55294,1.58191
4.55016,1.58938
4.54737,1.59684
4.54456,1.6043
4.54175,1.61176
4.53892,1.61921
4.53608,1.62665
4.53323,1.63409
4.53037,1.64153
4.52749,1.64896
4.52461,1.6564
4.52171,1.66382
4.5188,1.67124
4.51588,1.67865
4.51294,1.68606
4.51,1.69346
4.50704,1.70086
4.50407,1.70826
4.50109,1.71565
4.4981,1.72303
4.49509,1.73041
4.49208,1.73779
4.48905,1.74516
4.48601,1.75252
4.48296,1.75988
4.47989,1.76724
4.47682,1.77459
4.47373,1.78193
4.47064,1.78927
4.46753,1.79661
4.4644,1.80394
4.46127,1.81127
4.45813,1.81859
4.45497,1.8259
4.4518,1.83321
4.44862,1.84052
4.44543,1.84782
4.44223,1.85511
4.43901,1.8624
4.43579,1.86969
4.43255,1.87697
4.4293,1.88424
4.42604,1.89151
4.42277,1.89877
4.41948,1.90603
4.41619,1.91328
4.41288,1.92053
4.40956,1.92777
4.40623,1.93501
4.40289,1.94224
4.39954,1.94947
4.39617,1.95669
4.3928,1.9639
4.38941,1.97111
4.38601,1.97832
4.3826,1.98551
4.37918,1.99271
4.37575,1.9999
4.3723,2.00708
4.36885,2.01425
4.36538,2.02142
4.3619,2.02859
4.35841,2.03575
4.35491,2.0429
4.3514,2.05005
4.34787,2.05719
4.34434,2.06433
4.34079,2.07146
4.33723,2.07859
4.33366,2.08571
4.33008,2.09282
4.32649,2.09993
4.32289,2.10703
4.31927,2.11413
4.31565,2.12122
4.31201,2.1283
4.30836,2.13538
4.3047,2.14245
4.30103,2.14952
4.29735,2.15658
4.29366,2.16363
4.28995,2.17068
4.28624,2.17772
4.28251,2.18476
4.27877,2.19179
4.27502,2.19882
4.27126,2.20583
4.26749,2.21285
4.26371,2.21985
4.25991,2.22685
4.25611,2.23385
4.25229,2.24083
4.24847,2.24782
4.24463,2.25479
4.24078,2.26176
4.23692,2.26872
4.23305,2.27568
4.22917,2.28263
4.22527,2.28957
4.22137,2.29651
4.21745,2.30344
4.21353,2.31037
4.20959,2.31728
4.20564,2.3242
4.20168,2.3311
4.19771,2.338
4.19373,2.34489
4.18974,2.35178
4.18574,2.35866
4.18173,2.36553
4.1777,2.3724
4.17367,2.37926
4.16962,2.38611
4.16556,2.39296
4.1615,2.3998
4.15742,2.40663
4.15333,2.41346
4.14923,2.42028
4.14512,2.42709
4.14099,2.4339
4.13686,2.4407
4.13272,2.44749
4.12856,2.45428
4.1244,2.46106
4.12022,2.46783
4.11604,2.4746
4.11184,2.48136
4.10763,2.48811
4.10342,2.49486
4.09919,2.5016
4.09495,2.50833
4.0907,2.51505
4.08644,2.52177
4.08216,2.52848
4.07788,2.53519
4.07359,2.54188
4.06929,2.54857
4.06497,2.55526
4.06065,2.56193
4.05631,2.5686
4.05197,2.57526
4.04761,2.58192
4.04325,2.58857
4.03887,2.59521
4.03448,2.60184
4.03008,2.60847
4.02568,2.61509
4.02126,2.6217
4.01683,2.62831
4.01239,2.6349
4.00794,2.64149
4.00348,2.64808
3.99901,2.65465
3.99453,2.66122
3.99003,2.66778
3.98553,2.67434
3.98102,2.68088
3.9765,2.68742
3.97196,2.69395
3.96742,2.70048
3.96287,2.707
3.9583,2.71351
3.95373,2.72001
3.94915,2.7265
3.94455,2.73299
3.93995,2.73947
3.93533,2.74594
3.93071,2.75241
3.92607,2.75886
3.92143,2.76531
3.91677,2.77176
3.91211,2.77819
3.90743,2.78462
3.90274,2.79104
3.89805,2.79745
3.89334,2.80385
3.88863,2.81025
3.8839,2.81664
3.87916,2.82302
3.87442,2.82939
3.86966,2.83576
3.8649,2.84211
3.86012,2.84846
3.85533,2.85481
3.85054,2.86114
3.84573,2.86747
3.84091,2.87379
3.83609,2.8801
3.83125,2.8864
3.82641,2.89269
3.82155,2.89898
3.81669,2.90526
3.81181,2.91153
3.80693,2.9178
3.80203,2.92405
3.79713,2.9303
3.79221,2.93654
3.78729,2.94277
3.78235,2.94899
3.77741,2.95521
3.77245,2.96141
3.76749,2.96761
3.76252,2.9738
3.75753,2.97999
3.75254,2.98616
3.74754,2.99233
3.74253,2.99849
3.73751,3.00464
3.73248,3.01078
3.72743,3.01691
3.72238,3.02304
3.71732,3.02916
3.71225,3.03526
3.70718,3.04137
3.70209,3.04746
3.69699,3.05354
3.69188,3.05962
3.68676,3.06569
3.68164,3.07175
3.6765,3.0778
3.67136,3.08384
3.6662,3.08987
3.66104,3.0959
3.65586,3.10192
3.65068,3.10792
3.64549,3.11392
3.64028,3.11992
3.63507,3.1259
3.62985,3.13188
3.62462,3.13784
3.61938,3.1438
3.61413,3.14975
3.60888,3.15569
3.60361,3.16162
3.59833,3.16755
3.59305,3.17346
3.58775,3.17937
3.58245,3.18526
3.57713,3.19115
3.57181,3.19703
3.56648,3.20291
3.56114,3.20877
3.55579,3.21462
3.55043,3.22047
3.54506,3.22631
3.53968,3.23213
3.5343,3.23795
3.5289,3.24376
3.5235,3.24957
3.51808,3.25536
3.51266,3.26114
3.50723,3.26692
3.50179,3.27269
3.49634,3.27844
3.49088,3.28419
3.48541,3.28993
3.47994,3.29566
3.47445,3.30138
3.46896,3.3071
3.46346,3.3128
3.45794,3.3185
3.45242,3.32418
3.44689,3.32986
3.44135,3.33553
3.43581,3.34119
3.43025,3.34684
3.42469,3.35248
3.41911,3.35811
3.41353,3.36373
3.40794,3.36935
3.40234,3.37495
3.39673,3.38055
3.39112,3.38613
3.38549,3.39171
3.37986,3.39728
3.37421,3.40284
3.36856,3.40839
3.3629,3.41393
3.35723,3.41946
3.35156,3.42498
3.34587,3.4305
3.34018,3.436
3.33447,3.44149
3.32876,3.44698
3.32304,3.45245
3.31732,3.45792
3.31158,3.46338
3.30583,3.46883
3.30008,3.47426
3.29432,3.47969
3.28855,3.48511
3.28277,3.49052
3.27698,3.49592
3.27119,3.50132
3.26538,3.5067
3.25957,3.51207
3.25375,3.51743
3.24792,3.52279
3.24209,3.52813
3.23624,3.53347
3.23039,3.53879
3.22453,3.54411
3.21866,3.54941
3.21278,3.55471
3.20689,3.56
3.201,3.56527
3.1951,3.57054
3.18919,3.5758
3.18327,3.58105
3.17734,3.58629
3.17141,3.59152
3.16547,3.59674
3.15952,3.60195
3.15356,3.60715
3.14759,3.61234
3.14162,3.61752
3.13563,3.62269
3.12964,3.62785
3.12365,3.63301
3.11764,3.63815
3.11163,3.64328
3.1056,3.6484
3.09957,3.65352
3.09354,3.65862
3.08749,3.66371
3.08144,3.6688
3.07538,3.67387
3.06931,3.67893
3.06323,3.68399
3.05715,3.68903
3.05106,3.69407
3.04496,3.69909
3.03885,3.7041
3.03273,3.70911
3.02661,3.7141
3.02048,3.71909
3.01434,3.72406
3.0082,3.72903
3.00204,3.73398
2.99588,3.73893
2.98971,3.74386
2.98354,3.74879
2.97736,3.7537
2.97117,3.75861
2.96497,3.7635
2.95876,3.76839
2.95255,3.77326
2.94633,3.77812
2.9401,3.78298
2.93386,3.78782
2.92762,3.79266
2.92137,3.79748
2.91511,3.8023
2.90885,3.8071
2.90258,3.81189
2.8963,3.81668
2.89001,3.82145
2.88372,3.82621
2.87742,3.83097
2.87111,3.83571
2.86479,3.84044
2.85847,3.84516
2.85214,3.84987
2.8458,3.85458
2.83946,3.85927
2.83311,3.86395
2.82675,3.86862
2.82038,3.87328
2.81401,3.87793
2.80763,3.88257
2.80125,3.8872
2.79485,3.89182
2.78845,3.89643
2.78205,3.90103
2.77563,3.90562
2.76921,3.91019
2.76278,3.91476
2.75635,3.91932
2.7499,3.92387
2.74346,3.9284
2.737,3.93293
2.73054,3.93744
2.72407,3.94195
2.71759,3.94644
2.71111,3.95093
2.70462,3.9554
2.69812,3.95986
2.69162,3.96432
2.68511,3.96876
2.67859,3.97319
2.67207,3.97761
2.66554,3.98202
2.659,3.98642
2.65246,3.99081
2.64591,3.99519
2.63935,3.99956
2.63279,4.00391
2.62622,4.00826
2.61965,4.0126
2.61306,4.01692
2.60648,4.02124
2.59988,4.02554
2.59328,4.02984
2.58667,4.03412
2.58006,4.03839
2.57343,4.04265
2.56681,4.0469
2.56017,4.05114
2.55353,4.05537
2.54689,4.05959
2.54023,4.0638
2.53358,4.068
2.52691,4.07219
2.52024,4.07636
2.51356,4.08053
2.50688,4.08468
2.50019,4.08883
2.49349,4.09296
2.48679,4.09708
2.48008,4.10119
2.47337,4.10529
2.46664,4.10938
2.45992,4.11346
2.45318,4.11753
2.44645,4.12159
2.4397,4.12563
2.43295,4.12967
2.42619,4.13369
2.41943,4.13771
2.41266,4.14171
2.40589,4.1457
2.39911,4.14968
2.39232,4.15365
2.38553,4.15761
2.37873,4.16156
2.37192,4.1655
2.36511,4.16942
2.3583,4.17334
2.35148,4.17724
2.34465,4.18114
2.33782,4.18502
2.33098,4.18889
2.32413,4.19275
2.31728,4.1966
2.31043,4.20044
2.30356,4.20427
2.2967,4.20808
2.28982,4.21189
2.28295,4.21568
2.27606,4.21947
2.26917,4.22324
2.26228,4.227
2.25538,4.23075
2.24847,4.23449
2.24156,4.23822
2.23464,4.24193
2.22772,4.24564
2.22079,4.24933
2.21386,4.25302
2.20692,4.25669
2.19997,4.26035
2.19302,4.264
2.18607,4.26764
2.17911,4.27127
2.17214,4.27488
2.16517,4.27849
2.1582,4.28208
2.15122,4.28567
2.14423,4.28924
2.13724,4.2928
2.13024,4.29635
2.12324,4.29989
2.11623,4.30341
2.10922,4.30693
2.1022,4.31043
2.09518,4.31393
2.08815,4.31741
2.08112,4.32088
2.07408,4.32434
2.06704,4.32779
2.05999,4.33122
2.05294,4.33465
2.04588,4.33806
2.03882,4.34147
2.03175,4.34486
2.02468,4.34824
2.0176,4.35161
2.01052,4.35497
2.00343,4.35831
1.99634,4.36165
1.98924,4.36497
1.98214,4.36828
1.97504,4.37158
1.96793,4.37487
1.96081,4.37815
1.95369,4.38142
1.94657,4.38467
1.93944,4.38792
1.9323,4.39115
1.92516,4.39437
1.91802,4.39758
1.91087,4.40078
1.90372,4.40397
1.89656,4.40714
1.8894,4.41031
1.88223,4.41346
1.87506,4.4166
1.86789,4.41973
1.86071,4.42285
1.85352,4.42596
1.84633,4.42905
1.83914,4.43214
1.83194,4.43521
1.82474,4.43827
1.81753,4.44132
1.81032,4.44436
1.80311,4.44738
1.79589,4.4504
1.78867,4.4534
1.78144,4.45639
1.77421,4.45938
1.76697,4.46234
1.75973,4.4653
1.75249,4.46825
1.74524,4.47118
1.73799,4.4741
1.73073,4.47702
1.72347,4.47992
1.7162,4.4828
1.70893,4.48568
1.70166,4.48855
1.69438,4.4914
1.6871,4.49424
1.67982,4.49707
1.67253,4.49989
1.66524,4.5027
1.65794,4.50549
1.65064,4.50828
1.64333,4.51105
1.63602,4.51381
1.62871,4.51656
1.6214,4.5193
1.61408,4.52202
1.60675,4.52474
1.59942,4.52744
1.59209,4.53013
1.58476,4.53281
1.57742,4.53548
1.57008,4.53813
1.56273,4.54078
1.55538,4.54341
1.54803,4.54603
1.54067,4.54864
1.53331,4.55124
1.52595,4.55382
1.51858,4.5564
1.51121,4.55896
1.50383,4.56151
1.49645,4.56405
1.48907,4.56658
1.48169,4.56909
1.4743,4.57159
1.46691,4.57409
1.45951,4.57657
1.45211,4.57904
1.44471,4.58149
1.4373,4.58394
1.42989,4.58637
1.42248,4.58879
1.41507,4.5912
1.40765,4.5936
1.40023,4.59599
1.3928,4.59836
1.38537,4.60073
1.37794,4.60308
1.37051,4.60542
1.36307,4.60775
1.35563,4.61006
1.34818,4.61237
1.34074,4.61466
1.33328,4.61694
1.32583,4.61921
1.31837,4.62147
1.31092,4.62371
1.30345,4.62594
1.29599,4.62817
1.28852,4.63038
1.28105,4.63257
1.27357,4.63476
1.2661,4.63694
1.25862,4.6391
1.25113,4.64125
1.24365,4.64339
1.23616,4.64552
1.22867,4.64763
1.22117,4.64973
1.21368,4.65183
1.20618,4.65391
1.19868,4.65597
1.19117,4.65803
1.18366,4.66008
1.17615,4.66211
1.16864,4.66413
1.16112,4.66614
1.1536,4.66813
1.14608,4.67012
1.13856,4.67209
1.13103,4.67405
1.12351,4.676
1.11598,4.67794
1.10844,4.67987
1.10091,4.68178
1.09337,4.68368
1.08583,4.68558
1.07828,4.68745
1.07074,4.68932
1.06319,4.69118
1.05564,4.69302
1.04809,4.69485
1.04053,4.69667
1.03297,4.69848
1.02541,4.70027
1.01785,4.70205
1.01029,4.70383
1.00272,4.70559
0.995153,4.70733
0.987583,4.70907
0.98001,4.71079
0.972435,4.71251
0.964857,4.71421
0.957278,4.71589
0.949697,4.71757
0.942113,4.71923
0.934528,4.72089
0.92694,4.72253
0.919351,4.72416
0.911759,4.72577
0.904166,4.72738
0.896571,4.72897
0.888973,4.73055
0.881374,4.73212
0.873773,4.73368
0.86617,4.73523
0.858565,4.73676
0.850958,4.73828
0.84335,4.73979
0.835739,4.74129
0.828127,4.74277
0.820513,4.74425
0.812898,4.74571
0.805281,4.74716
0.797662,4.7486
0.790041,4.75002
0.782419,4.75144
0.774795,4.75284
0.767169,4.75423
0.759542,4.75561
0.751913,4.75698
0.744283,4.75833
0.736651,4.75967
0.729017,4.761
0.721382,4.76232
0.713746,4.76363
0.706108,4.76492
0.698468,4.76621
0.690828,4.76748
0.683185,4.76874
0.675542,4.76999
0.667897,4.77122
0.660251,4.77244
0.652603,4.77366
0.644954,4.77485
0.637304,4.77604
0.629652,4.77722
0.621999,4.77838
0.614345,4.77953
0.60669,4.78067
0.599033,4.7818
0.591376,4.78292
0.583717,4.78402
0.576057,4.78511
0.568396,4.78619
0.560734,4.78726
0.55307,4.78832
0.545406,4.78936
0.537741,4.79039
0.530074,4.79141
0.522407,4.79242
0.514738,4.79342
0.507069,4.7944
0.499399,4.79538
0.491727,4.79634
0.484055,4.79729
0.476382,4.79822
0.468708,4.79915
0.461033,4.80006
0.453357,4.80096
0.445681,4.80185
0.438004,4.80273
0.430325,4.80359
0.422647,4.80445
0.414967,4.80529
0.407287,4.80612
0.399606,4.80694
0.391924,4.80774
0.384241,4.80854
0.376558,4.80932
0.368875,4.81009
0.36119,4.81085
0.353505,4.81159
0.34582,4.81233
0.338134,4.81305
0.330447,4.81376
0.32276,4.81446
0.315073,4.81514
0.307385,4.81582
0.299696,4.81648
0.292007,4.81713
0.284318,4.81777
0.276628,4.8184
0.268938,4.81901
0.261247,4.81962
0.253556,4.82021
0.245865,4.82079
0.238174,4.82135
0.230482,4.82191
0.22279,4.82245
0.215097,4.82298
0.207405,4.8235
0.199712,4.82401
0.192019,4.82451
0.184325,4.82499
0.176632,4.82546
0.168939,4.82592
0.161245,4.82637
0.153551,4.82681
0.145857,4.82723
0.138163,4.82765
0.13047,4.82805
0.122776,4.82844
0.115082,4.82881
0.107388,4.82918
0.0996936,4.82953
0.0919996,4.82987
0.0843058,4.8302
0.076612,4.83052
0.0689183,4.83083
0.0612247,4.83112
0.0535313,4.8314
0.045838,4.83167
0.0381449,4.83193
0.030452,4.83218
0.0227593,4.83241
0.0150668,4.83264
0.00737454,4.83285
-0.00031743,4.83305
-0.00800912,4.83324
-0.0157005,4.83341
-0.0233916,4.83357
-0.0310823,4.83373
-0.0387727,4.83387
-0.0464626,4.83399
-0.0541522,4.83411
-0.0618414,4.83422
-0.0695302,4.83431
-0.0772185,4.83439
-0.0849063,4.83446
-0.0925937,4.83452
-0.100281,4.83456
-0.107967,4.8346
-0.115653,4.83462
-0.123338,4.83463
-0.131022,4.83463
-0.138707,4.83461
-0.14639,4.83459
-0.154073,4.83455
-0.161755,4.8345
-0.169436,4.83444
-0.177117,4.83437
-0.184797,4.83428
-0.192477,4.83419
-0.200155,4.83408
-0.207833,4.83396
-0.21551,4.83383
-0.223187,4.83369
-0.230862,4.83353
-0.238537,4.83336
-0.24621,4.83319
-0.253883,4.833
-0.261555,4.83279
-0.269227,4.83258
-0.276897,4.83236
-0.284566,4.83212
-0.292234,4.83187
-0.299902,4.83161
-0.307568,4.83134
-0.315233,4.83105
-0.322898,4.83076
-0.330561,4.83045
-0.338223,4.83013
-0.345884,4.8298
-0.353544,4.82946
-0.361203,4.8291
-0.368861,4.82874
-0.376517,4.82836
-0.384173,4.82797
-0.391827,4.82757
-0.39948,4.82716
-0.407131,4.82673
-0.414782,4.8263
-0.422431,4.82585
-0.430079,4.82539
-0.437726,4.82492
-0.445371,4.82444
-0.453015,4.82394
-0.460658,4.82344
-0.468299,4.82292
-0.475939,4.82239
-0.483577,4.82185
-0.491215,4.8213
-0.49885,4.82073
-0.506484,4.82016
-0.514117,4.81957
-0.521748,4.81897
-0.529378,4.81836
-0.537006,4.81774
-0.544632,4.8171
-0.552257,4.81646
-0.559881,4.8158
-0.567503,4.81513
-0.575123,4.81445
-0.582742,4.81376
-0.590358,4.81306
-0.597974,4.81234
-0.605587,4.81162
-0.613199,4.81088
-0.620809,4.81013
-0.628418,4.80937
-0.636024,4.8086
-0.643629,4.80781
-0.651232,4.80702
-0.658833,4.80621
-0.666433,4.80539
-0.67403,4.80456
-0.681626,4.80372
-0.68922,4.80286
-0.696812,4.802
-0.704402,4.80112
-0.71199,4.80023
-0.719576,4.79933
-0.72716,4.79842
-0.734742,4.7975
-0.742322,4.79657
-0.7499,4.79562
-0.757477,4.79467
-0.765051,4.7937
-0.772622,4.79272
-0.780192,4.79173
-0.78776,4.79072
-0.795326,4.78971
-0.802889,4.78868
-0.810451,4.78765
-0.81801,4.7866
-0.825567,4.78554
-0.833121,4.78447
-0.840674,4.78339
-0.848224,4.78229
-0.855772,4.78119
-0.863318,4.78007
-0.870862,4.77894
-0.878403,4.7778
-0.885941,4.77665
-0.893478,4.77549
-0.901012,4.77431
-0.908544,4.77313
-0.916073,4.77193
-0.9236,4.77073
-0.931124,4.76951
-0.938646,4.76828
-0.946166,4.76703
-0.953683,4.76578
-0.961198,4.76452
-0.96871,4.76324
-0.976219,4.76195
-0.983726,4.76066
-0.991231,4.75935
-0.998732,4.75802
-1.00623,4.75669
-1.01373,4.75535
-1.02122,4.75399
-1.02871,4.75263
-1.0362,4.75125
-1.04369,4.74986
-1.05117,4.74846
-1.05865,4.74705
-1.06613,4.74563
-1.0736,4.7442
-1.08108,4.74275
-1.08855,4.74129
-1.09601,4.73983
-1.10348,4.73835
-1.11094,4.73686
-1.1184,4.73536
-1.12585,4.73385
-1.1333,4.73232
-1.14075,4.73079
-1.1482,4.72924
-1.15564,4.72769
-1.16308,4.72612
-1.17052,4.72454
-1.17796,4.72295
-1.18539,4.72135
-1.19282,4.71974
-1.20024,4.71811
-1.20767,4.71648
-1.21509,4.71483
-1.2225,4.71318
-1.22992,4.71151
-1.23733,4.70983
-1.24473,4.70814
-1.25214,4.70644
-1.25954,4.70472
-1.26694,4.703
-1.27433,4.70127
-1.28172,4.69952
-1.28911,4.69777
-1.29649,4.696
-1.30388,4.69422
-1.31125,4.69243
-1.31863,4.69063
-1.326,4.68882
-1.33337,4.68699
-1.34074,4.68516
-1.3481,4.68332
-1.35545,4.68146
-1.36281,4.67959
-1.37016,4.67772
-1.37751,4.67583
-1.38485,4.67393
-1.3922,4.67202
-1.39953,4.6701
-1.40687,4.66816
-1.4142,4.66622
-1.42153,4.66427
-1.42885,4.6623
-1.43617,4.66033
-1.44349,4.65834
-1.4508,4.65634
-1.45811,4.65433
-1.46541,4.65231
-1.47272,4.65028
-1.48001,4.64824
-1.48731,4.64619
-1.4946,4.64413
-1.50189,4.64205
-1.50917,4.63997
-1.51645,4.63787
-1.52373,4.63577
-1.531,4.63365
-1.53827,4.63152
-1.54553,4.62938
-1.5528,4.62724
-1.56005,4.62507
-1.56731,4.6229
-1.57456,4.62072
-1.5818,4.61853
-1.58904,4.61633
-1.59628,4.61411
-1.60352,4.61189
-1.61075,4.60965
-1.61797,4.60741
-1.6252,4.60515
-1.63241,4.60288
-1.63963,4.6006
-1.64684,4.59832
-1.65405,4.59602
-1.66125,4.59371
-1.66845,4.59139
-1.67564,4.58905
-1.68283,4.58671
-1.69002,4.58436
-1.6972,4.582
-1.70438,4.57962
-1.71155,4.57724
-1.71872,4.57484
-1.72588,4.57244
-1.73305,4.57002
-1.7402,4.56759
-1.74736,4.56515
-1.7545,4.56271
-1.76165,4.56025
-1.76879,4.55778
-1.77592,4.5553
-1.78306,4.55281
-1.79018,4.55031
-1.79731,4.5478
-1.80442,4.54528
-1.81154,4.54274
-1.81865,4.5402
-1.82575,4.53765
-1.83285,4.53508
-1.83995,4.53251
-1.84704,4.52992
-1.85413,4.52733
-1.86121,4.52472
-1.86829,4.52211
-1.87537,4.51948
-1.88244,4.51684
-1.8895,4.5142
-1.89656,4.51154
-1.90362,4.50887
-1.91067,4.50619
-1.91772,4.5035
-1.92476,4.50081
-1.9318,4.4981
-1.93883,4.49538
-1.94586,4.49265
-1.95288,4.48991
-1.9599,4.48716
-1.96692,4.48439
-1.97393,4.48162
-1.98093,4.47884
-1.98793,4.47605
-1.99493,4.47325
-2.00192,4.47043
-2.00891,4.46761
-2.01589,4.46478
-2.02287,4.46194
-2.02984,4.45908
-2.0368,4.45622
-2.04377,4.45335
-2.05072,4.45046
-2.05768,4.44757
-2.06462,4.44466
-2.07157,4.44175
-2.07851,4.43882
-2.08544,4.43589
-2.09237,4.43294
-2.09929,4.42999
-2.10621,4.42702
-2.11312,4.42405
-2.12003,4.42106
-2.12693,4.41807
-2.13383,4.41506
-2.14072,4.41204
-2.14761,4.40902
-2.15449,4.40598
-2.16137,4.40294
-2.16824,4.39988
-2.17511,4.39681
-2.18197,4.39374
-2.18883,4.39065
-2.19568,4.38756
-2.20253,4.38445
-2.20937,4.38133
-2.21621,4.37821
-2.22304,4.37507
-2.22987,4.37193
-2.23669,4.36877
-2.24351,4.3656
-2.25032,4.36243
-2.25712,4.35924
-2.26392,4.35605
-2.27072,4.35284
-2.27751,4.34963
-2.28429,4.3464
-2.29107,4.34317
-2.29784,4.33992
-2.30461,4.33667
-2.31137,4.3334
-2.31813,4.33013
-2.32488,4.32684
-2.33163,4.32355
-2.33837,4.32024
-2.3451,4.31693
-2.35183,4.31361
-2.35856,4.31027
-2.36528,4.30693
-2.37199,4.30358
-2.3787,4.30021
-2.3854,4.29684
-2.3921,4.29346
-2.39879,4.29007
-2.40548,4.28667
-2.41216,4.28326
-2.41883,4.27983
-2.4255,4.2764
-2.43216,4.27296
-2.43882,4.26951
-2.44547,4.26605
-2.45212,4.26258
-2.45876,4.25911
-2.4654,4.25562
-2.47203,4.25212
-2.47865,4.24861
-2.48527,4.24509
-2.49188,4.24157
-2.49849,4.23803
-2.50509,4.23449
-2.51168,4.23093
-2.51827,4.22736
-2.52486,4.22379
-2.53143,4.22021
-2.53801,4.21661
-2.54457,4.21301
-2.55113,4.2094
-2.55768,4.20577
-2.56423,4.20214
-2.57078,4.1985
-2.57731,4.19485
-2.58384,4.19119
-2.59037,4.18752
-2.59689,4.18384
-2.6034,4.18016
-2.6099,4.17646
-2.61641,4.17275
-2.6229,4.16904
-2.62939,4.16531
-2.63587,4.16158
-2.64235,4.15783
-2.64882,4.15408
-2.65528,4.15031
-2.66174,4.14654
-2.66819,4.14276
-2.67464,4.13897
-2.68108,4.13517
-2.68751,4.13136
-2.69394,4.12754
-2.70036,4.12371
-2.70678,4.11988
-2.71319,4.11603
-2.71959,4.11217
-2.72599,4.10831
-2.73238,4.10444
-2.73876,4.10055
-2.74514,4.09666
-2.75151,4.09276
-2.75788,4.08885
-2.76424,4.08493
-2.77059,4.081
-2.77694,4.07706
-2.78328,4.07312
-2.78961,4.06916
-2.79594,4.06519
-2.80226,4.06122
-2.80858,4.05724
-2.81489,4.05324
-2.82119,4.04924
-2.82749,4.04523
-2.83378,4.04121
-2.84006,4.03718
-2.84634,4.03315
-2.85261,4.0291
-2.85887,4.02504
-2.86513,4.02098
-2.87138,4.01691
-2.87762,4.01282
-2.88386,4.00873
-2.89009,4.00463
-2.89632,4.00052
-2.90253,3.99641
-2.90875,3.99228
-2.91495,3.98814
-2.92115,3.984
-2.92734,3.97984
-2.93353,3.97568
-2.93971,3.97151
-2.94588,3.96733
-2.95204,3.96314
-2.9582,3.95894
-2.96436,3.95474
-2.9705,3.95052
-2.97664,3.9463
-2.98277,3.94207
-2.9889,3.93782
-2.99502,3.93357
-3.00113,3.92932
-3.00723,3.92505
-3.01333,3.92077
-3.01942,3.91649
-3.02551,3.91219
-3.03159,3.90789
-3.03766,3.90358
-3.04372,3.89926
-3.04978,3.89493
-3.05583,3.89059
-3.06188,3.88625
-3.06791,3.8819
-3.07394,3.87753
-3.07997,3.87316
-3.08598,3.86878
-3.09199,3.86439
-3.098,3.86
-3.10399,3.85559
-3.10998,3.85118
-3.11596,3.84675
-3.12194,3.84232
-3.12791,3.83788
-3.13387,3.83344
-3.13982,3.82898
-3.14577,3.82452
-3.15171,3.82004
-3.15764,3.81556
-3.16357,3.81107
-3.16949,3.80657
-3.1754,3.80206
-3.1813,3.79755
-3.1872,3.79303
-3.19309,3.78849
-3.19897,3.78395
-3.20485,3.77941
-3.21072,3.77485
-3.21658,3.77028
-3.22244,3.76571
-3.22829,3.76113
-3.23413,3.75654
-3.23996,3.75194
-3.24579,3.74733
-3.25161,3.74272
-3.25742,3.73809
-3.26322,3.73346
-3.26902,3.72882
-3.27481,3.72418
-3.28059,3.71952
-3.28637,3.71486
-3.29214,3.71018
-3.2979,3.7055
-3.30365,3.70082
-3.3094,3.69612
-3.31514,3.69141
-3.32087,3.6867
-3.32659,3.68198
-3.33231,3.67725
-3.33802,3.67251
-3.34372,3.66777
-3.34942,3.66302
-3.35511,3.65826
-3.36079,3.65349
-3.36646,3.64871
-3.37213,3.64392
-3.37778,3.63913
-3.38344,3.63433
-3.38908,3.62952
-3.39471,3.6247
-3.40034,3.61988
-3.40596,3.61505
-3.41158,3.61021
-3.41718,3.60536
-3.42278,3.6005
-3.42837,3.59564
-3.43395,3.59076
-3.43953,3.58588
-3.4451,3.581
-3.45066,3.5761
-3.45621,3.5712
-3.46176,3.56629
-3.4673,3.56137
-3.47283,3.55644
-3.47835,3.55151
-3.48386,3.54656
-3.48937,3.54161
-3.49487,3.53665
-3.50036,3.53169
-3.50585,3.52672
-3.51132,3.52174
-3.51679,3.51675
-3.52226,3.51175
-3.52771,3.50675
-3.53316,3.50174
-3.53859,3.49672
-3.54402,3.49169
-3.54945,3.48665
-3.55486,3.48161
-3.56027,3.47656
-3.56567,3.47151
-3.57106,3.46644
-3.57645,3.46137
-3.58182,3.45629
-3.58719,3.4512
-3.59255,3.44611
-3.5979,3.44101
-3.60325,3.4359
-3.60859,3.43078
-3.61391,3.42565
-3.61924,3.42052
-3.62455,3.41538
-3.62986,3.41024
-3.63515,3.40508
-3.64044,3.39992
-3.64573,3.39475
-3.651,3.38957
-3.65627,3.38439
-3.66152,3.3792
-3.66677,3.374
-3.67202,3.3688
-3.67725,3.36358
-3.68248,3.35836
-3.6877,3.35313
-3.69291,3.3479
-3.69811,3.34266
-3.7033,3.33741
-3.70849,3.33215
-3.71367,3.32689
-3.71884,3.32162
-3.724,3.31634
-3.72915,3.31105
-3.7343,3.30576
-3.73944,3.30046
-3.74457,3.29515
-3.74969,3.28984
-3.7548,3.28452
-3.75991,3.27919
-3.76501,3.27386
-3.7701,3.26851
-3.77518,3.26316
-3.78025,3.25781
-3.78532,3.25244
-3.79037,3.24707
-3.79542,3.2417
-3.80046,3.23631
-3.80549,3.23092
-3.81052,3.22552
-3.81553,3.22012
-3.82054,3.2147
-3.82554,3.20928
-3.83053,3.20386
-3.83552,3.19842
-3.84049,3.19298
-3.84546,3.18754
-3.85042,3.18208
-3.85537,3.17662
-3.86031,3.17115
-3.86524,3.16568
-3.87017,3.1602
-3.87508,3.15471
-3.87999,3.14922
-3.88489,3.14371
-3.88978,3.13821
-3.89467,3.13269
-3.89954,3.12717
-3.90441,3.12164
-3.90927,3.11611
-3.91412,3.11056
-3.91896,3.10501
-3.92379,3.09946
-3.92862,3.0939
-3.93343,3.08833
-3.93824,3.08275
-3.94304,3.07717
-3.94783,3.07158
-3.95262,3.06599
-3.95739,3.06039
-3.96216,3.05478
-3.96691,3.04916
-3.97166,3.04354
-3.9764,3.03791
-3.98114,3.03228
-3.98586,3.02664
-3.99057,3.02099
-3.99528,3.01533
-3.99998,3.00967
-4.00467,3.00401
-4.00935,2.99833
-4.01402,2.99265
-4.01869,2.98697
-4.02334,2.98127
-4.02799,2.97558
-4.03263,2.96987
-4.03726,2.96416
-4.04188,2.95844
-4.04649,2.95272
-4.05109,2.94698
-4.05569,2.94125
-4.06027,2.9355
-4.06485,2.92975
-4.06942,2.924
-4.07398,2.91824
-4.07853,2.91247
-4.08308,2.90669
-4.08761,2.90091
-4.09214,2.89512
-4.09666,2.88933
-4.10116,2.88353
-4.10566,2.87772
-4.11016,2.87191
-4.11464,2.86609
-4.11911,2.86027
-4.12358,2.85444
-4.12803,2.8486
-4.13248,2.84276
-4.13692,2.83691
-4.14135,2.83106
-4.14577,2.8252
-4.15019,2.81933
-4.15459,2.81346
-4.15898,2.80758
-4.16337,2.80169
-4.16775,2.7958
-4.17212,2.78991
-4.17648,2.784
-4.18083,2.77809
-4.18517,2.77218
-4.1895,2.76626
-4.19383,2.76033
-4.19814,2.7544
-4.20245,2.74846
-4.20675,2.74252
-4.21104,2.73657
-4.21532,2.73061
-4.21959,2.72465
-4.22385,2.71868
-4.22811,2.71271
-4.23235,2.70673
-4.23659,2.70074
-4.24081,2.69475
-4.24503,2.68876
-4.24924,2.68275
-4.25344,2.67675
-4.25763,2.67073
-4.26182,2.66471
-4.26599,2.65869
-4.27015,2.65266
-4.27431,2.64662
-4.27845,2.64058
-4.28259,2.63453
-4.28672,2.62848
-4.29084,2.62242
-4.29495,2.61636
-4.29905,2.61029
-4.30314,2.60421
-4.30723,2.59813
-4.3113,2.59204
-4.31537,2.58595
-4.31942,2.57985
-4.32347,2.57375
-4.32751,2.56764
-4.33154,2.56153
-4.33556,2.55541
-4.33957,2.54928
-4.34357,2.54315
-4.34757,2.53702
-4.35155,2.53087
-4.35552,2.52473
-4.35949,2.51858
-4.36345,2.51242
-4.36739,2.50626
-4.37133,2.50009
-4.37526,2.49391
-4.37918,2.48774
-4.38309,2.48155
-4.38699,2.47536
-4.39089,2.46917
-4.39477,2.46297
-4.39864,2.45676
-4.40251,2.45055
-4.40636,2.44434
-4.41021,2.43812
-4.41405,2.43189
-4.41788,2.42566
-4.4217,2.41942
-4.42551,2.41318
-4.42931,2.40694
-4.4331,2.40068
-4.43688,2.39443
-4.44065,2.38817
-4.44442,2.3819
-4.44817,2.37563
-4.45192,2.36935
-4.45565,2.36307
-4.45938,2.35678
-4.4631,2.35049
-4.46681,2.34419
-4.47051,2.33789
-4.47419,2.33158
-4.47788,2.32527
-4.48155,2.31895
-4.48521,2.31263
-4.48886,2.3063
-4.4925,2.29997
-4.49614,2.29364
-4.49976,2.2873
-4.50338,2.28095
-4.50698,2.2746
-4.51058,2.26824
-4.51417,2.26188
-4.51775,2.25552
-4.52131,2.24914
-4.52487,2.24277
-4.52842,2.23639
-4.53196,2.23
-4.53549,2.22362
-4.53902,2.21722
-4.54253,2.21082
-4.54603,2.20442
-4.54953,2.19801
-4.55301,2.1916
-4.55648,2.18518
-4.55995,2.17876
-4.56341,2.17233
-4.56685,2.1659
-4.57029,2.15946
-4.57372,2.15302
-4.57713,2.14658
-4.58054,2.14013
-4.58394,2.13367
-4.58733,2.12721
-4.59071,2.12075
-4.59408,2.11428
-4.59745,2.10781
-4.6008,2.10133
-4.60414,2.09485
-4.60747,2.08837
-4.6108,2.08188
-4.61411,2.07538
-4.61741,2.06888
-4.62071,2.06238
-4.624,2.05587
-4.62727,2.04936
-4.63054,2.04284
-4.6338,2.03632
-4.63704,2.0298
-4.64028,2.02327
-4.64351,2.01673
-4.64673,2.01019
-4.64994,2.00365
-4.65314,1.9971
-4.65633,1.99055
-4.65951,1.984
-4.66268,1.97744
-4.66584,1.97087
-4.66899,1.96431
-4.67213,1.95773
-4.67527,1.95116
-4.67839,1.94458
-4.6815,1.93799
-4.68461,1.93141
-4.6877,1.92481
-4.69079,1.91822
-4.69386,1.91161
-4.69693,1.90501
-4.69998,1.8984
-4.70303,1.89179
-4.70607,1.88517
-4.70909,1.87855
-4.71211,1.87192
-4.71512,1.8653
-4.71812,1.85866
-4.72111,1.85203
-4.72408,1.84538
-4.72705,1.83874
-4.73001,1.83209
-4.73296,1.82544
-4.7359,1.81878
-4.73883,1.81212
-4.74175,1.80546
-4.74467,1.79879
-4.74757,1.79212
-4.75046,1.78544
-4.75334,1.77876
-4.75621,1.77208
-4.75908,1.76539
-4.76193,1.7587
-4.76477,1.752
-4.76761,1.74531
-4.77043,1.7386
-4.77324,1.7319
-4.77605,1.72519
-4.77884,1.71847
-4.78163,1.71176
-4.7844,1.70504
-4.78717,1.69831
-4.78992,1.69158
-4.79267,1.68485
-4.79541,1.67812
-4.79813,1.67138
-4.80085,1.66464
-4.80355,1.65789
-4.80625,1.65114
-4.80894,1.64439
-4.81162,1.63763
-4.81428,1.63087
-4.81694,1.62411
-4.81959,1.61734
-4.82223,1.61057
-4.82486,1.6038
-4.82748,1.59702
-4.83009,1.59024
-4.83268,1.58346
-4.83527,1.57667
-4.83785,1.56988
-4.84042,1.56308
-4.84298,1.55629
-4.84553,1.54948
-4.84807,1.54268
-4.8506,1.53587
-4.85312,1.52906
-4.85564,1.52225
-4.85814,1.51543
-4.86063,1.50861
-4.86311,1.50179
-4.86558,1.49496
-4.86804,1.48813
-4.87049,1.48129
-4.87294,1.47446
-4.87537,1.46762
-4.87779,1.46077
-4.8802,1.45393
-4.8826,1.44708
-4.885,1.44023
-4.88738,1.43337
-4.88975,1.42651
-4.89211,1.41965
-4.89447,1.41279
-4.89681,1.40592
-4.89914,1.39905
-4.90147,1.39217
-4.90378,1.3853
-4.90608,1.37842
-4.90838,1.37153
-4.91066,1.36465
-4.91293,1.35776
-4.9152,1.35087
-4.91745,1.34397
-4.9197,1.33707
-4.92193,1.33017
-4.92415,1.32327
-4.92637,1.31636
-4.92857,1.30946
-4.93077,1.30254
-4.93295,1.29563
-4.93513,1.28871
-4.93729,1.28179
-4.93944,1.27487
-4.94159,1.26794
-4.94372,1.26101
-4.94585,1.25408
-4.94796,1.24715
-4.95007,1.24021
-4.95216,1.23327
-4.95425,1.22633
-4.95632,1.21938
-4.95839,1.21244
-4.96044,1.20549
-4.96249,1.19853
-4.96452,1.19158
-4.96655,1.18462
-4.96856,1.17766
-4.97057,1.1707
-4.97256,1.16373
-4.97455,1.15676
-4.97652,1.14979
-4.97849,1.14282
-4.98044,1.13584
-4.98239,1.12886
-4.98432,1.12188
-4.98625,1.1149
-4.98816,1.10791
-4.99007,1.10093
-4.99196,1.09393
-4.99385,1.08694
-4.99572,1.07995
-4.99759,1.07295
-4.99944,1.06595
-5.00129,1.05895
-5.00312,1.05194
-5.00495,1.04493
-5.00676,1.03792
-5.00857,1.03091
-5.01036,1.0239
-5.01215,1.01688
-5.01392,1.00986
-5.01568,1.00284
-5.01744,0.995819
-5.01918,0.988794
-5.02092,0.981766
-5.02264,0.974736
-5.02436,0.967704
-5.02606,0.96067
-5.02776,0.953634
-5.02944,0.946596
-5.03111,0.939555
-5.03278,0.932513
-5.03443,0.925468
-5.03608,0.918421
-5.03771,0.911372
-5.03933,0.904322
-5.04095,0.897269
-5.04255,0.890214
-5.04414,0.883157
-5.04573,0.876098
-5.0473,0.869037
-5.04887,0.861974
-5.05042,0.854909
-5.05196,0.847842
-5.05349,0.840774
-5.05502,0.833703
-5.05653,0.826631
-5.05803,0.819556
-5.05953,0.81248
-5.06101,0.805402
-5.06248,0.798322
-5.06394,0.79124
-5.0654,0.784157
-5.06684,0.777071
-5.06827,0.769984
-5.06969,0.762895
-5.07111,0.755804
-5.07251,0.748712
-5.0739,0.741618
-5.07528,0.734522
-5.07665,0.727424
-5.07801,0.720325
-5.07937,0.713224
-5.08071,0.706121
-5.08204,0.699017
-5.08336,0.691911
-5.08467,0.684803
-5.08597,0.677694
-5.08726,0.670583
-5.08854,0.663471
-5.08981,0.656357
-5.09107,0.649242
-5.09232,0.642125
-5.09356,0.635006
-5.09479,0.627886
-5.09601,0.620765
-5.09722,0.613642
-5.09842,0.606517
-5.09961,0.599391
-5.10079,0.592264
-5.10196,0.585135
-5.10312,0.578005
-5.10427,0.570873
-5.10541,0.56374
-5.10653,0.556606
-5.10765,0.54947
-5.10876,0.542333
-5.10986,0.535195
-5.11095,0.528055
-5.11203,0.520914
-5.11309,0.513772
-5.11415,0.506628
-5.1152,0.499483
-5.11624,0.492337
-5.11726,0.48519
-5.11828,0.478041
-5.11929,0.470891
-5.12028,0.46374
-5.12127,0.456588
-5.12225,0.449435
-5.12321,0.44228
-5.12417,0.435125
-5.12512,0.427968
-5.12605,0.42081
-5.12698,0.413651
-5.12789,0.406491
-5.1288,0.39933
-5.12969,0.392168
-5.13058,0.385005
-5.13145,0.377841
-5.13232,0.370676
-5.13317,0.363509
-5.13402,0.356342
-5.13485,0.349174
-5.13568,0.342005
-5.13649,0.334835
-5.13729,0.327664
-5.13809,0.320492
-5.13887,0.313319
-5.13964,0.306145
-5.14041,0.298971
-5.14116,0.291795
-5.1419,0.284619
-5.14264,0.277442
-5.14336,0.270264
-5.14407,0.263085
-5.14477,0.255905
-5.14546,0.248725
-5.14615,0.241544
-5.14682,0.234362
-5.14748,0.227179
-5.14813,0.219996
-5.14877,0.212812
-5.1494,0.205627
-5.15002,0.198442
-5.15064,0.191256
-5.15124,0.184069
-5.15183,0.176882
-5.15241,0.169694
-5.15298,0.162505
-5.15354,0.155316
-5.15409,0.148126
-5.15463,0.140935
-5.15516,0.133744
-5.15567,0.126553
-5.15618,0.119361
-5.15668,0.112168
-5.15717,0.104975
-5.15765,0.0977816
-5.15812,0.0905876
-5.15858,0.0833931
-5.15903,0.0761981
-5.15946,0.0690027
-5.15989,0.0618069
-5.16031,0.0546106
-5.16072,0.047414
-5.16111,0.040217
-5.1615,0.0330196
-5.16188,0.0258219
-5.16224,0.0186238
-5.1626,0.0114254
-5.16295,0.00422663
-5.16328,-0.0029724
-5.16361,-0.0101717
-5.16393,-0.0173713
-5.16423,-0.0245712
-5.16453,-0.0317713
-5.16481,-0.0389716
-5.16509,-0.0461721
-5.16535,-0.0533729
-5.16561,-0.0605738
-5.16585,-0.067775
-5.16609,-0.0749762
-5.16631,-0.0821777
-5.16653,-0.0893793
-5.16673,-0.096581
-5.16693,-0.103783
-5.16711,-0.110985
-5.16728,-0.118187
-5.16745,-0.125389
-5.1676,-0.132591
-5.16774,-0.139793
-5.16788,-0.146995
-5.168,-0.154197
-5.16811,-0.1614
-5.16822,-0.168602
-5.16831,-0.175804
-5.16839,-0.183006
-5.16846,-0.190208
-5.16852,-0.19741
-5.16858,-0.204612
-5.16862,-0.211814
-5.16865,-0.219016
-5.16867,-0.226217
-5.16868,-0.233419
-5.16868,-0.24062
-5.16868,-0.247821
-5.16866,-0.255022
-5.16863,-0.262223
-5.16859,-0.269423
-5.16854,-0.276624
-5.16848,-0.283824
-5.16841,-0.291024
-5.16833,-0.298224
-5.16824,-0.305423
-5.16814,-0.312622
-5.16803,-0.319821
-5.16791,-0.327019
-5.16778,-0.334217
-5.16764,-0.341415
-5.16749,-0.348613
-5.16733,-0.35581
-5.16716,-0.363007
-5.16697,-0.370203
-5.16678,-0.377399
-5.16658,-0.384594
-5.16637,-0.391789
-5.16615,-0.398984
-5.16592,-0.406178
-5.16567,-0.413372
-5.16542,-0.420565
-5.16516,-0.427758
-5.16489,-0.43495
-5.16461,-0.442142
-5.16431,-0.449333
-5.16401,-0.456523
-5.1637,-0.463713
-5.16338,-0.470903
-5.16304,-0.478092
-5.1627,-0.48528
-5.16235,-0.492467
-5.16198,-0.499654
-5.16161,-0.506841
-5.16123,-0.514026
-5.16083,-0.521211
-5.16043,-0.528396
-5.16002,-0.535579
-5.15959,-0.542762
-5.15916,-0.549944
-5.15872,-0.557126
-5.15826,-0.564306
-5.1578,-0.571486
-5.15732,-0.578665
-5.15684,-0.585844
-5.15634,-0.593021
-5.15584,-0.600198
-5.15533,-0.607374
-5.1548,-0.614549
-5.15427,-0.621723
-5.15372,-0.628896
-5.15317,-0.636068
-5.1526,-0.64324
-5.15203,-0.65041
-5.15144,-0.65758
-5.15085,-0.664749
-5.15024,-0.671916
-5.14963,-0.679083
-5.149,-0.686249
-5.14837,-0.693414
-5.14772,-0.700577
-5.14707,-0.70774
-5.1464,-0.714902
-5.14572,-0.722062
-5.14504,-0.729222
-5.14434,-0.73638
-5.14364,-0.743538
-5.14292,-0.750694
-5.1422,-0.757849
-5.14146,-0.765003
-5.14071,-0.772156
-5.13996,-0.779308
-5.13919,-0.786459
-5.13842,-0.793608
-5.13763,-0.800756
-5.13683,-0.807903
-5.13603,-0.815049
-5.13521,-0.822194
-5.13439,-0.829337
-5.13355,-0.836479
-5.1327,-0.84362
-5.13185,-0.850759
-5.13098,-0.857897
-5.13011,-0.865034
-5.12922,-0.87217
-5.12832,-0.879304
-5.12742,-0.886436
-5.1265,-0.893568
-5.12558,-0.900698
-5.12464,-0.907827
-5.12369,-0.914954
-5.12274,-0.92208
-5.12177,-0.929204
-5.1208,-0.936327
-5.11981,-0.943448
-5.11881,-0.950568
-5.11781,-0.957687
-5.11679,-0.964804
-5.11577,-0.971919
-5.11473,-0.979033
-5.11368,-0.986146
-5.11263,-0.993257
-5.11156,-1.00037
-5.11049,-1.00747
-5.1094,-1.01458
-5.1083,-1.02168
-5.1072,-1.02879
-5.10608,-1.03589
-5.10496,-1.04299
-5.10382,-1.05009
-5.10268,-1.05718
-5.10152,-1.06428
-5.10036,-1.07137
-5.09918,-1.07846
-5.098,-1.08555
-5.0968,-1.09264
-5.0956,-1.09972
-5.09438,-1.10681
-5.09316,-1.11389
-5.09192,-1.12097
-5.09068,-1.12805
-5.08942,-1.13513
-5.08816,-1.1422
-5.08688,-1.14928
-5.0856,-1.15635
-5.0843,-1.16342
-5.083,-1.17048
-5.08169,-1.17755
-5.08036,-1.18461
-5.07903,-1.19168
-5.07768,-1.19874
-5.07633,-1.20579
-5.07497,-1.21285
-5.07359,-1.2199
-5.07221,-1.22696
-5.07082,-1.23401
-5.06941,-1.24106
-5.068,-1.2481
-5.06658,-1.25515
-5.06515,-1.26219
-5.0637,-1.26923
-5.06225,-1.27627
-5.06079,-1.2833
-5.05932,-1.29033
-5.05784,-1.29737
-5.05634,-1.3044
-5.05484,-1.31142
-5.05333,-1.31845
-5.05181,-1.32547
-5.05028,-1.33249
-5.04874,-1.33951
-5.04719,-1.34653
-5.04563,-1.35354
-5.04406,-1.36055
-5.04248,-1.36756
-5.04089,-1.37457
-5.03929,-1.38158
-5.03768,-1.38858
-5.03606,-1.39558
-5.03443,-1.40258
-5.03279,-1.40957
-5.03114,-1.41657
-5.02948,-1.42356
-5.02781,-1.43055
-5.02614,-1.43753
-5.02445,-1.44452
-5.02275,-1.4515
-5.02104,-1.45848
-5.01933,-1.46546
-5.0176,-1.47243
-5.01586,-1.4794
-5.01412,-1.48637
-5.01236,-1.49334
-5.01059,-1.5003
-5.00882,-1.50726
-5.00703,-1.51422
-5.00524,-1.52118
-5.00343,-1.52814
-5.00162,-1.53509
-4.99979,-1.54204
-4.99796,-1.54898
-4.99612,-1.55593
-4.99426,-1.56287
-4.9924,-1.56981
-4.99053,-1.57674
-4.98864,-1.58368
-4.98675,-1.59061
-4.98485,-1.59754
-4.98294,-1.60446
-4.98102,-1.61138
-4.97909,-1.6183
-4.97714,-1.62522
-4.97519,-1.63214
-4.97323,-1.63905
-4.97126,-1.64596
-4.96928,-1.65286
-4.9673,-1.65977
-4.9653,-1.66667
-4.96329,-1.67357
-4.96127,-1.68046
-4.95924,-1.68735
-4.95721,-1.69424
-4.95516,-1.70113
-4.9531,-1.70801
-4.95104,-1.71489
-4.94896,-1.72177
-4.94687,-1.72865
-4.94478,-1.73552
-4.94267,-1.74239
-4.94056,-1.74926
-4.93844,-1.75612
-4.9363,-1.76298
-4.93416,-1.76984
-4.93201,-1.77669
-4.92984,-1.78354
-4.92767,-1.79039
-4.92549,-1.79723
-4.9233,-1.80408
-4.9211,-1.81092
-4.91889,-1.81775
-4.91667,-1.82458
-4.91444,-1.83141
-4.9122,-1.83824
-4.90995,-1.84506
-4.90769,-1.85188
-4.90543,-1.8587
-4.90315,-1.86552
-4.90086,-1.87233
-4.89857,-1.87913
-4.89626,-1.88594
-4.89395,-1.89274
-4.89162,-1.89954
-4.88929,-1.90633
-4.88694,-1.91312
-4.88459,-1.91991
-4.88223,-1.9267
-4.87986,-1.93348
-4.87747,-1.94026
-4.87508,-1.94703
-4.87268,-1.9538
-4.87027,-1.96057
-4.86785,-1.96734
-4.86542,-1.9741
-4.86298,-1.98086
-4.86054,-1.98761
-4.85808,-1.99436
-4.85561,-2.00111
-4.85314,-2.00786
-4.85065,-2.0146
-4.84815,-2.02133
-4.84565,-2.02807
-4.84314,-2.0348
-4.84061,-2.04153
-4.83808,-2.04825
-4.83554,-2.05497
-4.83299,-2.06169
-4.83042,-2.0684
-4.82785,-2.07511
-4.82527,-2.08182
-4.82268,-2.08852
-4.82009,-2.09522
-4.81748,-2.10191
-4.81486,-2.1086
-4.81223,-2.11529
-4.8096,-2.12198
-4.80695,-2.12866
-4.8043,-2.13533
-4.80163,-2.14201
-4.79896,-2.14868
-4.79628,-2.15534
-4.79358,-2.162
-4.79088,-2.16866
-4.78817,-2.17532
-4.78545,-2.18197
-4.78272,-2.18862
-4.77998,-2.19526
-4.77723,-2.2019
-4.77448,-2.20853
-4.77171,-2.21517
-4.76893,-2.22179
-4.76615,-2.22842
-4.76335,-2.23504
-4.76055,-2.24166
-4.75774,-2.24827
-4.75492,-2.25488
-4.75208,-2.26148
-4.74924,-2.26808
-4.74639,-2.27468
-4.74353,-2.28127
-4.74067,-2.28786
-4.73779,-2.29445
-4.7349,-2.30103
-4.732,-2.30761
-4.7291,-2.31418
-4.72618,-2.32075
-4.72326,-2.32731
-4.72033,-2.33387
-4.71738,-2.34043
-4.71443,-2.34698
-4.71147,-2.35353
-4.7085,-2.36008
-4.70552,-2.36662
-4.70254,-2.37316
-4.69954,-2.37969
-4.69653,-2.38622
-4.69352,-2.39274
-4.69049,-2.39926
-4.68746,-2.40578
-4.68441,-2.41229
-4.68136,-2.4188
-4.6783,-2.4253
-4.67523,-2.4318
-4.67215,-2.43829
-4.66906,-2.44478
-4.66596,-2.45127
-4.66286,-2.45775
-4.65974,-2.46423
-4.65662,-2.4707
-4.65348,-2.47717
-4.65034,-2.48364
-4.64719,-2.4901
-4.64403,-2.49656
-4.64086,-2.50301
-4.63768,-2.50946
-4.63449,-2.5159
-4.63129,-2.52234
-4.62808,-2.52877
-4.62487,-2.5352
-4.62164,-2.54163
-4.61841,-2.54805
-4.61517,-2.55446
-4.61192,-2.56088
-4.60866,-2.56728
-4.60539,-2.57369
-4.60211,-2.58009
-4.59882,-2.58648
-4.59552,-2.59287
-4.59222,-2.59926
-4.5889,-2.60564
-4.58558,-2.61201
-4.58225,-2.61838
-4.57891,-2.62475
-4.57556,-2.63111
-4.5722,-2.63747
-4.56883,-2.64382
-4.56545,-2.65017
-4.56207,-2.65652
-4.55867,-2.66286
-4.55527,-2.66919
-4.55186,-2.67552
-4.54843,-2.68185
-4.545,-2.68817
-4.54156,-2.69448
-4.53812,-2.70079
-4.53466,-2.7071
-4.53119,-2.7134
-4.52772,-2.7197
-4.52424,-2.72599
-4.52074,-2.73228
-4.51724,-2.73856
-4.51373,-2.74484
-4.51021,-2.75111
-4.50669,-2.75738
-4.50315,-2.76364
-4.4996,-2.7699
-4.49605,-2.77615
-4.49249,-2.7824
-4.48891,-2.78864
-4.48533,-2.79488
-4.48175,-2.80112
-4.47815,-2.80735
-4.47454,-2.81357
-4.47093,-2.81979
-4.4673,-2.826
-4.46367,-2.83221
-4.46003,-2.83842
-4.45638,-2.84462
-4.45272,-2.85081
-4.44905,-2.857
-4.44537,-2.86318
-4.44169,-2.86936
-4.43799,-2.87554
-4.43429,-2.88171
-4.43058,-2.88787
-4.42686,-2.89403
-4.42313,-2.90018
-4.41939,-2.90633
-4.41565,-2.91247
-4.41189,-2.91861
-4.40813,-2.92475
-4.40436,-2.93087
-4.40058,-2.937
-4.39679,-2.94311
-4.39299,-2.94923
-4.38918,-2.95533
-4.38537,-2.96144
-4.38155,-2.96753
-4.37771,-2.97362
-4.37387,-2.97971
-4.37002,-2.98579
-4.36617,-2.99187
-4.3623,-2.99794
-4.35842,-3.004
-4.35454,-3.01006
-4.35065,-3.01612
-4.34675,-3.02217
-4.34284,-3.02821
-4.33892,-3.03425
-4.335,-3.04028
-4.33106,-3.04631
-4.32712,-3.05233
-4.32317,-3.05835
-4.31921,-3.06436
-4.31524,-3.07037
-4.31126,-3.07637
-4.30727,-3.08237
-4.30328,-3.08836
-4.29928,-3.09434
-4.29527,-3.10032
-4.29125,-3.10629
-4.28722,-3.11226
-4.28318,-3.11822
-4.27914,-3.12418
-4.27509,-3.13013
-4.27103,-3.13608
-4.26696,-3.14202
-4.26288,-3.14795
-4.25879,-3.15388
-4.2547,-3.15981
-4.25059,-3.16572
-4.24648,-3.17164
-4.24236,-3.17754
-4.23823,-3.18344
-4.2341,-3.18934
-4.22995,-3.19523
-4.2258,-3.20111
-4.22164,-3.20699
-4.21747,-3.21287
-4.21329,-3.21873
-4.2091,-3.22459
-4.20491,-3.23045
-4.2007,-3.2363
-4.19649,-3.24214
-4.19227,-3.24798
-4.18805,-3.25382
-4.18381,-3.25964
-4.17957,-3.26546
-4.17531,-3.27128
-4.17105,-3.27709
-4.16678,-3.28289
-4.16251,-3.28869
-4.15822,-3.29448
-4.15393,-3.30027
-4.14963,-3.30605
-4.14532,-3.31182
-4.141,-3.31759
-4.13667,-3.32335
-4.13234,-3.32911
-4.12799,-3.33486
-4.12364,-3.34061
-4.11928,-3.34634
-4.11492,-3.35208
-4.11054,-3.3578
-4.10616,-3.36353
-4.10177,-3.36924
-4.09737,-3.37495
-4.09296,-3.38065
-4.08855,-3.38635
-4.08412,-3.39204
-4.07969,-3.39772
-4.07525,-3.4034
-4.0708,-3.40908
-4.06635,-3.41474
-4.06188,-3.4204
-4.05741,-3.42606
-4.05293,-3.43171
-4.04844,-3.43735
-4.04395,-3.44298
-4.03944,-3.44861
-4.03493,-3.45424
-4.03041,-3.45986
-4.02588,-3.46547
-4.02135,-3.47107
-4.0168,-3.47667
-4.01225,-3.48226
-4.00769,-3.48785
-4.00312,-3.49343
-3.99855,-3.49901
-3.99397,-3.50457
-3.98937,-3.51014
-3.98477,-3.51569
-3.98017,-3.52124
-3.97555,-3.52678
-3.97093,-3.53232
-3.9663,-3.53785
-3.96166,-3.54337
-3.95701,-3.54889
-3.95236,-3.5544
-3.9477,-3.55991
-3.94303,-3.56541
-3.93835,-3.5709
-3.93366,-3.57638
-3.92897,-3.58186
-3.92427,-3.58734
-3.91956,-3.5928
-3.91484,-3.59826
-3.91012,-3.60372
-3.90539,-3.60916
-3.90065,-3.6146
-3.8959,-3.62004
-3.89114,-3.62546
-3.88638,-3.63089
-3.88161,-3.6363
-3.87683,-3.64171
-3.87204,-3.64711
-3.86725,-3.65251
-3.86245,-3.65789
-3.85764,-3.66328
-3.85282,-3.66865
-3.848,-3.67402
-3.84316,-3.67938
-3.83832,-3.68474
-3.83348,-3.69009
-3.82862,-3.69543
-3.82376,-3.70077
-3.81889,-3.70609
-3.81401,-3.71142
-3.80912,-3.71673
-3.80423,-3.72204
-3.79933,-3.72734
-3.79442,-3.73264
-3.7895,-3.73793
-3.78458,-3.74321
-3.77965,-3.74849
-3.77471,-3.75376
-3.76977,-3.75902
-3.76481,-3.76427
-3.75985,-3.76952
-3.75488,-3.77476
-3.74991,-3.78
-3.74492,-3.78523
-3.73993,-3.79045
-3.73493,-3.79566
-3.72993,-3.80087
-3.72491,-3.80607
-3.71989,-3.81126
-3.71486,-3.81645
-3.70983,-3.82163
-3.70478,-3.8268
-3.69973,-3.83197
-3.69467,-3.83713
-3.68961,-3.84228
-3.68454,-3.84743
-3.67946,-3.85257
-3.67437,-3.8577
-3.66927,-3.86282
-3.66417,-3.86794
-3.65906,-3.87305
-3.65395,-3.87816
-3.64882,-3.88325
-3.64369,-3.88834
-3.63855,-3.89343
-3.6334,-3.8985
-3.62825,-3.90357
-3.62309,-3.90863
-3.61792,-3.91369
-3.61275,-3.91874
-3.60757,-3.92378
-3.60238,-3.92881
-3.59718,-3.93384
-3.59197,-3.93886
-3.58676,-3.94387
-3.58155,-3.94887
-3.57632,-3.95387
-3.57109,-3.95886
-3.56585,-3.96385
-3.5606,-3.96882
-3.55535,-3.97379
-3.55008,-3.97875
-3.54482,-3.98371
-3.53954,-3.98866
-3.53426,-3.9936
-3.52897,-3.99853
-3.52367,-4.00346
-3.51837,-4.00837
-3.51305,-4.01329
-3.50774,-4.01819
-3.50241,-4.02309
-3.49708,-4.02798
-3.49174,-4.03286
-3.48639,-4.03773
-3.48104,-4.0426
-3.47568,-4.04746
-3.47031,-4.05232
-3.46494,-4.05716
-3.45956,-4.062
-3.45417,-4.06683
-3.44877,-4.07165
-3.44337,-4.07647
-3.43796,-4.08128
-3.43254,-4.08608
-3.42712,-4.09087
-3.42169,-4.09566
-3.41625,-4.10044
-3.41081,-4.10521
-3.40536,-4.10998
-3.3999,-4.11473
-3.39444,-4.11948
-3.38897,-4.12422
-3.38349,-4.12896
-3.378,-4.13369
-3.37251,-4.1384
-3.36701,-4.14312
-3.36151,-4.14782
-3.35599,-4.15252
-3.35047,-4.15721
-3.34495,-4.16189
-3.33942,-4.16656
-3.33388,-4.17123
-3.32833,-4.17589
-3.32278,-4.18054
-3.31722,-4.18518
-3.31165,-4.18982
-3.30608,-4.19445
-3.3005,-4.19907
-3.29491,-4.20368
-3.28932,-4.20829
-3.28372,-4.21288
-3.27811,-4.21747
-3.2725,-4.22206
-3.26688,-4.22663
-3.26125,-4.2312
-3.25562,-4.23576
-3.24998,-4.24031
-3.24433,-4.24485
-3.23868,-4.24939
-3.23302,-4.25392
-3.22735,-4.25844
-3.22168,-4.26295
-3.216,-4.26746
-3.21032,-4.27195
-3.20462,-4.27644
-3.19892,-4.28093
-3.19322,-4.2854
-3.18751,-4.28987
-3.18179,-4.29432
-3.17606,-4.29877
-3.17033,-4.30322
-3.16459,-4.30765
-3.15885,-4.31208
-3.1531,-4.3165
-3.14734,-4.32091
-3.14158,-4.32531
-3.13581,-4.32971
-3.13003,-4.33409
-3.12425,-4.33847
-3.11846,-4.34284
-3.11266,-4.34721
-3.10686,-4.35156
-3.10105,-4.35591
-3.09524,-4.36025
-3.08942,-4.36458
-3.08359,-4.36891
-3.07776,-4.37322
-3.07192,-4.37753
-3.06607,-4.38183
-3.06022,-4.38612
-3.05436,-4.3904
-3.0485,-4.39468
-3.04262,-4.39895
-3.03675,-4.4032
-3.03086,-4.40746
-3.02497,-4.4117
-3.01908,-4.41593
-3.01317,-4.42016
-3.00727,-4.42438
-3.00135,-4.42859
-2.99543,-4.43279
-2.9895,-4.43699
-2.98357,-4.44117
-2.97763,-4.44535
-2.97168,-4.44952
-2.96573,-4.45368
-2.95977,-4.45784
-2.95381,-4.46198
-2.94784,-4.46612
-2.94186,-4.47025
-2.93588,-4.47437
-2.92989,-4.47848
-2.9239,-4.48259
-2.9179,-4.48668
-2.91189,-4.49077
-2.90588,-4.49485
-2.89986,-4.49892
-2.89384,-4.50299
-2.88781,-4.50704
-2.88177,-4.51109
-2.87573,-4.51513
-2.86968,-4.51916
-2.86363,-4.52318
-2.85757,-4.52719
-2.8515,-4.53119
-2.84543,-4.53519
-2.83935,-4.53918
-2.83327,-4.54316
-2.82718,-4.54713
-2.82108,-4.55109
-2.81498,-4.55505
-2.80888,-4.55899
-2.80276,-4.56293
-2.79664,-4.56686
-2.79052,-4.57078
-2.78439,-4.5747
-2.77825,-4.5786
-2.77211,-4.5825
-2.76596,-4.58638
-2.75981,-4.59026
-2.75365,-4.59413
-2.74749,-4.59799
-2.74132,-4.60185
-2.73514,-4.60569
-2.72896,-4.60953
-2.72277,-4.61336
-2.71658,-4.61717
-2.71038,-4.62098
-2.70417,-4.62479
-2.69796,-4.62858
-2.69175,-4.63237
-2.68553,-4.63614
-2.6793,-4.63991
-2.67307,-4.64367
-2.66683,-4.64742
-2.66058,-4.65116
-2.65433,-4.6549
-2.64808,-4.65862
-2.64182,-4.66234
-2.63555,-4.66604
-2.62928,-4.66974
-2.623,-4.67343
-2.61672,-4.67711
-2.61043,-4.68079
-2.60414,-4.68445
-2.59784,-4.68811
-2.59154,-4.69175
-2.58523,-4.69539
-2.57891,-4.69902
-2.57259,-4.70264
-2.56626,-4.70625
-2.55993,-4.70986
-2.55359,-4.71345
-2.54725,-4.71704
-2.5409,-4.72062
-2.53455,-4.72418
-2.52819,-4.72774
-2.52183,-4.73129
-2.51546,-4.73484
-2.50909,-4.73837
-2.50271,-4.74189
-2.49632,-4.74541
-2.48993,-4.74892
-2.48353,-4.75241
-2.47713,-4.7559
-2.47073,-4.75938
-2.46432,-4.76285
-2.4579,-4.76632
-2.45148,-4.76977
-2.44505,-4.77321
-2.43862,-4.77665
-2.43218,-4.78008
-2.42574,-4.78349
-2.41929,-4.7869
-2.41284,-4.7903
-2.40638,-4.79369
-2.39992,-4.79708
-2.39345,-4.80045
-2.38698,-4.80381
-2.3805,-4.80717
-2.37402,-4.81052
-2.36753,-4.81385
-2.36104,-4.81718
-2.35454,-4.8205
-2.34803,-4.82381
-2.34153,-4.82711
-2.33501,-4.83041
-2.32849,-4.83369
-2.32197,-4.83696
-2.31544,-4.84023
-2.30891,-4.84349
-2.30237,-4.84673
-2.29583,-4.84997
-2.28928,-4.8532
-2.28273,-4.85642
-2.27617,-4.85963
-2.26961,-4.86283
-2.26304,-4.86603
-2.25647,-4.86921
-2.24989,-4.87238
-2.24331,-4.87555
-2.23672,-4.87871
-2.23013,-4.88185
-2.22353,-4.88499
-2.21693,-4.88812
-2.21033,-4.89124
-2.20372,-4.89435
-2.1971,-4.89745
-2.19048,-4.90054
-2.18386,-4.90363
-2.17723,-4.9067
-2.17059,-4.90977
-2.16395,-4.91282
-2.15731,-4.91587
-2.15066,-4.9189
-2.14401,-4.92193
-2.13735,-4.92495
-2.13069,-4.92796
-2.12402,-4.93096
-2.11735,-4.93395
-2.11067,-4.93693
-2.10399,-4.93991
-2.09731,-4.94287
-2.09062,-4.94582
-2.08392,-4.94877
-2.07723,-4.9517
-2.07052,-4.95463
-2.06381,-4.95754
-2.0571,-4.96045
-2.05039,-4.96335
-2.04366,-4.96624
-2.03694,-4.96912
-2.03021,-4.97199
-2.02347,-4.97485
-2.01674,-4.9777
-2.00999,-4.98054
-2.00324,-4.98337
-1.99649,-4.98619
-1.98974,-4.98901
-1.98297,-4.99181
-1.97621,-4.99461
-1.96944,-4.99739
-1.96267,-5.00017
-1.95589,-5.00293
-1.94911,-5.00569
-1.94232,-5.00844
-1.93553,-5.01118
-1.92873,-5.0139
-1.92193,-5.01662
-1.91513,-5.01933
-1.90832,-5.02203
-1.90151,-5.02472
-1.89469,-5.0274
-1.88787,-5.03008
-1.88105,-5.03274
-1.87422,-5.03539
-1.86739,-5.03803
-1.86055,-5.04067
-1.85371,-5.04329
-1.84686,-5.04591
-1.84001,-5.04851
-1.83316,-5.05111
-1.8263,-5.05369
-1.81944,-5.05627
-1.81258,-5.05884
-1.80571,-5.06139
-1.79883,-5.06394
-1.79195,-5.06648
-1.78507,-5.06901
-1.77819,-5.07153
-1.7713,-5.07403
-1.7644,-5.07653
-1.75751,-5.07902
-1.7506,-5.0815
-1.7437,-5.08397
-1.73679,-5.08644
-1.72988,-5.08889
-1.72296,-5.09133
-1.71604,-5.09376
-1.70911,-5.09618
-1.70219,-5.0986
-1.69525,-5.101
-1.68832,-5.10339
-1.68138,-5.10578
-1.67443,-5.10815
-1.66749,-5.11051
-1.66053,-5.11287
-1.65358,-5.11521
-1.64662,-5.11755
-1.63966,-5.11987
-1.63269,-5.12219
-1.62572,-5.12449
-1.61875,-5.12679
-1.61177,-5.12908
-1.60479,-5.13135
-1.59781,-5.13362
-1.59082,-5.13588
-1.58383,-5.13812
-1.57683,-5.14036
-1.56983,-5.14259
-1.56283,-5.14481
-1.55582,-5.14701
-1.54881,-5.14921
-1.5418,-5.1514
-1.53478,-5.15358
-1.52776,-5.15575
-1.52074,-5.15791
-1.51371,-5.16005
-1.50668,-5.16219
-1.49965,-5.16432
-1.49261,-5.16644
-1.48557,-5.16855
-1.47852,-5.17065
-1.47148,-5.17274
-1.46442,-5.17482
-1.45737,-5.17689
-1.45031,-5.17895
-1.44325,-5.181
-1.43619,-5.18304
-1.42912,-5.18507
-1.42205,-5.18709
-1.41497,-5.1891
-1.40789,-5.1911
-1.40081,-5.19309
-1.39373,-5.19507
-1.38664,-5.19704
-1.37955,-5.19901
-1.37245,-5.20096
-1.36536,-5.2029
-1.35826,-5.20483
