-2.6863,-4.64546
-2.67986,-4.64887
-2.67341,-4.65227
-2.66695,-4.65567
-2.66049,-4.65906
-2.65403,-4.66244
-2.64756,-4.66581
-2.64108,-4.66917
-2.6346,-4.67252
-2.62811,-4.67586
-2.62162,-4.67919
-2.61513,-4.68252
-2.60863,-4.68583
-2.60212,-4.68914
-2.59561,-4.69244
-2.58909,-4.69573
-2.58257,-4.699
-2.57605,-4.70227
-2.56952,-4.70554
-2.56298,-4.70879
-2.55644,-4.71203
-2.5499,-4.71527
-2.54335,-4.71849
-2.53679,-4.72171
-2.53023,-4.72491
-2.52367,-4.72811
-2.5171,-4.7313
-2.51053,-4.73448
-2.50395,-4.73765
-2.49736,-4.74081
-2.49077,-4.74396
-2.48418,-4.7471
-2.47758,-4.75024
-2.47098,-4.75336
-2.46437,-4.75648
-2.45776,-4.75958
-2.45114,-4.76268
-2.44452,-4.76577
-2.43789,-4.76885
-2.43126,-4.77192
-2.42462,-4.77498
-2.41798,-4.77803
-2.41133,-4.78107
-2.40468,-4.7841
-2.39803,-4.78713
-2.39137,-4.79014
-2.3847,-4.79314
-2.37804,-4.79614
-2.37136,-4.79913
-2.36468,-4.8021
-2.358,-4.80507
-2.35131,-4.80803
-2.34462,-4.81098
-2.33793,-4.81392
-2.33123,-4.81685
-2.32452,-4.81977
-2.31781,-4.82268
-2.3111,-4.82559
-2.30438,-4.82848
-2.29765,-4.83136
-2.29093,-4.83424
-2.28419,-4.8371
-2.27746,-4.83996
-2.27072,-4.84281
-2.26397,-4.84564
-2.25722,-4.84847
-2.25047,-4.85129
-2.24371,-4.8541
-2.23695,-4.8569
-2.23018,-4.85969
-2.22341,-4.86247
-2.21663,-4.86524
-2.20985,-4.868
-2.20307,-4.87076
-2.19628,-4.8735
-2.18948,-4.87623
-2.18269,-4.87896
-2.17589,-4.88167
-2.16908,-4.88438
-2.16227,-4.88707
-2.15546,-4.88976
-2.14864,-4.89244
-2.14182,-4.8951
-2.13499,-4.89776
-2.12816,-4.90041
-2.12132,-4.90305
-2.11448,-4.90568
-2.10764,-4.9083
-2.10079,-4.91091
-2.09394,-4.91351
-2.08709,-4.9161
-2.08023,-4.91868
-2.07336,-4.92125
-2.0665,-4.92381
-2.05963,-4.92637
-2.05275,-4.92891
-2.04587,-4.93144
-2.03899,-4.93397
-2.0321,-4.93648
-2.02521,-4.93899
-2.01831,-4.94148
-2.01141,-4.94397
-2.00451,-4.94644
-1.9976,-4.94891
-1.99069,-4.95136
-1.98378,-4.95381
-1.97686,-4.95625
-1.96994,-4.95868
-1.96301,-4.96109
-1.95608,-4.9635
-1.94914,-4.9659
-1.94221,-4.96829
-1.93526,-4.97067
-1.92832,-4.97304
-1.92137,-4.9754
-1.91442,-4.97775
-1.90746,-4.98009
-1.9005,-4.98242
-1.89354,-4.98474
-1.88657,-4.98705
-1.8796,-4.98935
-1.87262,-4.99164
-1.86564,-4.99392
-1.85866,-4.9962
-1.85167,-4.99846
-1.84468,-5.00071
-1.83769,-5.00295
-1.83069,-5.00519
-1.82369,-5.00741
-1.81669,-5.00962
-1.80968,-5.01183
-1.80267,-5.01402
-1.79565,-5.0162
-1.78864,-5.01838
-1.78161,-5.02054
-1.77459,-5.0227
-1.76756,-5.02484
-1.76053,-5.02697
-1.75349,-5.0291
-1.74645,-5.03121
-1.73941,-5.03332
-1.73236,-5.03541
-1.72531,-5.0375
-1.71826,-5.03958
-1.7112,-5.04164
-1.70415,-5.0437
-1.69708,-5.04574
-1.69002,-5.04778
-1.68295,-5.0498
-1.67587,-5.05182
-1.6688,-5.05383
-1.66172,-5.05582
-1.65464,-5.05781
-1.64755,-5.05978
-1.64046,-5.06175
-1.63337,-5.06371
-1.62627,-5.06565
-1.61917,-5.06759
-1.61207,-5.06951
-1.60497,-5.07143
-1.59786,-5.07334
-1.59075,-5.07523
-1.58363,-5.07712
-1.57651,-5.079
-1.56939,-5.08086
-1.56227,-5.08272
-1.55514,-5.08457
-1.54801,-5.0864
-1.54088,-5.08823
-1.53374,-5.09004
-1.5266,-5.09185
-1.51946,-5.09365
-1.51232,-5.09543
-1.50517,-5.09721
-1.49802,-5.09898
-1.49086,-5.10073
-1.48371,-5.10248
-1.47655,-5.10421
-1.46938,-5.10594
-1.46222,-5.10765
-1.45505,-5.10936
-1.44788,-5.11106
-1.4407,-5.11274
-1.43352,-5.11442
-1.42634,-5.11608
-1.41916,-5.11774
-1.41198,-5.11938
-1.40479,-5.12102
-1.3976,-5.12264
-1.3904,-5.12425
-1.3832,-5.12586
-1.37601,-5.12745
-1.3688,-5.12904
-1.3616,-5.13061
-1.35439,-5.13217
-1.34718,-5.13373
-1.33997,-5.13527
-1.33275,-5.1368
-1.32553,-5.13833
-1.31831,-5.13984
-1.31109,-5.14134
-1.30386,-5.14284
-1.29663,-5.14432
-1.2894,-5.14579
-1.28216,-5.14725
-1.27493,-5.1487
-1.26769,-5.15014
-1.26045,-5.15158
-1.2532,-5.153
-1.24595,-5.15441
-1.23871,-5.15581
-1.23145,-5.1572
-1.2242,-5.15858
-1.21694,-5.15995
-1.20968,-5.16131
-1.20242,-5.16266
-1.19516,-5.16399
-1.18789,-5.16532
-1.18063,-5.16664
-1.17336,-5.16795
-1.16608,-5.16925
-1.15881,-5.17053
-1.15153,-5.17181
-1.14425,-5.17308
-1.13697,-5.17433
-1.12968,-5.17558
-1.1224,-5.17682
-1.11511,-5.17804
-1.10782,-5.17926
-1.10052,-5.18046
-1.09323,-5.18166
-1.08593,-5.18284
-1.07863,-5.18401
-1.07133,-5.18518
-1.06402,-5.18633
-1.05672,-5.18747
-1.04941,-5.18861
-1.0421,-5.18973
-1.03478,-5.19084
-1.02747,-5.19194
-1.02015,-5.19303
-1.01283,-5.19411
-1.00551,-5.19518
-0.99819,-5.19624
-0.990865,-5.19729
-0.983538,-5.19833
-0.97621,-5.19936
-0.968879,-5.20038
-0.961546,-5.20139
-0.954212,-5.20238
-0.946875,-5.20337
-0.939537,-5.20435
-0.932196,-5.20531
-0.924854,-5.20627
-0.91751,-5.20721
-0.910164,-5.20815
-0.902817,-5.20907
-0.895467,-5.20999
-0.888116,-5.21089
-0.880763,-5.21178
-0.873408,-5.21266
-0.866051,-5.21354
-0.858693,-5.2144
-0.851333,-5.21525
-0.843971,-5.21609
-0.836607,-5.21692
-0.829242,-5.21774
-0.821875,-5.21855
-0.814507,-5.21935
-0.807137,-5.22014
-0.799765,-5.22091
-0.792392,-5.22168
-0.785017,-5.22244
-0.77764,-5.22318
-0.770262,-5.22392
-0.762883,-5.22464
-0.755501,-5.22536
-0.748119,-5.22606
-0.740735,-5.22676
-0.733349,-5.22744
-0.725962,-5.22811
-0.718573,-5.22877
-0.711183,-5.22942
-0.703791,-5.23007
-0.696398,-5.2307
-0.689004,-5.23132
-0.681608,-5.23193
-0.674211,-5.23252
-0.666813,-5.23311
-0.659413,-5.23369
-0.652012,-5.23426
-0.644609,-5.23481
-0.637206,-5.23536
-0.629801,-5.23589
-0.622394,-5.23642
-0.614987,-5.23693
-0.607578,-5.23744
-0.600168,-5.23793
-0.592757,-5.23841
-0.585344,-5.23888
-0.577931,-5.23934
-0.570516,-5.23979
-0.5631,-5.24023
-0.555683,-5.24066
-0.548264,-5.24108
-0.540845,-5.24149
-0.533425,-5.24189
-0.526003,-5.24228
-0.518581,-5.24265
-0.511157,-5.24302
-0.503732,-5.24337
-0.496307,-5.24372
-0.48888,-5.24405
-0.481452,-5.24437
-0.474023,-5.24469
-0.466594,-5.24499
-0.459163,-5.24528
-0.451732,-5.24556
-0.444299,-5.24583
-0.436866,-5.24609
-0.429432,-5.24634
-0.421997,-5.24657
-0.414561,-5.2468
-0.407124,-5.24702
-0.399686,-5.24722
-0.392248,-5.24742
-0.384809,-5.2476
-0.377369,-5.24778
-0.369928,-5.24794
-0.362486,-5.24809
-0.355044,-5.24823
-0.347601,-5.24837
-0.340157,-5.24849
-0.332713,-5.2486
-0.325268,-5.24869
-0.317822,-5.24878
-0.310376,-5.24886
-0.302929,-5.24893
-0.295481,-5.24898
-0.288033,-5.24903
-0.280584,-5.24906
-0.273135,-5.24909
-0.265685,-5.2491
-0.258234,-5.2491
-0.250783,-5.2491
-0.243332,-5.24908
-0.23588,-5.24905
-0.228427,-5.24901
-0.220974,-5.24896
-0.213521,-5.2489
-0.206067,-5.24882
-0.198613,-5.24874
-0.191158,-5.24865
-0.183703,-5.24854
-0.176248,-5.24843
-0.168792,-5.2483
-0.161336,-5.24816
-0.153879,-5.24802
-0.146422,-5.24786
-0.138965,-5.24769
-0.131508,-5.24751
-0.12405,-5.24732
-0.116592,-5.24712
-0.109134,-5.2469
-0.101676,-5.24668
-0.0942172,-5.24645
-0.0867585,-5.2462
-0.0792995,-5.24595
-0.0718404,-5.24568
-0.0643812,-5.24541
-0.0569218,-5.24512
-0.0494623,-5.24482
-0.0420027,-5.24451
-0.034543,-5.24419
-0.0270832,-5.24386
-0.0196234,-5.24352
-0.0121635,-5.24317
-0.00470366,-5.2428
0.00275623,-5.24243
0.0102161,-5.24205
0.017676,-5.24165
0.0251358,-5.24124
0.0325956,-5.24083
0.0400553,-5.2404
0.0475149,-5.23996
0.0549744,-5.23951
0.0624338,-5.23905
0.0698931,-5.23858
0.0773523,-5.2381
0.0848112,-5.23761
0.09227,-5.2371
0.0997287,-5.23659
0.107187,-5.23607
0.114645,-5.23553
0.122103,-5.23498
0.129561,-5.23443
0.137018,-5.23386
0.144475,-5.23328
0.151932,-5.23269
0.159389,-5.23209
0.166845,-5.23148
0.174301,-5.23086
0.181756,-5.23022
0.189211,-5.22958
0.196666,-5.22892
0.204121,-5.22826
0.211574,-5.22758
0.219028,-5.2269
0.226481,-5.2262
0.233933,-5.22549
0.241385,-5.22477
0.248837,-5.22404
0.256288,-5.2233
0.263738,-5.22255
0.271188,-5.22178
0.278638,-5.22101
0.286087,-5.22023
0.293535,-5.21943
0.300982,-5.21862
0.308429,-5.21781
0.315876,-5.21698
0.323321,-5.21614
0.330766,-5.21529
0.338211,-5.21443
0.345654,-5.21356
0.353097,-5.21268
0.360539,-5.21179
0.367981,-5.21088
0.375422,-5.20997
0.382861,-5.20904
0.3903,-5.20811
0.397739,-5.20716
0.405176,-5.2062
0.412613,-5.20523
0.420048,-5.20425
0.427483,-5.20326
0.434917,-5.20226
0.44235,-5.20125
0.449782,-5.20023
0.457214,-5.19919
0.464644,-5.19815
0.472073,-5.1971
0.479501,-5.19603
0.486929,-5.19495
0.494355,-5.19386
0.50178,-5.19277
0.509204,-5.19166
0.516627,-5.19054
0.52405,-5.1894
0.53147,-5.18826
0.53889,-5.18711
0.546309,-5.18595
0.553727,-5.18477
0.561143,-5.18359
0.568558,-5.18239
0.575972,-5.18118
0.583385,-5.17996
0.590797,-5.17874
0.598207,-5.1775
0.605616,-5.17625
0.613024,-5.17498
0.620431,-5.17371
0.627836,-5.17243
0.63524,-5.17114
0.642642,-5.16983
0.650044,-5.16852
0.657444,-5.16719
0.664842,-5.16585
0.672239,-5.1645
0.679635,-5.16315
0.687029,-5.16178
0.694422,-5.1604
0.701813,-5.159
0.709203,-5.1576
0.716592,-5.15619
0.723979,-5.15477
0.731364,-5.15333
0.738748,-5.15188
0.74613,-5.15043
0.753511,-5.14896
0.76089,-5.14748
0.768268,-5.14599
0.775644,-5.14449
0.783018,-5.14298
0.79039,-5.14146
0.797761,-5.13993
0.805131,-5.13839
0.812498,-5.13683
0.819864,-5.13527
0.827228,-5.13369
0.834591,-5.13211
0.841951,-5.13051
0.84931,-5.1289
0.856667,-5.12728
0.864023,-5.12565
0.871376,-5.12401
0.878728,-5.12236
0.886077,-5.1207
0.893425,-5.11903
0.900771,-5.11734
0.90811,-5.11565
0.915452,-5.11395
0.922793,-5.11223
0.930131,-5.1105
0.937467,-5.10877
0.944801,-5.10702
0.952134,-5.10526
0.959464,-5.10349
0.966792,-5.10171
0.974118,-5.09991
0.981443,-5.09811
0.988765,-5.0963
0.996085,-5.09447
1.0034,-5.09264
1.01072,-5.09079
1.01803,-5.08894
1.02534,-5.08707
1.03265,-5.08519
1.03996,-5.0833
1.04726,-5.0814
1.05457,-5.07949
1.06187,-5.07757
1.06917,-5.07564
1.07646,-5.0737
1.08376,-5.07174
1.09105,-5.06978
1.09834,-5.0678
1.10562,-5.06582
1.11291,-5.06382
1.12019,-5.06181
1.12747,-5.0598
1.13474,-5.05777
1.14202,-5.05573
1.14929,-5.05368
1.15656,-5.05161
1.16383,-5.04954
1.17109,-5.04746
1.17836,-5.04537
1.18562,-5.04326
1.19287,-5.04115
1.20013,-5.03902
1.20738,-5.03688
1.21463,-5.03474
1.22188,-5.03258
1.22912,-5.03041
1.23636,-5.02823
1.2436,-5.02604
1.25084,-5.02384
1.25807,-5.02163
1.2653,-5.01941
1.27253,-5.01717
1.27976,-5.01493
1.28698,-5.01267
1.2942,-5.01041
1.30142,-5.00813
1.30863,-5.00585
1.31584,-5.00355
1.32305,-5.00124
1.33026,-4.99892
1.33746,-4.99659
1.34466,-4.99425
1.35186,-4.9919
1.35906,-4.98954
1.36625,-4.98717
1.37344,-4.98478
1.38062,-4.98239
1.38781,-4.97998
1.39499,-4.97757
1.40216,-4.97514
1.40934,-4.97271
1.41651,-4.97026
1.42368,-4.9678
1.43084,-4.96533
1.438,-4.96285
1.44516,-4.96036
1.45232,-4.95786
1.45947,-4.95535
1.46662,-4.95283
1.47376,-4.9503
1.48091,-4.94775
1.48805,-4.9452
1.49518,-4.94264
1.50232,-4.94006
1.50945,-4.93747
1.51657,-4.93488
1.5237,-4.93227
1.53082,-4.92965
1.53793,-4.92702
1.54505,-4.92439
1.55216,-4.92174
1.55927,-4.91908
1.56637,-4.91641
1.57347,-4.91372
1.58057,-4.91103
1.58766,-4.90833
1.59475,-4.90562
1.60184,-4.90289
1.60892,-4.90016
1.616,-4.89741
1.62308,-4.89466
1.63015,-4.89189
1.63722,-4.88911
1.64428,-4.88633
1.65134,-4.88353
1.6584,-4.88072
1.66546,-4.8779
1.67251,-4.87507
1.67956,-4.87223
1.6866,-4.86938
1.69364,-4.86652
1.70068,-4.86365
1.70771,-4.86077
1.71474,-4.85787
1.72176,-4.85497
1.72879,-4.85206
1.7358,-4.84913
1.74282,-4.8462
1.74983,-4.84325
1.75684,-4.84029
1.76384,-4.83733
1.77084,-4.83435
1.77783,-4.83136
1.78482,-4.82837
1.79181,-4.82536
1.79879,-4.82234
1.80577,-4.81931
1.81275,-4.81627
1.81972,-4.81322
1.82669,-4.81016
1.83365,-4.80709
1.84061,-4.804
1.84757,-4.80091
1.85452,-4.79781
1.86147,-4.79469
1.86841,-4.79157
1.87535,-4.78844
1.88229,-4.78529
1.88922,-4.78214
1.89615,-4.77897
1.90307,-4.7758
1.90999,-4.77261
1.9169,-4.76941
1.92381,-4.76621
1.93072,-4.76299
1.93762,-4.75976
1.94452,-4.75652
1.95141,-4.75327
1.9583,-4.75001
1.96519,-4.74674
1.97207,-4.74347
1.97895,-4.74017
1.98582,-4.73687
1.99269,-4.73356
1.99955,-4.73024
2.00641,-4.72691
2.01326,-4.72357
2.02011,-4.72022
2.02696,-4.71685
2.0338,-4.71348
2.04064,-4.7101
2.04747,-4.7067
2.0543,-4.7033
2.06112,-4.69988
2.06794,-4.69646
2.07475,-4.69302
2.08156,-4.68958
2.08837,-4.68612
2.09517,-4.68266
2.10197,-4.67918
2.10876,-4.6757
2.11554,-4.6722
2.12233,-4.66869
2.1291,-4.66517
2.13588,-4.66165
2.14264,-4.65811
2.14941,-4.65456
2.15617,-4.651
2.16292,-4.64743
2.16967,-4.64386
2.17641,-4.64027
2.18315,-4.63667
2.18989,-4.63306
2.19662,-4.62944
2.20334,-4.62581
2.21006,-4.62217
2.21678,-4.61852
2.22349,-4.61486
2.2302,-4.61119
2.2369,-4.60751
2.24359,-4.60382
2.25028,-4.60012
2.25697,-4.5964
2.26365,-4.59268
2.27032,-4.58895
2.277,-4.58521
2.28366,-4.58146
2.29032,-4.5777
2.29698,-4.57392
2.30363,-4.57014
2.31027,-4.56635
2.31691,-4.56255
2.32355,-4.55874
2.33018,-4.55491
2.3368,-4.55108
2.34342,-4.54724
2.35004,-4.54339
2.35665,-4.53952
2.36325,-4.53565
2.36985,-4.53177
2.37644,-4.52787
2.38303,-4.52397
2.38961,-4.52006
2.39619,-4.51613
2.40276,-4.5122
2.40933,-4.50826
2.41589,-4.50431
2.42245,-4.50034
2.429,-4.49637
2.43555,-4.49239
2.44209,-4.48839
2.44862,-4.48439
2.45515,-4.48038
2.46167,-4.47635
2.46819,-4.47232
2.47471,-4.46828
2.48121,-4.46423
2.48771,-4.46016
2.49421,-4.45609
2.5007,-4.45201
2.50719,-4.44792
2.51367,-4.44381
2.52014,-4.4397
2.52661,-4.43558
2.53307,-4.43145
2.53953,-4.4273
2.54598,-4.42315
2.55242,-4.41899
2.55886,-4.41482
2.5653,-4.41064
2.57173,-4.40645
2.57815,-4.40225
2.58457,-4.39803
2.59098,-4.39381
2.59738,-4.38958
2.60378,-4.38534
2.61018,-4.38109
2.61657,-4.37683
2.62295,-4.37256
2.62932,-4.36828
2.63569,-4.36399
2.64206,-4.35969
2.64842,-4.35539
2.65477,-4.35107
2.66112,-4.34674
2.66746,-4.3424
2.67379,-4.33805
2.68012,-4.3337
2.68644,-4.32933
2.69276,-4.32495
2.69907,-4.32056
2.70537,-4.31617
2.71167,-4.31176
2.71797,-4.30735
2.72425,-4.30292
2.73053,-4.29849
2.73681,-4.29404
2.74307,-4.28959
2.74934,-4.28512
2.75559,-4.28065
2.76184,-4.27617
2.76808,-4.27167
2.77432,-4.26717
2.78055,-4.26266
2.78678,-4.25814
2.79299,-4.25361
2.7992,-4.24907
2.80541,-4.24452
2.81161,-4.23996
2.8178,-4.23539
2.82399,-4.23081
2.83017,-4.22622
2.83634,-4.22162
2.84251,-4.21701
2.84867,-4.2124
2.85483,-4.20777
2.86097,-4.20313
2.86712,-4.19849
2.87325,-4.19383
2.87938,-4.18917
2.8855,-4.18449
2.89162,-4.17981
2.89773,-4.17512
2.90383,-4.17042
2.90992,-4.16571
2.91601,-4.16098
2.9221,-4.15625
2.92817,-4.15151
2.93424,-4.14676
2.94031,-4.14201
2.94636,-4.13724
2.95241,-4.13246
2.95845,-4.12767
2.96449,-4.12288
2.97052,-4.11807
2.97654,-4.11326
2.98256,-4.10843
2.98857,-4.1036
2.99457,-4.09876
3.00057,-4.09391
3.00655,-4.08904
3.01254,-4.08417
3.01851,-4.07929
3.02448,-4.07441
3.03044,-4.06951
3.0364,-4.0646
3.04234,-4.05968
3.04828,-4.05476
3.05422,-4.04982
3.06015,-4.04488
3.06606,-4.03992
3.07198,-4.03496
3.07788,-4.02999
3.08378,-4.02501
3.08967,-4.02002
3.09556,-4.01502
3.10144,-4.01001
3.10731,-4.00499
3.11317,-3.99997
3.11903,-3.99493
3.12488,-3.98989
3.13072,-3.98483
3.13656,-3.97977
3.14238,-3.9747
3.1482,-3.96962
3.15402,-3.96452
3.15982,-3.95943
3.16562,-3.95432
3.17142,-3.9492
3.1772,-3.94407
3.18298,-3.93894
3.18875,-3.93379
3.19451,-3.92864
3.20027,-3.92348
3.20602,-3.91831
3.21176,-3.91313
3.21749,-3.90794
3.22322,-3.90274
3.22894,-3.89753
3.23465,-3.89232
3.24035,-3.88709
3.24605,-3.88186
3.25174,-3.87662
3.25742,-3.87136
3.26309,-3.8661
3.26876,-3.86083
3.27442,-3.85556
3.28007,-3.85027
3.28572,-3.84497
3.29135,-3.83967
3.29698,-3.83436
3.3026,-3.82903
3.30822,-3.8237
3.31383,-3.81836
3.31942,-3.81301
3.32502,-3.80766
3.3306,-3.80229
3.33618,-3.79692
3.34174,-3.79153
3.3473,-3.78614
3.35286,-3.78074
3.3584,-3.77533
3.36394,-3.76991
3.36947,-3.76449
3.37499,-3.75905
3.38051,-3.75361
3.38601,-3.74815
3.39151,-3.74269
3.397,-3.73722
3.40249,-3.73174
3.40796,-3.72626
3.41343,-3.72076
3.41889,-3.71526
3.42434,-3.70974
3.42978,-3.70422
3.43522,-3.69869
3.44065,-3.69315
3.44607,-3.68761
3.45148,-3.68205
3.45688,-3.67649
3.46228,-3.67092
3.46767,-3.66533
3.47305,-3.65975
3.47842,-3.65415
3.48378,-3.64854
3.48914,-3.64293
3.49449,-3.6373
3.49983,-3.63167
3.50516,-3.62603
3.51048,-3.62038
3.5158,-3.61473
3.5211,-3.60906
3.5264,-3.60339
3.53169,-3.59771
3.53698,-3.59202
3.54225,-3.58632
3.54752,-3.58061
3.55278,-3.5749
3.55803,-3.56917
3.56327,-3.56344
3.5685,-3.5577
3.57373,-3.55196
3.57894,-3.5462
3.58415,-3.54043
3.58935,-3.53466
3.59454,-3.52888
3.59973,-3.52309
3.6049,-3.5173
3.61007,-3.51149
3.61523,-3.50568
3.62038,-3.49985
3.62552,-3.49402
3.63065,-3.48819
3.63578,-3.48234
3.64089,-3.47649
3.646,-3.47063
3.6511,-3.46475
3.65619,-3.45888
3.66127,-3.45299
3.66635,-3.4471
3.67141,-3.44119
3.67647,-3.43528
3.68152,-3.42937
3.68656,-3.42344
3.69159,-3.4175
3.69661,-3.41156
3.70162,-3.40561
3.70663,-3.39965
3.71162,-3.39369
3.71661,-3.38771
3.72159,-3.38173
3.72656,-3.37574
3.73152,-3.36974
3.73648,-3.36374
3.74142,-3.35773
3.74636,-3.3517
3.75128,-3.34568
3.7562,-3.33964
3.76111,-3.33359
3.76601,-3.32754
3.7709,-3.32148
3.77578,-3.31541
3.78066,-3.30934
3.78552,-3.30326
3.79038,-3.29716
3.79523,-3.29107
3.80007,-3.28496
3.8049,-3.27884
3.80972,-3.27272
3.81453,-3.26659
3.81933,-3.26046
3.82412,-3.25431
3.82891,-3.24816
3.83369,-3.242
3.83845,-3.23583
3.84321,-3.22966
3.84796,-3.22347
3.8527,-3.21728
3.85743,-3.21109
3.86215,-3.20488
3.86686,-3.19867
3.87157,-3.19245
3.87626,-3.18622
3.88095,-3.17998
3.88562,-3.17374
3.89029,-3.16749
3.89495,-3.16123
3.8996,-3.15497
3.90424,-3.1487
3.90887,-3.14242
3.91349,-3.13613
3.9181,-3.12983
3.92271,-3.12353
3.9273,-3.11722
3.93188,-3.11091
3.93646,-3.10458
3.94102,-3.09825
3.94558,-3.09191
3.95013,-3.08557
3.95467,-3.07921
3.95919,-3.07285
3.96371,-3.06649
3.96822,-3.06011
3.97272,-3.05373
3.97722,-3.04734
3.9817,-3.04094
3.98617,-3.03454
3.99063,-3.02813
3.99509,-3.02171
3.99953,-3.01529
4.00397,-3.00885
4.00839,-3.00241
4.01281,-2.99597
4.01721,-2.98952
4.02161,-2.98305
4.026,-2.97659
4.03038,-2.97011
4.03474,-2.96363
4.0391,-2.95714
4.04345,-2.95065
4.04779,-2.94415
4.05212,-2.93764
4.05644,-2.93112
4.06075,-2.9246
4.06505,-2.91807
4.06934,-2.91153
4.07363,-2.90499
4.0779,-2.89843
4.08216,-2.89188
4.08641,-2.88531
4.09066,-2.87874
4.09489,-2.87216
4.09912,-2.86558
4.10333,-2.85899
4.10753,-2.85239
4.11173,-2.84578
4.11591,-2.83917
4.12009,-2.83255
4.12425,-2.82593
4.12841,-2.81929
4.13255,-2.81265
4.13669,-2.80601
4.14082,-2.79936
4.14493,-2.7927
4.14904,-2.78603
4.15314,-2.77936
4.15722,-2.77268
4.1613,-2.766
4.16537,-2.75931
4.16942,-2.75261
4.17347,-2.7459
4.17751,-2.73919
4.18153,-2.73247
4.18555,-2.72575
4.18956,-2.71902
4.19356,-2.71228
4.19754,-2.70554
4.20152,-2.69879
4.20549,-2.69203
4.20944,-2.68527
4.21339,-2.6785
4.21733,-2.67172
4.22125,-2.66494
4.22517,-2.65815
4.22908,-2.65135
4.23298,-2.64455
4.23686,-2.63775
4.24074,-2.63093
4.24461,-2.62411
4.24846,-2.61729
4.25231,-2.61045
4.25614,-2.60361
4.25997,-2.59677
4.26378,-2.58992
4.26759,-2.58306
4.27139,-2.5762
4.27517,-2.56933
4.27895,-2.56245
4.28271,-2.55557
4.28646,-2.54868
4.29021,-2.54179
4.29394,-2.53489
4.29767,-2.52798
4.30138,-2.52107
4.30508,-2.51415
4.30877,-2.50723
4.31246,-2.5003
4.31613,-2.49336
4.31979,-2.48642
4.32344,-2.47947
4.32708,-2.47252
4.33071,-2.46556
4.33433,-2.45859
4.33794,-2.45162
4.34154,-2.44464
4.34513,-2.43766
4.34871,-2.43067
4.35228,-2.42367
4.35583,-2.41667
4.35938,-2.40966
4.36292,-2.40265
4.36644,-2.39563
4.36996,-2.38861
4.37346,-2.38158
4.37696,-2.37454
4.38044,-2.3675
4.38392,-2.36046
4.38738,-2.3534
4.39083,-2.34634
4.39427,-2.33928
4.39771,-2.33221
4.40113,-2.32514
4.40454,-2.31806
4.40794,-2.31097
4.41132,-2.30388
4.4147,-2.29678
4.41807,-2.28968
4.42143,-2.28257
4.42477,-2.27546
4.42811,-2.26834
4.43144,-2.26121
4.43475,-2.25408
4.43805,-2.24695
4.44135,-2.23981
4.44463,-2.23266
4.4479,-2.22551
4.45116,-2.21835
4.45441,-2.21119
4.45765,-2.20402
4.46088,-2.19685
4.4641,-2.18967
4.4673,-2.18248
4.4705,-2.1753
4.47369,-2.1681
4.47686,-2.1609
4.48002,-2.1537
4.48318,-2.14649
4.48632,-2.13927
4.48945,-2.13205
4.49257,-2.12483
4.49568,-2.1176
4.49878,-2.11036
4.50187,-2.10312
4.50494,-2.09588
4.50801,-2.08863
4.51107,-2.08137
4.51411,-2.07411
4.51714,-2.06684
4.52017,-2.05957
4.52318,-2.0523
4.52618,-2.04502
4.52917,-2.03773
4.53215,-2.03044
4.53511,-2.02315
4.53807,-2.01585
4.54101,-2.00854
4.54395,-2.00123
4.54687,-1.99392
4.54979,-1.9866
4.55269,-1.97927
4.55558,-1.97194
4.55846,-1.96461
4.56133,-1.95727
4.56418,-1.94993
4.56703,-1.94258
4.56986,-1.93522
4.57269,-1.92787
4.5755,-1.9205
4.5783,-1.91314
4.58109,-1.90577
4.58387,-1.89839
4.58664,-1.89101
4.5894,-1.88362
4.59214,-1.87623
4.59488,-1.86884
4.5976,-1.86144
4.60032,-1.85404
4.60302,-1.84663
4.60571,-1.83922
4.60839,-1.8318
4.61105,-1.82438
4.61371,-1.81695
4.61636,-1.80952
4.61899,-1.80209
4.62161,-1.79465
4.62422,-1.7872
4.62682,-1.77976
4.62941,-1.77231
4.63199,-1.76485
4.63456,-1.75739
4.63711,-1.74992
4.63966,-1.74245
4.64219,-1.73498
4.64471,-1.7275
4.64722,-1.72002
4.64972,-1.71254
4.65221,-1.70505
4.65468,-1.69755
4.65715,-1.69005
4.6596,-1.68255
4.66204,-1.67504
4.66447,-1.66753
4.66689,-1.66002
4.6693,-1.6525
4.67169,-1.64498
4.67408,-1.63745
4.67645,-1.62992
4.67881,-1.62239
4.68116,-1.61485
4.6835,-1.6073
4.68583,-1.59976
4.68815,-1.59221
4.69045,-1.58465
4.69275,-1.5771
4.69503,-1.56953
4.6973,-1.56197
4.69956,-1.5544
4.7018,-1.54682
4.70404,-1.53925
4.70626,-1.53167
4.70848,-1.52408
4.71068,-1.51649
4.71287,-1.5089
4.71505,-1.50131
4.71721,-1.49371
4.71937,-1.4861
4.72151,-1.4785
4.72364,-1.47089
4.72576,-1.46327
4.72787,-1.45566
4.72997,-1.44803
4.73205,-1.44041
4.73413,-1.43278
4.73619,-1.42515
4.73824,-1.41752
4.74028,-1.40988
4.74231,-1.40224
4.74432,-1.39459
4.74633,-1.38694
4.74832,-1.37929
4.7503,-1.37163
4.75227,-1.36397
4.75423,-1.35631
4.75617,-1.34865
4.75811,-1.34098
4.76003,-1.33331
4.76194,-1.32563
4.76384,-1.31795
4.76573,-1.31027
4.7676,-1.30259
4.76947,-1.2949
4.77132,-1.28721
4.77316,-1.27951
4.77499,-1.27181
4.77681,-1.26411
4.77861,-1.25641
4.78041,-1.2487
4.78219,-1.24099
4.78396,-1.23328
4.78572,-1.22556
4.78746,-1.21785
4.7892,-1.21012
4.79092,-1.2024
4.79263,-1.19467
4.79433,-1.18694
4.79602,-1.17921
4.79769,-1.17147
4.79936,-1.16373
4.80101,-1.15599
4.80265,-1.14824
4.80428,-1.1405
4.80589,-1.13274
4.8075,-1.12499
4.80909,-1.11724
4.81067,-1.10948
4.81224,-1.10171
4.8138,-1.09395
4.81534,-1.08618
4.81688,-1.07841
4.8184,-1.07064
4.81991,-1.06287
4.82141,-1.05509
4.82289,-1.04731
4.82437,-1.03953
4.82583,-1.03174
4.82728,-1.02395
4.82872,-1.01616
4.83014,-1.00837
4.83156,-1.00057
4.83296,-0.992776
4.83435,-0.984976
4.83573,-0.977173
4.8371,-0.969368
4.83845,-0.961561
4.83979,-0.953751
4.84113,-0.945939
4.84244,-0.938125
4.84375,-0.930308
4.84505,-0.922489
4.84633,-0.914668
4.8476,-0.906844
4.84886,-0.899019
4.85011,-0.891191
4.85134,-0.883361
4.85256,-0.875528
4.85378,-0.867694
4.85497,-0.859858
4.85616,-0.852019
4.85734,-0.844178
4.8585,-0.836335
4.85965,-0.828491
4.86079,-0.820644
4.86192,-0.812795
4.86303,-0.804944
4.86413,-0.797091
4.86522,-0.789236
4.8663,-0.781379
4.86737,-0.773521
4.86842,-0.76566
4.86947,-0.757798
4.8705,-0.749933
4.87151,-0.742067
4.87252,-0.734199
4.87351,-0.72633
4.8745,-0.718458
4.87547,-0.710585
4.87642,-0.70271
4.87737,-0.694833
4.8783,-0.686954
4.87923,-0.679074
4.88013,-0.671192
4.88103,-0.663309
4.88192,-0.655424
4.88279,-0.647537
4.88365,-0.639649
4.8845,-0.631759
4.88534,-0.623867
4.88616,-0.615974
4.88697,-0.60808
4.88777,-0.600184
4.88856,-0.592287
4.88934,-0.584388
4.8901,-0.576487
4.89085,-0.568586
4.89159,-0.560683
4.89232,-0.552778
4.89304,-0.544872
4.89374,-0.536965
4.89443,-0.529057
4.89511,-0.521147
4.89578,-0.513236
4.89643,-0.505324
4.89707,-0.49741
4.8977,-0.489495
4.89832,-0.481579
4.89893,-0.473662
4.89952,-0.465744
4.9001,-0.457824
4.90067,-0.449904
4.90123,-0.441982
4.90177,-0.434059
4.9023,-0.426136
4.90282,-0.418211
4.90333,-0.410285
4.90383,-0.402358
4.90431,-0.39443
4.90478,-0.386502
4.90524,-0.378572
4.90569,-0.370641
4.90613,-0.36271
4.90655,-0.354777
4.90696,-0.346844
4.90736,-0.33891
4.90774,-0.330975
4.90812,-0.323039
4.90848,-0.315102
4.90883,-0.307165
4.90916,-0.299227
4.90949,-0.291288
4.9098,-0.283349
4.9101,-0.275408
4.91039,-0.267468
4.91067,-0.259526
4.91093,-0.251584
4.91118,-0.243641
4.91142,-0.235698
4.91165,-0.227754
4.91186,-0.21981
4.91206,-0.211865
4.91225,-0.203919
4.91243,-0.195973
4.9126,-0.188027
4.91275,-0.18008
4.91289,-0.172133
4.91302,-0.164185
4.91314,-0.156237
4.91324,-0.148288
4.91333,-0.14034
4.91341,-0.132391
4.91348,-0.124441
4.91354,-0.116491
4.91358,-0.108541
4.91361,-0.100591
4.91363,-0.0926406
4.91363,-0.0846899
4.91363,-0.0767391
4.91361,-0.068788
4.91358,-0.0608368
4.91353,-0.0528855
4.91348,-0.0449341
4.91341,-0.0369825
4.91333,-0.0290309
4.91324,-0.0210793
4.91314,-0.0131276
4.91302,-0.00517591
4.91289,0.00277577
4.91275,0.0107274
4.9126,0.018679
4.91243,0.0266306
4.91225,0.034582
4.91206,0.0425333
4.91186,0.0504845
4.91164,0.0584356
4.91142,0.0663865
4.91118,0.0743372
4.91092,0.0822877
4.91066,0.0902379
4.91038,0.0981879
4.91009,0.106138
4.90979,0.114087
4.90948,0.122036
4.90916,0.129985
4.90882,0.137934
4.90847,0.145882
4.9081,0.153829
4.90773,0.161777
4.90734,0.169724
4.90694,0.17767
4.90653,0.185616
4.90611,0.193561
4.90567,0.201506
4.90522,0.209451
4.90476,0.217395
4.90429,0.225338
4.9038,0.233281
4.90331,0.241223
4.9028,0.249164
4.90227,0.257105
4.90174,0.265045
4.90119,0.272985
4.90063,0.280924
4.90006,0.288862
4.89948,0.296799
4.89888,0.304736
4.89828,0.312671
4.89765,0.320606
4.89702,0.32854
4.89638,0.336474
4.89572,0.344406
4.89505,0.352338
4.89437,0.360268
4.89367,0.368198
4.89297,0.376127
4.89225,0.384055
4.89152,0.391981
4.89078,0.399907
4.89002,0.407832
4.88925,0.415756
4.88847,0.423678
4.88768,0.4316
4.88688,0.43952
4.88606,0.447439
4.88523,0.455358
4.88439,0.463275
4.88353,0.47119
4.88267,0.479105
4.88179,0.487018
4.8809,0.494931
4.88,0.502841
4.87908,0.510751
4.87816,0.518659
4.87722,0.526566
4.87627,0.534472
4.8753,0.542376
4.87433,0.550279
4.87334,0.55818
4.87234,0.56608
4.87132,0.573979
4.8703,0.581876
4.86926,0.589772
4.86821,0.597666
4.86715,0.605558
4.86608,0.613449
4.86499,0.621339
4.86389,0.629227
4.86278,0.637113
4.86166,0.644998
4.86052,0.652881
4.85938,0.660762
4.85822,0.668642
4.85705,0.67652
4.85586,0.684396
4.85467,0.69227
4.85346,0.700143
4.85224,0.708014
4.85101,0.715883
4.84976,0.72375
4.8485,0.731616
4.84723,0.739479
4.84595,0.747341
4.84466,0.755201
4.84335,0.763059
4.84204,0.770915
4.84071,0.778769
4.83936,0.786621
4.83801,0.794471
4.83664,0.802319
4.83526,0.810164
4.83387,0.818008
4.83247,0.82585
4.83106,0.83369
4.82963,0.841527
4.82819,0.849363
4.82674,0.857196
4.82527,0.865027
4.8238,0.872856
4.82231,0.880682
4.82081,0.888507
4.8193,0.896329
4.81777,0.904149
4.81624,0.911966
4.81469,0.919782
4.81313,0.927595
4.81155,0.935405
4.80997,0.943213
4.80837,0.951019
4.80676,0.958822
4.80514,0.966623
4.80351,0.974422
4.80186,0.982218
4.80021,0.990011
4.79854,0.997802
4.79685,1.00559
4.79516,1.01338
4.79346,1.02116
4.79174,1.02894
4.79001,1.03672
4.78827,1.04449
4.78651,1.05227
4.78475,1.06004
4.78297,1.0678
4.78118,1.07557
4.77938,1.08333
4.77756,1.09109
4.77574,1.09885
4.7739,1.1066
4.77205,1.11435
4.77018,1.1221
4.76831,1.12984
4.76642,1.13759
4.76453,1.14533
4.76262,1.15306
4.76069,1.1608
4.75876,1.16853
4.75681,1.17625
4.75486,1.18398
4.75289,1.1917
4.7509,1.19942
4.74891,1.20713
4.7469,1.21485
4.74489,1.22256
4.74286,1.23026
4.74081,1.23797
4.73876,1.24567
4.73669,1.25336
4.73462,1.26106
4.73253,1.26875
4.73043,1.27643
4.72831,1.28412
4.72619,1.2918
4.72405,1.29948
4.7219,1.30715
4.71974,1.31482
4.71757,1.32249
4.71538,1.33015
4.71319,1.33781
4.71098,1.34547
4.70876,1.35312
4.70653,1.36077
4.70428,1.36842
4.70203,1.37607
4.69976,1.38371
4.69748,1.39134
4.69519,1.39897
4.69288,1.4066
4.69057,1.41423
4.68824,1.42185
4.6859,1.42947
4.68355,1.43709
4.68119,1.4447
4.67882,1.45231
4.67643,1.45991
4.67403,1.46751
4.67163,1.47511
4.6692,1.4827
4.66677,1.49029
4.66433,1.49787
4.66187,1.50546
4.6594,1.51303
4.65692,1.52061
4.65443,1.52818
4.65193,1.53574
4.64941,1.54331
4.64689,1.55086
4.64435,1.55842
4.6418,1.56597
4.63924,1.57352
4.63666,1.58106
4.63408,1.5886
4.63148,1.59613
4.62887,1.60366
4.62625,1.61119
4.62362,1.61871
4.62098,1.62623
4.61832,1.63374
4.61566,1.64126
4.61298,1.64876
4.61029,1.65626
4.60759,1.66376
4.60487,1.67125
4.60215,1.67874
4.59941,1.68623
4.59666,1.69371
4.5939,1.70118
4.59113,1.70866
4.58835,1.71612
4.58556,1.72359
4.58275,1.73105
4.57993,1.7385
4.57711,1.74595
4.57427,1.7534
4.57141,1.76084
4.56855,1.76827
4.56568,1.7757
4.56279,1.78313
4.55989,1.79056
4.55698,1.79797
4.55406,1.80539
4.55113,1.8128
4.54819,1.8202
4.54523,1.8276
4.54227,1.835
4.53929,1.84239
4.5363,1.84977
4.5333,1.85716
4.53029,1.86453
4.52726,1.87191
4.52423,1.87927
4.52118,1.88664
4.51812,1.89399
4.51506,1.90135
4.51198,1.90869
4.50888,1.91604
4.50578,1.92338
4.50267,1.93071
4.49954,1.93804
4.4964,1.94536
4.49325,1.95268
4.4901,1.96
4.48692,1.9673
4.48374,1.97461
4.48055,1.98191
4.47734,1.9892
4.47413,1.99649
4.4709,2.00377
4.46766,2.01105
4.46441,2.01833
4.46115,2.0256
4.45788,2.03286
4.4546,2.04012
4.4513,2.04737
4.448,2.05462
4.44468,2.06186
4.44135,2.0691
4.43801,2.07633
4.43466,2.08356
4.4313,2.09078
4.42793,2.098
4.42454,2.10521
4.42115,2.11241
4.41774,2.11961
4.41432,2.12681
4.4109,2.134
4.40746,2.14118
4.40401,2.14836
4.40054,2.15554
4.39707,2.1627
4.39359,2.16987
4.39009,2.17702
4.38659,2.18418
4.38307,2.19132
4.37954,2.19846
4.376,2.2056
4.37245,2.21273
4.36889,2.21985
4.36532,2.22697
4.36174,2.23408
4.35814,2.24119
4.35454,2.24829
4.35092,2.25539
4.3473,2.26248
4.34366,2.26956
4.34001,2.27664
4.33635,2.28371
4.33268,2.29078
4.329,2.29784
4.32531,2.30489
4.32161,2.31194
4.31789,2.31899
4.31417,2.32603
4.31043,2.33306
4.30669,2.34008
4.30293,2.3471
4.29916,2.35412
4.29538,2.36113
4.29159,2.36813
4.28779,2.37512
4.28398,2.38212
4.28016,2.3891
4.27633,2.39608
4.27249,2.40305
4.26863,2.41002
4.26477,2.41698
4.26089,2.42393
4.25701,2.43088
4.25311,2.43782
4.2492,2.44476
4.24529,2.45168
4.24136,2.45861
4.23742,2.46553
4.23347,2.47244
4.22951,2.47934
4.22554,2.48624
4.22155,2.49313
4.21756,2.50002
4.21356,2.5069
4.20955,2.51377
4.20552,2.52064
4.20149,2.5275
4.19744,2.53435
4.19339,2.5412
4.18932,2.54804
4.18524,2.55487
4.18116,2.5617
4.17706,2.56852
4.17295,2.57534
4.16883,2.58215
4.1647,2.58895
4.16057,2.59575
4.15642,2.60254
4.15226,2.60932
4.14809,2.6161
4.1439,2.62287
4.13971,2.62963
4.13551,2.63638
4.1313,2.64313
4.12708,2.64988
4.12284,2.65661
4.1186,2.66334
4.11435,2.67007
4.11008,2.67678
4.10581,2.68349
4.10153,2.6902
4.09723,2.69689
4.09293,2.70358
4.08861,2.71026
4.08429,2.71694
4.07995,2.72361
4.0756,2.73027
4.07125,2.73692
4.06688,2.74357
4.06251,2.75021
4.05812,2.75685
4.05372,2.76348
4.04932,2.7701
4.0449,2.77671
4.04047,2.78332
4.03604,2.78992
4.03159,2.79651
4.02713,2.80309
4.02266,2.80967
4.01819,2.81624
4.0137,2.82281
4.0092,2.82937
4.0047,2.83592
4.00018,2.84246
3.99565,2.84899
3.99111,2.85552
3.98657,2.86204
3.98201,2.86856
3.97744,2.87507
3.97286,2.88157
3.96828,2.88806
3.96368,2.89454
3.95907,2.90102
3.95446,2.90749
3.94983,2.91396
3.94519,2.92041
3.94055,2.92686
3.93589,2.9333
3.93122,2.93974
3.92655,2.94616
3.92186,2.95258
3.91717,2.95899
3.91246,2.9654
3.90775,2.9718
3.90302,2.97819
3.89829,2.98457
3.89354,2.99094
3.88879,2.99731
3.88402,3.00367
3.87925,3.01002
3.87447,3.01637
3.86968,3.0227
3.86487,3.02903
3.86006,3.03535
3.85524,3.04167
3.85041,3.04798
3.84557,3.05427
3.84072,3.06057
3.83586,3.06685
3.83099,3.07313
3.82611,3.07939
3.82122,3.08565
3.81632,3.09191
3.81141,3.09815
3.8065,3.10439
3.80157,3.11062
3.79663,3.11684
3.79169,3.12305
3.78673,3.12926
3.78177,3.13546
3.7768,3.14165
3.77181,3.14783
3.76682,3.15401
3.76182,3.16017
3.75681,3.16633
3.75179,3.17248
3.74676,3.17863
3.74172,3.18476
3.73667,3.19089
3.73161,3.19701
3.72654,3.20312
3.72147,3.20922
3.71638,3.21532
3.71129,3.2214
3.70618,3.22748
3.70107,3.23355
3.69595,3.23962
3.69081,3.24567
3.68567,3.25172
3.68052,3.25776
3.67536,3.26379
3.6702,3.26981
3.66502,3.27582
3.65983,3.28183
3.65464,3.28783
3.64943,3.29382
3.64422,3.2998
3.63899,3.30577
3.63376,3.31174
3.62852,3.31769
3.62327,3.32364
3.61801,3.32958
3.61275,3.33551
3.60747,3.34144
3.60218,3.34735
3.59689,3.35326
3.59158,3.35916
3.58627,3.36505
3.58095,3.37093
3.57562,3.3768
3.57028,3.38266
3.56493,3.38852
3.55958,3.39437
3.55421,3.40021
3.54884,3.40604
3.54345,3.41186
3.53806,3.41767
3.53266,3.42348
3.52725,3.42928
3.52183,3.43507
3.5164,3.44085
3.51097,3.44662
3.50552,3.45238
3.50007,3.45813
3.49461,3.46388
3.48914,3.46962
3.48366,3.47534
3.47817,3.48106
3.47268,3.48677
3.46717,3.49248
3.46166,3.49817
3.45614,3.50385
3.4506,3.50953
3.44507,3.5152
3.43952,3.52086
3.43396,3.52651
3.4284,3.53215
3.42282,3.53778
3.41724,3.5434
3.41165,3.54902
3.40605,3.55462
3.40045,3.56022
3.39483,3.56581
3.38921,3.57139
3.38358,3.57696
3.37794,3.58252
3.37229,3.58807
3.36663,3.59362
3.36097,3.59915
3.35529,3.60468
3.34961,3.61019
3.34392,3.6157
3.33822,3.6212
3.33251,3.62669
3.3268,3.63217
3.32108,3.63765
3.31535,3.64311
3.30961,3.64856
3.30386,3.65401
3.2981,3.65944
3.29234,3.66487
3.28657,3.67029
3.28079,3.6757
3.275,3.6811
3.2692,3.68649
3.2634,3.69187
3.25759,3.69724
3.25177,3.7026
3.24594,3.70796
3.2401,3.7133
3.23426,3.71864
3.2284,3.72396
3.22254,3.72928
3.21668,3.73459
3.2108,3.73989
3.20492,3.74518
3.19902,3.75046
3.19313,3.75573
3.18722,3.76099
3.1813,3.76624
3.17538,3.77148
3.16945,3.77672
3.16351,3.78194
3.15756,3.78716
3.15161,3.79236
3.14565,3.79756
3.13968,3.80275
3.1337,3.80792
3.12771,3.81309
3.12172,3.81825
3.11572,3.8234
3.10971,3.82854
3.1037,3.83367
3.09767,3.83879
3.09164,3.8439
3.0856,3.849
3.07956,3.8541
3.0735,3.85918
3.06744,3.86425
3.06137,3.86932
3.0553,3.87437
3.04921,3.87941
3.04312,3.88445
3.03702,3.88948
3.03092,3.89449
3.02481,3.8995
3.01868,3.90449
3.01256,3.90948
3.00642,3.91446
3.00028,3.91943
2.99413,3.92439
2.98797,3.92933
2.9818,3.93427
2.97563,3.9392
2.96945,3.94412
2.96327,3.94903
2.95707,3.95393
2.95087,3.95882
2.94466,3.9637
2.93845,3.96857
2.93222,3.97344
2.92599,3.97829
2.91976,3.98313
2.91351,3.98796
2.90726,3.99278
2.901,3.99759
2.89473,4.0024
2.88846,4.00719
2.88218,4.01197
2.8759,4.01675
2.8696,4.02151
2.8633,4.02626
2.85699,4.031
2.85068,4.03574
2.84436,4.04046
2.83803,4.04518
2.83169,4.04988
2.82535,4.05457
2.819,4.05926
2.81264,4.06393
2.80628,4.06859
2.79991,4.07325
2.79353,4.07789
2.78715,4.08253
2.78076,4.08715
2.77436,4.09176
2.76796,4.09637
2.76155,4.10096
2.75513,4.10555
2.74871,4.11012
2.74228,4.11468
2.73584,4.11924
2.72939,4.12378
2.72294,4.12831
2.71649,4.13284
2.71002,4.13735
2.70355,4.14185
2.69708,4.14635
2.69059,4.15083
2.6841,4.1553
2.6776,4.15976
2.6711,4.16422
2.66459,4.16866
2.65808,4.17309
2.65155,4.17751
2.64502,4.18193
2.63849,4.18633
2.63195,4.19072
2.6254,4.1951
2.61884,4.19947
2.61228,4.20383
2.60572,4.20818
2.59914,4.21252
2.59256,4.21685
2.58598,4.22117
2.57938,4.22548
2.57279,4.22978
2.56618,4.23407
2.55957,4.23834
2.55295,4.24261
2.54633,4.24687
2.5397,4.25112
2.53306,4.25535
2.52642,4.25958
2.51977,4.2638
2.51312,4.268
2.50646,4.2722
2.49979,4.27638
2.49312,4.28056
2.48644,4.28472
2.47976,4.28888
2.47307,4.29302
2.46637,4.29715
2.45967,4.30127
2.45296,4.30539
2.44625,4.30949
2.43953,4.31358
2.4328,4.31766
2.42607,4.32173
2.41933,4.32579
2.41259,4.32984
2.40584,4.33388
2.39908,4.3379
2.39232,4.34192
2.38556,4.34593
2.37878,4.34992
2.372,4.35391
2.36522,4.35789
2.35843,4.36185
2.35164,4.3658
2.34484,4.36975
2.33803,4.37368
2.33122,4.3776
2.3244,4.38152
2.31758,4.38542
2.31075,4.38931
2.30391,4.39319
2.29707,4.39706
2.29023,4.40091
2.28338,4.40476
2.27652,4.4086
2.26966,4.41243
2.26279,4.41624
2.25592,4.42005
2.24904,4.42384
2.24215,4.42763
2.23526,4.4314
2.22837,4.43516
2.22147,4.43891
2.21457,4.44265
2.20765,4.44639
2.20074,4.4501
2.19382,4.45381
2.18689,4.45751
2.17996,4.4612
2.17302,4.46488
2.16608,4.46854
2.15913,4.4722
2.15218,4.47584
2.14522,4.47947
2.13826,4.4831
2.13129,4.48671
2.12432,4.49031
2.11734,4.4939
2.11036,4.49748
2.10337,4.50105
2.09638,4.5046
2.08938,4.50815
2.08238,4.51169
2.07537,4.51521
2.06836,4.51873
2.06134,4.52223
2.05432,4.52572
2.04729,4.5292
2.04026,4.53267
2.03322,4.53613
2.02618,4.53958
2.01913,4.54302
2.01208,4.54645
2.00502,4.54986
1.99796,4.55327
1.99089,4.55666
1.98382,4.56005
1.97674,4.56342
1.96966,4.56678
1.96258,4.57013
1.95549,4.57347
1.94839,4.5768
1.94129,4.58011
1.93419,4.58342
1.92708,4.58672
1.91997,4.59
1.91285,4.59327
1.90573,4.59654
1.8986,4.59979
1.89147,4.60303
1.88434,4.60626
1.8772,4.60948
1.87005,4.61268
1.8629,4.61588
1.85575,4.61906
1.84859,4.62224
1.84143,4.6254
1.83426,4.62855
1.82709,4.63169
1.81992,4.63482
1.81274,4.63794
1.80555,4.64105
1.79836,4.64415
1.79117,4.64723
1.78397,4.65031
1.77677,4.65337
1.76957,4.65642
1.76236,4.65946
1.75514,4.66249
1.74793,4.66551
1.74071,4.66852
1.73348,4.67151
1.72625,4.6745
1.71901,4.67747
1.71178,4.68044
1.70453,4.68339
1.69729,4.68633
1.69004,4.68926
1.68278,4.69218
1.67552,4.69508
1.66826,4.69798
1.661,4.70086
1.65373,4.70374
1.64645,4.7066
1.63917,4.70945
1.63189,4.71229
1.62461,4.71512
1.61732,4.71794
1.61002,4.72074
1.60273,4.72354
1.59543,4.72632
1.58812,4.72909
1.58081,4.73186
1.5735,4.73461
1.56619,4.73734
1.55887,4.74007
1.55154,4.74279
1.54422,4.74549
1.53689,4.74819
1.52955,4.75087
1.52221,4.75354
1.51487,4.7562
1.50753,4.75885
1.50018,4.76149
1.49283,4.76411
1.48547,4.76673
1.47811,4.76933
1.47075,4.77192
1.46339,4.7745
1.45602,4.77707
1.44864,4.77963
1.44127,4.78218
1.43389,4.78471
1.42651,4.78724
1.41912,4.78975
1.41173,4.79225
1.40434,4.79474
1.39694,4.79722
1.38954,4.79969
1.38214,4.80214
1.37473,4.80459
1.36733,4.80702
1.35991,4.80944
1.3525,4.81185
1.34508,4.81425
1.33766,4.81664
1.33023,4.81902
1.3228,4.82138
1.31537,4.82374
1.30794,4.82608
1.3005,4.82841
1.29306,4.83073
1.28562,4.83304
1.27817,4.83534
1.27072,4.83762
1.26327,4.83989
1.25582,4.84216
1.24836,4.84441
1.2409,4.84665
1.23343,4.84888
1.22597,4.85109
1.2185,4.8533
1.21103,4.85549
1.20355,4.85768
1.19607,4.85985
1.18859,4.86201
1.18111,4.86416
1.17362,4.86629
1.16613,4.86842
1.15864,4.87053
1.15115,4.87263
1.14365,4.87473
1.13615,4.87681
1.12865,4.87887
1.12114,4.88093
1.11364,4.88298
1.10613,4.88501
1.09861,4.88703
1.0911,4.88904
1.08358,4.89104
1.07606,4.89303
1.06854,4.89501
1.06101,4.89697
1.05348,4.89893
1.04595,4.90087
1.03842,4.9028
1.03089,4.90472
1.02335,4.90663
1.01581,4.90852
1.00827,4.91041
1.00072,4.91228
0.993176,4.91414
0.985628,4.91599
0.978076,4.91783
0.970523,4.91966
0.962967,4.92147
0.955409,4.92328
0.947849,4.92507
0.940287,4.92685
0.932722,4.92862
0.925155,4.93038
0.917587,4.93213
0.910016,4.93386
0.902443,4.93558
0.894868,4.9373
0.887291,4.939
0.879712,4.94069
0.87213,4.94236
0.864547,4.94403
0.856962,4.94568
0.849375,4.94733
0.841786,4.94896
0.834195,4.95058
0.826602,4.95219
0.819007,4.95378
0.81141,4.95537
0.803812,4.95694
0.796212,4.9585
0.788609,4.96005
0.781005,4.96159
0.7734,4.96312
0.765792,4.96464
0.758183,4.96614
0.750572,4.96763
0.742959,4.96912
0.735344,4.97059
0.727728,4.97204
0.720111,4.97349
0.712491,4.97493
0.70487,4.97635
0.697247,4.97776
0.689623,4.97916
0.681997,4.98055
0.67437,4.98193
0.666741,4.98329
0.659111,4.98465
0.651479,4.98599
0.643845,4.98732
0.636211,4.98864
0.628574,4.98995
0.620937,4.99125
0.613297,4.99253
0.605657,4.99381
0.598015,4.99507
0.590372,4.99632
0.582727,4.99756
0.575081,4.99878
0.567434,5
0.559786,5.0012
0.552136,5.0024
0.544485,5.00358
0.536833,5.00475
0.529179,5.0059
0.521525,5.00705
0.513869,5.00818
0.506212,5.00931
0.498554,5.01042
0.490895,5.01152
0.483234,5.01261
0.475573,5.01368
0.46791,5.01475
0.460247,5.0158
0.452582,5.01685
0.444917,5.01788
0.43725,5.0189
0.429583,5.0199
0.421914,5.0209
0.414245,5.02188
0.406574,5.02286
0.398903,5.02382
0.391231,5.02477
0.383558,5.02571
0.375884,5.02663
0.368209,5.02755
0.360534,5.02845
0.352858,5.02934
0.34518,5.03022
0.337503,5.03109
0.329824,5.03195
0.322145,5.03279
0.314464,5.03363
0.306784,5.03445
0.299102,5.03526
0.29142,5.03606
0.283737,5.03685
0.276054,5.03763
0.26837,5.03839
0.260686,5.03914
0.253001,5.03989
0.245315,5.04062
0.237629,5.04133
0.229942,5.04204
0.222255,5.04274
0.214567,5.04342
0.206879,5.04409
0.19919,5.04475
0.191501,5.0454
0.183812,5.04604
0.176122,5.04667
0.168432,5.04728
0.160741,5.04789
0.15305,5.04848
0.145359,5.04906
0.137668,5.04963
0.129976,5.05018
0.122284,5.05073
0.114591,5.05126
0.106899,5.05179
0.0992061,5.0523
0.0915131,5.0528
0.08382,5.05328
0.0761266,5.05376
0.0684332,5.05422
0.0607396,5.05468
0.0530459,5.05512
0.0453521,5.05555
0.0376582,5.05597
0.0299643,5.05638
0.0222703,5.05677
0.0145763,5.05716
0.00688231,5.05753
-0.000811683,5.05789
-0.00850564,5.05824
-0.0161996,5.05858
-0.0238934,5.0589
-0.0315872,5.05922
-0.0392808,5.05952
-0.0469744,5.05982
-0.0546678,5.0601
-0.0623611,5.06036
-0.0700542,5.06062
-0.0777471,5.06087
-0.0854398,5.0611
-0.0931323,5.06133
-0.100825,5.06154
-0.108517,5.06174
-0.116208,5.06193
-0.1239,5.0621
-0.131591,5.06227
-0.139282,5.06243
-0.146972,5.06257
-0.154662,5.0627
-0.162352,5.06282
-0.170041,5.06293
-0.17773,5.06303
-0.185419,5.06311
-0.193107,5.06318
-0.200794,5.06325
-0.208481,5.0633
-0.216168,5.06334
-0.223854,5.06337
-0.231539,5.06338
-0.239224,5.06339
-0.246909,5.06338
-0.254593,5.06337
-0.262276,5.06334
-0.269959,5.0633
-0.277641,5.06324
-0.285322,5.06318
-0.293003,5.06311
-0.300683,5.06302
-0.308362,5.06292
-0.31604,5.06281
-0.323718,5.06269
-0.331395,5.06256
-0.339072,5.06242
-0.346747,5.06227
-0.354422,5.0621
-0.362096,5.06192
-0.369769,5.06173
-0.377441,5.06153
-0.385112,5.06132
-0.392783,5.0611
-0.400452,5.06087
-0.408121,5.06062
-0.415788,5.06036
-0.423455,5.06009
-0.431121,5.05981
-0.438785,5.05952
-0.446449,5.05922
-0.454112,5.05891
-0.461773,5.05858
-0.469434,5.05825
-0.477093,5.0579
-0.484752,5.05754
-0.492409,5.05717
-0.500065,5.05679
-0.50772,5.05639
-0.515374,5.05599
-0.523026,5.05557
-0.530678,5.05515
-0.538328,5.05471
-0.545977,5.05426
-0.553625,5.0538
-0.561271,5.05332
-0.568917,5.05284
-0.57656,5.05234
-0.584203,5.05184
-0.591844,5.05132
-0.599484,5.05079
-0.607123,5.05025
-0.61476,5.0497
-0.622396,5.04914
-0.63003,5.04856
-0.637663,5.04798
-0.645294,5.04738
-0.652924,5.04677
-0.660553,5.04615
-0.66818,5.04552
-0.675806,5.04488
-0.68343,5.04423
-0.691052,5.04356
-0.698673,5.04289
-0.706292,5.0422
-0.71391,5.0415
-0.721526,5.0408
-0.72914,5.04008
-0.736753,5.03934
-0.744364,5.0386
-0.751974,5.03785
-0.759582,5.03708
-0.767188,5.03631
-0.774792,5.03552
-0.782394,5.03472
-0.789995,5.03391
-0.797594,5.03309
-0.805192,5.03226
-0.812787,5.03141
-0.820381,5.03056
-0.827972,5.02969
-0.835562,5.02881
-0.84315,5.02793
-0.850736,5.02703
-0.85832,5.02612
-0.865903,5.02519
-0.873483,5.02426
-0.881061,5.02332
-0.888638,5.02236
-0.896212,5.0214
-0.903785,5.02042
-0.911355,5.01943
-0.918923,5.01843
-0.92649,5.01742
-0.934054,5.0164
-0.941616,5.01537
-0.949176,5.01432
-0.956734,5.01327
-0.964289,5.0122
-0.971843,5.01112
-0.979394,5.01004
-0.986944,5.00894
-0.994491,5.00783
-1.00204,5.0067
-1.00958,5.00557
-1.01712,5.00443
-1.02466,5.00327
-1.03219,5.00211
-1.03973,5.00093
-1.04726,4.99974
-1.05479,4.99854
-1.06231,4.99733
-1.06984,4.99611
-1.07736,4.99488
-1.08488,4.99364
-1.09239,4.99239
-1.09991,4.99112
-1.10742,4.98984
-1.11493,4.98856
-1.12244,4.98726
-1.12994,4.98595
-1.13744,4.98463
-1.14494,4.9833
-1.15244,4.98196
-1.15994,4.98061
-1.16743,4.97924
-1.17492,4.97787
-1.1824,4.97648
-1.18989,4.97509
-1.19737,4.97368
-1.20485,4.97226
-1.21232,4.97083
-1.2198,4.96939
-1.22727,4.96794
-1.23474,4.96648
-1.2422,4.96501
-1.24966,4.96352
-1.25712,4.96203
-1.26458,4.96052
-1.27204,4.95901
-1.27949,4.95748
-1.28694,4.95594
-1.29438,4.95439
-1.30182,4.95284
-1.30926,4.95126
-1.3167,4.94968
-1.32414,4.94809
-1.33157,4.94649
-1.339,4.94487
-1.34642,4.94325
-1.35384,4.94162
-1.36126,4.93997
-1.36868,4.93831
-1.37609,4.93664
-1.3835,4.93497
-1.39091,4.93328
-1.39832,4.93158
-1.40572,4.92987
-1.41312,4.92814
-1.42051,4.92641
-1.4279,4.92467
-1.43529,4.92292
-1.44268,4.92115
-1.45006,4.91938
-1.45744,4.91759
-1.46482,4.91579
-1.47219,4.91399
-1.47956,4.91217
-1.48692,4.91034
-1.49429,4.9085
-1.50165,4.90665
-1.509,4.90479
-1.51636,4.90292
-1.52371,4.90104
-1.53106,4.89914
-1.5384,4.89724
-1.54574,4.89533
-1.55308,4.8934
-1.56041,4.89147
-1.56774,4.88952
-1.57507,4.88757
-1.58239,4.8856
-1.58971,4.88362
-1.59702,4.88163
-1.60434,4.87963
-1.61165,4.87763
-1.61895,4.87561
-1.62625,4.87357
-1.63355,4.87153
-1.64085,4.86948
-1.64814,4.86742
-1.65543,4.86535
-1.66271,4.86326
-1.66999,4.86117
-1.67727,4.85907
-1.68454,4.85695
-1.69181,4.85483
-1.69908,4.85269
-1.70634,4.85054
-1.7136,4.84839
-1.72085,4.84622
-1.7281,4.84404
-1.73535,4.84186
-1.7426,4.83966
-1.74984,4.83745
-1.75707,4.83523
-1.7643,4.833
-1.77153,4.83076
-1.77876,4.82851
-1.78598,4.82625
-1.79319,4.82398
-1.80041,4.82169
-1.80762,4.8194
-1.81482,4.8171
-1.82202,4.81479
-1.82922,4.81246
-1.83641,4.81013
-1.8436,4.80778
-1.85079,4.80543
-1.85797,4.80307
-1.86515,4.80069
-1.87232,4.79831
-1.87949,4.79591
-1.88666,4.7935
-1.89382,4.79109
-1.90097,4.78866
-1.90813,4.78622
-1.91528,4.78378
-1.92242,4.78132
-1.92956,4.77885
-1.9367,4.77637
-1.94383,4.77389
-1.95096,4.77139
-1.95808,4.76888
-1.9652,4.76636
-1.97232,4.76383
-1.97943,4.76129
-1.98654,4.75874
-1.99364,4.75618
-2.00074,4.75361
-2.00783,4.75103
-2.01492,4.74844
-2.02201,4.74584
-2.02909,4.74323
-2.03616,4.74061
-2.04324,4.73798
-2.05031,4.73534
-2.05737,4.73269
-2.06443,4.73003
-2.07148,4.72736
-2.07853,4.72468
-2.08558,4.72198
-2.09262,4.71928
-2.09966,4.71657
-2.10669,4.71385
-2.11372,4.71112
-2.12074,4.70838
-2.12776,4.70562
-2.13477,4.70286
-2.14178,4.70009
-2.14879,4.69731
-2.15579,4.69452
-2.16279,4.69172
-2.16978,4.6889
-2.17676,4.68608
-2.18375,4.68325
-2.19072,4.68041
-2.1977,4.67756
-2.20466,4.6747
-2.21163,4.67182
-2.21859,4.66894
-2.22554,4.66605
-2.23249,4.66315
-2.23943,4.66024
-2.24637,4.65732
-2.25331,4.65439
-2.26024,4.65145
-2.26716,4.6485
-2.27408,4.64553
-2.281,4.64256
-2.28791,4.63958
-2.29482,4.63659
-2.30172,4.63359
-2.30861,4.63058
-2.3155,4.62756
-2.32239,4.62453
-2.32927,4.6215
-2.33615,4.61845
-2.34302,4.61539
-2.34989,4.61232
-2.35675,4.60924
-2.3636,4.60615
-2.37046,4.60306
-2.3773,4.59995
-2.38414,4.59683
-2.39098,4.5937
-2.39781,4.59057
-2.40464,4.58742
-2.41146,4.58426
-2.41827,4.5811
-2.42508,4.57792
-2.43189,4.57474
-2.43869,4.57154
-2.44549,4.56834
-2.45228,4.56512
-2.45906,4.5619
-2.46584,4.55867
-2.47262,4.55543
-2.47939,4.55217
-2.48615,4.54891
-2.49291,4.54564
-2.49966,4.54236
-2.50641,4.53907
-2.51315,4.53577
-2.51989,4.53246
-2.52662,4.52914
-2.53335,4.52581
-2.54007,4.52247
-2.54679,4.51912
-2.5535,4.51576
-2.56021,4.5124
-2.56691,4.50902
-2.5736,4.50563
-2.58029,4.50224
-2.58697,4.49883
-2.59365,4.49542
-2.60033,4.492
-2.60699,4.48856
-2.61366,4.48512
-2.62031,4.48167
-2.62696,4.47821
-2.63361,4.47474
-2.64025,4.47126
-2.64688,4.46777
-2.65351,4.46427
-2.66014,4.46076
-2.66675,4.45724
-2.67337,4.45371
-2.67997,4.45018
-2.68657,4.44663
-2.69317,4.44308
-2.69976,4.43951
-2.70634,4.43594
-2.71292,4.43236
-2.71949,4.42877
-2.72606,4.42516
-2.73262,4.42155
-2.73918,4.41793
-2.74573,4.41431
-2.75227,4.41067
-2.75881,4.40702
-2.76534,4.40336
-2.77187,4.3997
-2.77839,4.39602
-2.7849,4.39234
-2.79141,4.38864
-2.79792,4.38494
-2.80441,4.38123
-2.81091,4.37751
-2.81739,4.37378
-2.82387,4.37004
-2.83035,4.36629
-2.83681,4.36254
-2.84328,4.35877
-2.84973,4.35499
-2.85618,4.35121
-2.86263,4.34742
-2.86907,4.34361
-2.8755,4.3398
-2.88193,4.33598
-2.88835,4.33215
-2.89476,4.32831
-2.90117,4.32447
-2.90757,4.32061
-2.91397,4.31674
-2.92036,4.31287
-2.92674,4.30899
-2.93312,4.30509
-2.93949,4.30119
-2.94586,4.29728
-2.95222,4.29336
-2.95857,4.28943
-2.96492,4.2855
-2.97126,4.28155
-2.9776,4.2776
-2.98393,4.27363
-2.99025,4.26966
-2.99656,4.26568
-3.00288,4.26169
-3.00918,4.25769
-3.01548,4.25368
-3.02177,4.24967
-3.02805,4.24564
-3.03433,4.24161
-3.04061,4.23756
-3.04687,4.23351
-3.05313,4.22945
-3.05939,4.22538
-3.06564,4.2213
-3.07188,4.21722
-3.07811,4.21312
-3.08434,4.20902
-3.09056,4.2049
-3.09678,4.20078
-3.10299,4.19665
-3.10919,4.19251
-3.11539,4.18837
-3.12158,4.18421
-3.12776,4.18005
-3.13394,4.17587
-3.14011,4.17169
-3.14627,4.1675
-3.15243,4.1633
-3.15858,4.15909
-3.16473,4.15488
-3.17086,4.15065
-3.177,4.14642
-3.18312,4.14218
-3.18924,4.13793
-3.19535,4.13367
-3.20146,4.1294
-3.20756,4.12512
-3.21365,4.12084
-3.21973,4.11655
-3.22581,4.11225
-3.23188,4.10794
-3.23795,4.10362
-3.24401,4.09929
-3.25006,4.09496
-3.25611,4.09061
-3.26215,4.08626
-3.26818,4.0819
-3.2742,4.07753
-3.28022,4.07315
-3.28624,4.06877
-3.29224,4.06438
-3.29824,4.05997
-3.30423,4.05556
-3.31022,4.05114
-3.31619,4.04672
-3.32217,4.04228
-3.32813,4.03784
-3.33409,4.03339
-3.34004,4.02893
-3.34598,4.02446
-3.35192,4.01998
-3.35785,4.0155
-3.36377,4.011
-3.36969,4.0065
-3.3756,4.00199
-3.3815,3.99748
-3.3874,3.99295
-3.39329,3.98842
-3.39917,3.98387
-3.40505,3.97932
-3.41091,3.97477
-3.41678,3.9702
-3.42263,3.96562
-3.42848,3.96104
-3.43432,3.95645
-3.44015,3.95185
-3.44598,3.94725
-3.4518,3.94263
-3.45761,3.93801
-3.46341,3.93338
-3.46921,3.92874
-3.475,3.92409
-3.48078,3.91944
-3.48656,3.91477
-3.49233,3.9101
-3.49809,3.90542
-3.50385,3.90074
-3.5096,3.89604
-3.51534,3.89134
-3.52107,3.88663
-3.5268,3.88191
-3.53252,3.87718
-3.53823,3.87245
-3.54394,3.86771
-3.54963,3.86296
-3.55532,3.8582
-3.56101,3.85343
-3.56668,3.84866
-3.57235,3.84388
-3.57802,3.83909
-3.58367,3.83429
-3.58932,3.82949
-3.59496,3.82467
-3.60059,3.81985
-3.60622,3.81503
-3.61183,3.81019
-3.61744,3.80535
-3.62305,3.8005
-3.62864,3.79564
-3.63423,3.79077
-3.63981,3.7859
-3.64539,3.78101
-3.65095,3.77612
-3.65651,3.77123
-3.66206,3.76632
-3.66761,3.76141
-3.67315,3.75649
-3.67868,3.75156
-3.6842,3.74663
-3.68971,3.74168
-3.69522,3.73673
-3.70072,3.73178
-3.70621,3.72681
-3.7117,3.72184
-3.71717,3.71686
-3.72264,3.71187
-3.7281,3.70687
-3.73356,3.70187
-3.73901,3.69686
-3.74445,3.69184
-3.74988,3.68682
-3.7553,3.68178
-3.76072,3.67674
-3.76613,3.67169
-3.77153,3.66664
-3.77692,3.66158
-3.78231,3.65651
-3.78769,3.65143
-3.79306,3.64635
-3.79842,3.64125
-3.80378,3.63615
-3.80913,3.63105
-3.81447,3.62593
-3.8198,3.62081
-3.82513,3.61568
-3.83044,3.61055
-3.83575,3.6054
-3.84105,3.60025
-3.84635,3.5951
-3.85164,3.58993
-3.85691,3.58476
-3.86219,3.57958
-3.86745,3.57439
-3.8727,3.5692
-3.87795,3.564
-3.88319,3.55879
-3.88842,3.55358
-3.89365,3.54835
-3.89886,3.54313
-3.90407,3.53789
-3.90927,3.53265
-3.91447,3.52739
-3.91965,3.52214
-3.92483,3.51687
-3.93,3.5116
-3.93516,3.50632
-3.94031,3.50104
-3.94546,3.49574
-3.9506,3.49044
-3.95573,3.48514
-3.96085,3.47982
-3.96596,3.4745
-3.97107,3.46917
-3.97617,3.46384
-3.98126,3.4585
-3.98634,3.45315
-3.99142,3.44779
-3.99648,3.44243
-4.00154,3.43706
-4.00659,3.43169
-4.01163,3.4263
-4.01667,3.42091
-4.02169,3.41552
-4.02671,3.41011
-4.03172,3.4047
-4.03673,3.39929
-4.04172,3.39386
-4.04671,3.38843
-4.05168,3.38299
-4.05665,3.37755
-4.06162,3.3721
-4.06657,3.36664
-4.07151,3.36118
-4.07645,3.35571
-4.08138,3.35023
-4.0863,3.34474
-4.09122,3.33925
-4.09612,3.33375
-4.10102,3.32825
-4.10591,3.32274
-4.11079,3.31722
-4.11566,3.3117
-4.12052,3.30617
-4.12538,3.30063
-4.13023,3.29509
-4.13507,3.28953
-4.1399,3.28398
-4.14472,3.27841
-4.14954,3.27284
-4.15434,3.26727
-4.15914,3.26168
-4.16393,3.25609
-4.16871,3.2505
-4.17349,3.2449
-4.17825,3.23929
-4.18301,3.23367
-4.18776,3.22805
-4.1925,3.22242
-4.19723,3.21679
-4.20195,3.21115
-4.20667,3.2055
-4.21137,3.19984
-4.21607,3.19418
-4.22076,3.18852
-4.22544,3.18285
-4.23012,3.17717
-4.23478,3.17148
-4.23944,3.16579
-4.24409,3.16009
-4.24873,3.15439
-4.25336,3.14868
-4.25798,3.14296
-4.2626,3.13724
-4.2672,3.13151
-4.2718,3.12577
-4.27639,3.12003
-4.28097,3.11428
-4.28554,3.10853
-4.29011,3.10277
-4.29466,3.097
-4.29921,3.09123
-4.30375,3.08545
-4.30828,3.07967
-4.3128,3.07388
-4.31731,3.06808
-4.32182,3.06228
-4.32631,3.05647
-4.3308,3.05065
-4.33528,3.04483
-4.33975,3.03901
-4.34421,3.03317
-4.34867,3.02734
-4.35311,3.02149
-4.35755,3.01564
-4.36197,3.00978
-4.36639,3.00392
-4.3708,2.99805
-4.37521,2.99218
-4.3796,2.9863
-4.38398,2.98041
-4.38836,2.97452
-4.39273,2.96862
-4.39708,2.96272
-4.40143,2.95681
-4.40578,2.95089
-4.41011,2.94497
-4.41443,2.93904
-4.41875,2.93311
-4.42305,2.92717
-4.42735,2.92123
-4.43164,2.91528
-4.43592,2.90932
-4.44019,2.90336
-4.44445,2.89739
-4.44871,2.89142
-4.45295,2.88544
-4.45719,2.87946
-4.46142,2.87347
-4.46564,2.86747
-4.46985,2.86147
-4.47405,2.85546
-4.47824,2.84945
-4.48243,2.84343
-4.4866,2.83741
-4.49077,2.83138
-4.49493,2.82534
-4.49908,2.8193
-4.50322,2.81326
-4.50735,2.80721
-4.51147,2.80115
-4.51558,2.79509
-4.51969,2.78902
-4.52378,2.78295
-4.52787,2.77687
-4.53195,2.77078
-4.53602,2.76469
-4.54008,2.7586
-4.54413,2.7525
-4.54817,2.74639
-4.55221,2.74028
-4.55623,2.73416
-4.56025,2.72804
-4.56426,2.72191
-4.56825,2.71578
-4.57224,2.70964
-4.57622,2.7035
-4.5802,2.69735
-4.58416,2.6912
-4.58811,2.68504
-4.59206,2.67887
-4.59599,2.6727
-4.59992,2.66653
-4.60384,2.66035
-4.60774,2.65416
-4.61164,2.64797
-4.61553,2.64178
-4.61942,2.63558
-4.62329,2.62937
-4.62715,2.62316
-4.63101,2.61694
-4.63485,2.61072
-4.63869,2.6045
-4.64252,2.59827
-4.64634,2.59203
-4.65015,2.58579
-4.65395,2.57954
-4.65774,2.57329
-4.66152,2.56703
-4.66529,2.56077
-4.66906,2.5545
-4.67281,2.54823
-4.67656,2.54196
-4.68029,2.53567
-4.68402,2.52939
-4.68774,2.5231
-4.69145,2.5168
-4.69515,2.5105
-4.69884,2.50419
-4.70252,2.49788
-4.7062,2.49156
-4.70986,2.48524
-4.71352,2.47892
-4.71716,2.47259
-4.7208,2.46625
-4.72443,2.45991
-4.72804,2.45357
-4.73165,2.44722
-4.73525,2.44086
-4.73884,2.43451
-4.74243,2.42814
-4.746,2.42177
-4.74956,2.4154
-4.75311,2.40902
-4.75666,2.40264
-4.76019,2.39625
-4.76372,2.38986
-4.76724,2.38346
-4.77075,2.37706
-4.77424,2.37066
-4.77773,2.36425
-4.78121,2.35783
-4.78468,2.35141
-4.78815,2.34499
-4.7916,2.33856
-4.79504,2.33213
-4.79847,2.32569
-4.8019,2.31924
-4.80531,2.3128
-4.80872,2.30635
-4.81212,2.29989
-4.8155,2.29343
-4.81888,2.28697
-4.82225,2.2805
-4.82561,2.27402
-4.82896,2.26755
-4.8323,2.26106
-4.83563,2.25458
-4.83895,2.24809
-4.84227,2.24159
-4.84557,2.23509
-4.84886,2.22859
-4.85215,2.22208
-4.85542,2.21557
-4.85869,2.20905
-4.86194,2.20253
-4.86519,2.196
-4.86843,2.18947
-4.87166,2.18294
-4.87488,2.1764
-4.87809,2.16986
-4.88129,2.16331
-4.88448,2.15676
-4.88766,2.15021
-4.89083,2.14365
-4.89399,2.13708
-4.89715,2.13052
-4.90029,2.12394
-4.90342,2.11737
-4.90655,2.11079
-4.90966,2.10421
-4.91277,2.09762
-4.91587,2.09103
-4.91895,2.08443
-4.92203,2.07783
-4.9251,2.07123
-4.92816,2.06462
-4.93121,2.05801
-4.93425,2.05139
-4.93728,2.04477
-4.9403,2.03815
-4.94331,2.03152
-4.94631,2.02489
-4.9493,2.01825
-4.95229,2.01161
-4.95526,2.00497
-4.95822,1.99832
-4.96118,1.99167
-4.96412,1.98502
-4.96706,1.97836
-4.96998,1.9717
-4.9729,1.96503
-4.9758,1.95836
-4.9787,1.95169
-4.98159,1.94501
-4.98447,1.93833
-4.98733,1.93164
-4.99019,1.92495
-4.99304,1.91826
-4.99588,1.91156
-4.99871,1.90486
-5.00153,1.89816
-5.00434,1.89145
-5.00715,1.88474
-5.00994,1.87803
-5.01272,1.87131
-5.01549,1.86459
-5.01825,1.85786
-5.02101,1.85113
-5.02375,1.8444
-5.02649,1.83767
-5.02921,1.83093
-5.03192,1.82418
-5.03463,1.81744
-5.03733,1.81069
-5.04001,1.80393
-5.04269,1.79718
-5.04535,1.79042
-5.04801,1.78365
-5.05066,1.77689
-5.0533,1.77012
-5.05593,1.76334
-5.05854,1.75656
-5.06115,1.74978
-5.06375,1.743
-5.06634,1.73621
-5.06892,1.72942
-5.07149,1.72263
-5.07405,1.71583
-5.0766,1.70903
-5.07914,1.70222
-5.08167,1.69542
-5.0842,1.68861
-5.08671,1.68179
-5.08921,1.67498
-5.0917,1.66816
-5.09419,1.66133
-5.09666,1.65451
-5.09912,1.64768
-5.10158,1.64084
-5.10402,1.63401
-5.10645,1.62717
-5.10888,1.62033
-5.11129,1.61348
-5.1137,1.60663
-5.11609,1.59978
-5.11848,1.59293
-5.12086,1.58607
-5.12322,1.57921
-5.12558,1.57234
-5.12792,1.56548
-5.13026,1.55861
-5.13259,1.55173
-5.13491,1.54486
-5.13721,1.53798
-5.13951,1.5311
-5.1418,1.52421
-5.14408,1.51733
-5.14635,1.51044
-5.1486,1.50354
-5.15085,1.49665
-5.15309,1.48975
-5.15532,1.48285
-5.15754,1.47594
-5.15975,1.46903
-5.16195,1.46212
-5.16414,1.45521
-5.16632,1.44829
-5.16849,1.44138
-5.17065,1.43445
-5.1728,1.42753
-5.17494,1.4206
-5.17708,1.41367
-5.1792,1.40674
-5.18131,1.39981
-5.18341,1.39287
-5.1855,1.38593
-5.18758,1.37899
-5.18966,1.37204
-5.19172,1.36509
-5.19377,1.35814
-5.19581,1.35119
-5.19785,1.34423
-5.19987,1.33727
-5.20188,1.33031
-5.20389,1.32335
-5.20588,1.31638
-5.20786,1.30941
-5.20984,1.30244
-5.2118,1.29547
-5.21375,1.28849
-5.2157,1.28151
-5.21763,1.27453
-5.21956,1.26755
-5.22147,1.26056
-5.22338,1.25357
-5.22527,1.24658
-5.22716,1.23959
-5.22903,1.2326
-5.2309,1.2256
-5.23275,1.2186
-5.2346,1.2116
-5.23643,1.20459
-5.23826,1.19758
-5.24007,1.19057
-5.24188,1.18356
-5.24367,1.17655
-5.24546,1.16953
-5.24724,1.16251
-5.249,1.15549
-5.25076,1.14847
-5.2525,1.14145
-5.25424,1.13442
-5.25597,1.12739
-5.25768,1.12036
-5.25939,1.11332
-5.26108,1.10629
-5.26277,1.09925
-5.26445,1.09221
-5.26611,1.08517
-5.26777,1.07812
-5.26942,1.07108
-5.27106,1.06403
-5.27268,1.05698
-5.2743,1.04993
-5.27591,1.04287
-5.2775,1.03582
-5.27909,1.02876
-5.28067,1.0217
-5.28223,1.01464
-5.28379,1.00757
-5.28534,1.00051
-5.28688,0.993438
-5.2884,0.986368
-5.28992,0.979296
-5.29143,0.972223
-5.29293,0.965148
-5.29441,0.95807
-5.29589,0.950991
-5.29736,0.94391
-5.29882,0.936828
-5.30026,0.929743
-5.3017,0.922657
-5.30313,0.915569
-5.30455,0.908479
-5.30595,0.901388
-5.30735,0.894295
-5.30874,0.8872
-5.31012,0.880103
-5.31148,0.873005
-5.31284,0.865905
-5.31419,0.858803
-5.31553,0.8517
-5.31686,0.844595
-5.31817,0.837489
-5.31948,0.830381
-5.32078,0.823271
-5.32207,0.81616
-5.32334,0.809047
-5.32461,0.801933
-5.32587,0.794817
-5.32712,0.787699
-5.32835,0.78058
-5.32958,0.77346
-5.3308,0.766338
-5.33201,0.759215
-5.33321,0.75209
-5.33439,0.744964
-5.33557,0.737836
-5.33674,0.730707
-5.3379,0.723577
-5.33904,0.716445
-5.34018,0.709312
-5.34131,0.702177
-5.34243,0.695042
-5.34353,0.687904
-5.34463,0.680766
-5.34572,0.673626
-5.34679,0.666485
-5.34786,0.659343
-5.34892,0.652199
-5.34997,0.645054
-5.351,0.637908
-5.35203,0.630761
-5.35305,0.623612
-5.35406,0.616462
-5.35505,0.609311
-5.35604,0.602159
-5.35702,0.595006
-5.35798,0.587852
-5.35894,0.580696
-5.35989,0.573539
-5.36082,0.566382
-5.36175,0.559223
-5.36267,0.552063
-5.36357,0.544902
-5.36447,0.53774
-5.36536,0.530577
-5.36623,0.523413
-5.3671,0.516248
-5.36796,0.509082
-5.3688,0.501915
-5.36964,0.494747
-5.37047,0.487578
-5.37128,0.480408
-5.37209,0.473237
-5.37288,0.466066
-5.37367,0.458893
-5.37445,0.451719
-5.37521,0.444545
-5.37597,0.43737
-5.37671,0.430194
-5.37745,0.423017
-5.37818,0.415839
-5.37889,0.408661
-5.3796,0.401481
-5.38029,0.394301
-5.38098,0.38712
-5.38165,0.379939
-5.38232,0.372757
-5.38297,0.365573
-5.38362,0.35839
-5.38425,0.351205
-5.38488,0.34402
-5.38549,0.336834
-5.3861,0.329648
-5.38669,0.322461
-5.38728,0.315273
-5.38785,0.308085
-5.38842,0.300896
-5.38897,0.293706
-5.38952,0.286516
-5.39005,0.279325
-5.39058,0.272134
-5.39109,0.264942
-5.3916,0.25775
-5.39209,0.250557
-5.39257,0.243364
-5.39305,0.23617
-5.39351,0.228976
-5.39397,0.221781
-5.39441,0.214586
-5.39484,0.20739
-5.39527,0.200194
-5.39568,0.192998
-5.39609,0.185801
-5.39648,0.178604
-5.39686,0.171406
-5.39724,0.164209
-5.3976,0.15701
-5.39795,0.149812
-5.3983,0.142613
-5.39863,0.135414
-5.39895,0.128215
-5.39927,0.121015
-5.39957,0.113815
-5.39986,0.106615
-5.40014,0.0994144
-5.40042,0.0922138
-5.40068,0.085013
-5.40093,0.0778121
-5.40118,0.0706109
-5.40141,0.0634096
-5.40163,0.0562081
-5.40184,0.0490065
-5.40204,0.0418048
-5.40224,0.034603
-5.40242,0.027401
-5.40259,0.020199
-5.40275,0.012997
-5.40291,0.00579484
-5.40305,-0.00140732
-5.40318,-0.00860951
-5.4033,-0.0158117
-5.40341,-0.0230139
-5.40352,-0.0302161
-5.40361,-0.0374183
-5.40369,-0.0446204
-5.40376,-0.0518224
-5.40382,-0.0590244
-5.40387,-0.0662264
-5.40391,-0.0734282
-5.40395,-0.0806299
-5.40397,-0.0878315
-5.40398,-0.095033
-5.40398,-0.102234
-5.40397,-0.109435
-5.40395,-0.116636
-5.40392,-0.123837
-5.40388,-0.131038
-5.40384,-0.138238
-5.40378,-0.145438
-5.40371,-0.152638
-5.40363,-0.159838
-5.40354,-0.167037
-5.40344,-0.174236
-5.40333,-0.181435
-5.40321,-0.188634
-5.40308,-0.195832
-5.40294,-0.20303
-5.40279,-0.210227
-5.40263,-0.217424
-5.40246,-0.224621
-5.40228,-0.231818
-5.40209,-0.239014
-5.40189,-0.246209
-5.40168,-0.253404
-5.40146,-0.260599
-5.40123,-0.267793
-5.40099,-0.274987
-5.40074,-0.28218
-5.40048,-0.289373
-5.40021,-0.296566
-5.39993,-0.303757
-5.39964,-0.310949
-5.39934,-0.318139
-5.39903,-0.325329
-5.39871,-0.332519
-5.39838,-0.339708
-5.39804,-0.346896
-5.39769,-0.354084
-5.39733,-0.361271
-5.39696,-0.368458
-5.39658,-0.375644
-5.39619,-0.382829
-5.39579,-0.390013
-5.39538,-0.397197
-5.39496,-0.40438
-5.39453,-0.411563
-5.39409,-0.418745
-5.39364,-0.425925
-5.39318,-0.433106
-5.39271,-0.440285
-5.39223,-0.447464
-5.39174,-0.454641
-5.39124,-0.461818
-5.39073,-0.468995
-5.39021,-0.47617
-5.38968,-0.483344
-5.38914,-0.490518
-5.38859,-0.497691
-5.38803,-0.504863
-5.38746,-0.512034
-5.38688,-0.519204
-5.38629,-0.526373
-5.38569,-0.533541
-5.38508,-0.540708
-5.38446,-0.547874
-5.38383,-0.55504
-5.38319,-0.562204
-5.38254,-0.569367
-5.38188,-0.576529
-5.38121,-0.583691
-5.38053,-0.590851
-5.37983,-0.59801
-5.37913,-0.605168
-5.37842,-0.612325
-5.3777,-0.619481
-5.37697,-0.626635
-5.37623,-0.633789
-5.37548,-0.640941
-5.37473,-0.648093
-5.37396,-0.655243
-5.37318,-0.662392
-5.37239,-0.669539
-5.37159,-0.676686
-5.37078,-0.683831
-5.36996,-0.690975
-5.36913,-0.698118
-5.36829,-0.70526
-5.36744,-0.7124
-5.36658,-0.719539
-5.36571,-0.726677
-5.36483,-0.733813
-5.36394,-0.740948
-5.36304,-0.748082
-5.36213,-0.755215
-5.36121,-0.762346
-5.36029,-0.769475
-5.35935,-0.776604
-5.3584,-0.78373
-5.35744,-0.790856
-5.35647,-0.79798
-5.35549,-0.805102
-5.3545,-0.812224
-5.35351,-0.819343
-5.3525,-0.826461
-5.35148,-0.833578
-5.35045,-0.840693
-5.34941,-0.847807
-5.34836,-0.854919
-5.34731,-0.86203
-5.34624,-0.869139
-5.34516,-0.876246
-5.34407,-0.883352
-5.34298,-0.890456
-5.34187,-0.897559
-5.34075,-0.90466
-5.33963,-0.911759
-5.33849,-0.918857
-5.33734,-0.925953
-5.33619,-0.933047
-5.33502,-0.94014
-5.33384,-0.947231
-5.33266,-0.95432
-5.33146,-0.961408
-5.33025,-0.968494
-5.32904,-0.975578
-5.32781,-0.98266
-5.32658,-0.98974
-5.32533,-0.996819
-5.32408,-1.0039
-5.32281,-1.01097
-5.32154,-1.01804
-5.32025,-1.02512
-5.31896,-1.03219
-5.31765,-1.03925
-5.31634,-1.04632
-5.31501,-1.05338
-5.31368,-1.06044
-5.31234,-1.0675
-5.31098,-1.07456
-5.30962,-1.08162
-5.30825,-1.08867
-5.30686,-1.09573
-5.30547,-1.10278
-5.30407,-1.10982
-5.30266,-1.11687
-5.30123,-1.12391
-5.2998,-1.13096
-5.29836,-1.138
-5.29691,-1.14503
-5.29545,-1.15207
-5.29397,-1.1591
-5.29249,-1.16614
-5.291,-1.17317
-5.2895,-1.18019
-5.28799,-1.18722
-5.28647,-1.19424
-5.28494,-1.20126
-5.2834,-1.20828
-5.28185,-1.2153
-5.28029,-1.22231
-5.27872,-1.22932
-5.27715,-1.23633
-5.27556,-1.24334
-5.27396,-1.25035
-5.27235,-1.25735
-5.27073,-1.26435
-5.26911,-1.27135
-5.26747,-1.27835
-5.26582,-1.28534
-5.26416,-1.29233
-5.2625,-1.29932
-5.26082,-1.30631
-5.25914,-1.31329
-5.25744,-1.32028
-5.25573,-1.32726
-5.25402,-1.33423
-5.2523,-1.34121
-5.25056,-1.34818
-5.24882,-1.35515
-5.24706,-1.36212
-5.2453,-1.36908
-5.24353,-1.37605
-5.24174,-1.38301
-5.23995,-1.38996
-5.23815,-1.39692
-5.23634,-1.40387
-5.23451,-1.41082
-5.23268,-1.41777
-5.23084,-1.42471
-5.22899,-1.43166
-5.22713,-1.4386
-5.22526,-1.44553
-5.22338,-1.45247
-5.22149,-1.4594
-5.21959,-1.46633
-5.21768,-1.47325
-5.21577,-1.48018
-5.21384,-1.4871
-5.2119,-1.49402
-5.20995,-1.50093
-5.208,-1.50785
-5.20603,-1.51476
-5.20405,-1.52166
-5.20207,-1.52857
-5.20007,-1.53547
-5.19807,-1.54237
-5.19605,-1.54926
-5.19403,-1.55616
-5.192,-1.56305
-5.18995,-1.56994
-5.1879,-1.57682
-5.18584,-1.5837
-5.18377,-1.59058
-5.18169,-1.59746
-5.17959,-1.60433
-5.17749,-1.6112
-5.17538,-1.61807
-5.17326,-1.62493
-5.17113,-1.6318
-5.169,-1.63865
-5.16685,-1.64551
-5.16469,-1.65236
-5.16252,-1.65921
-5.16034,-1.66606
-5.15816,-1.6729
-5.15596,-1.67974
-5.15376,-1.68658
-5.15154,-1.69341
-5.14932,-1.70025
-5.14708,-1.70707
-5.14484,-1.7139
-5.14258,-1.72072
-5.14032,-1.72754
-5.13805,-1.73435
-5.13577,-1.74117
-5.13348,-1.74798
-5.13118,-1.75478
-5.12887,-1.76159
-5.12655,-1.76839
-5.12422,-1.77518
-5.12188,-1.78198
-5.11953,-1.78877
-5.11717,-1.79555
-5.11481,-1.80234
-5.11243,-1.80912
-5.11004,-1.81589
-5.10765,-1.82267
-5.10524,-1.82944
-5.10283,-1.8362
-5.10041,-1.84297
-5.09797,-1.84973
-5.09553,-1.85648
-5.09308,-1.86324
-5.09062,-1.86999
-5.08815,-1.87673
-5.08567,-1.88348
-5.08318,-1.89022
-5.08068,-1.89695
-5.07817,-1.90369
-5.07565,-1.91041
-5.07313,-1.91714
-5.07059,-1.92386
-5.06804,-1.93058
-5.06549,-1.9373
-5.06292,-1.94401
-5.06035,-1.95072
-5.05777,-1.95742
-5.05517,-1.96412
-5.05257,-1.97082
-5.04996,-1.97751
-5.04734,-1.98421
-5.04471,-1.99089
-5.04207,-1.99758
-5.03942,-2.00425
-5.03676,-2.01093
-5.0341,-2.0176
-5.03142,-2.02427
-5.02873,-2.03094
-5.02604,-2.0376
-5.02334,-2.04425
-5.02062,-2.05091
-5.0179,-2.05756
-5.01517,-2.0642
-5.01243,-2.07085
-5.00967,-2.07748
-5.00691,-2.08412
-5.00415,-2.09075
-5.00137,-2.09738
-4.99858,-2.104
-4.99578,-2.11062
-4.99298,-2.11724
-4.99016,-2.12385
-4.98734,-2.13045
-4.9845,-2.13706
-4.98166,-2.14366
-4.97881,-2.15025
-4.97594,-2.15685
-4.97307,-2.16344
-4.97019,-2.17002
-4.96731,-2.1766
-4.96441,-2.18318
-4.9615,-2.18975
-4.95858,-2.19632
-4.95566,-2.20288
-4.95272,-2.20944
-4.94978,-2.216
-4.94682,-2.22255
-4.94386,-2.2291
-4.94089,-2.23564
-4.93791,-2.24218
-4.93492,-2.24872
-4.93192,-2.25525
-4.92891,-2.26178
-4.9259,-2.2683
-4.92287,-2.27482
-4.91983,-2.28134
-4.91679,-2.28785
-4.91374,-2.29435
-4.91067,-2.30086
-4.9076,-2.30735
-4.90452,-2.31385
-4.90143,-2.32034
-4.89833,-2.32682
-4.89522,-2.33331
-4.89211,-2.33978
-4.88898,-2.34626
-4.88584,-2.35273
-4.8827,-2.35919
-4.87955,-2.36565
-4.87638,-2.37211
-4.87321,-2.37856
-4.87003,-2.385
-4.86684,-2.39145
-4.86364,-2.39788
-4.86044,-2.40432
-4.85722,-2.41075
-4.85399,-2.41717
-4.85076,-2.42359
-4.84752,-2.43001
-4.84426,-2.43642
-4.841,-2.44283
-4.83773,-2.44923
-4.83445,-2.45563
-4.83116,-2.46202
-4.82787,-2.46841
-4.82456,-2.4748
-4.82125,-2.48118
-4.81792,-2.48755
-4.81459,-2.49393
-4.81125,-2.50029
-4.8079,-2.50665
-4.80454,-2.51301
-4.80117,-2.51936
-4.79779,-2.52571
-4.7944,-2.53206
-4.79101,-2.5384
-4.78761,-2.54473
-4.78419,-2.55106
-4.78077,-2.55738
-4.77734,-2.5637
-4.7739,-2.57002
-4.77045,-2.57633
-4.76699,-2.58264
-4.76353,-2.58894
-4.76005,-2.59524
-4.75657,-2.60153
-4.75308,-2.60781
-4.74958,-2.6141
-4.74607,-2.62037
-4.74255,-2.62665
-4.73902,-2.63292
-4.73548,-2.63918
-4.73194,-2.64544
-4.72838,-2.65169
-4.72482,-2.65794
-4.72125,-2.66418
-4.71767,-2.67042
-4.71408,-2.67666
-4.71048,-2.68288
-4.70688,-2.68911
-4.70326,-2.69533
-4.69964,-2.70154
-4.696,-2.70775
-4.69236,-2.71396
-4.68871,-2.72015
-4.68505,-2.72635
-4.68139,-2.73254
-4.67771,-2.73872
-4.67402,-2.7449
-4.67033,-2.75108
-4.66663,-2.75725
-4.66292,-2.76341
-4.6592,-2.76957
-4.65547,-2.77572
-4.65173,-2.78187
-4.64799,-2.78802
-4.64423,-2.79415
-4.64047,-2.80029
-4.6367,-2.80642
-4.63292,-2.81254
-4.62913,-2.81866
-4.62533,-2.82477
-4.62153,-2.83088
-4.61771,-2.83698
-4.61389,-2.84308
-4.61006,-2.84917
-4.60622,-2.85526
-4.60237,-2.86134
-4.59851,-2.86741
-4.59465,-2.87349
-4.59077,-2.87955
-4.58689,-2.88561
-4.583,-2.89167
-4.5791,-2.89772
-4.57519,-2.90376
-4.57127,-2.9098
-4.56735,-2.91583
-4.56342,-2.92186
-4.55947,-2.92789
-4.55552,-2.9339
-4.55156,-2.93992
-4.5476,-2.94592
-4.54362,-2.95192
-4.53964,-2.95792
-4.53564,-2.96391
-4.53164,-2.9699
-4.52763,-2.97588
-4.52361,-2.98185
-4.51959,-2.98782
-4.51555,-2.99378
-4.51151,-2.99974
-4.50746,-3.00569
-4.5034,-3.01164
-4.49933,-3.01758
-4.49525,-3.02351
-4.49116,-3.02944
-4.48707,-3.03537
-4.48297,-3.04129
-4.47886,-3.0472
-4.47474,-3.05311
-4.47061,-3.05901
-4.46648,-3.06491
-4.46233,-3.0708
-4.45818,-3.07668
-4.45402,-3.08256
-4.44985,-3.08844
-4.44568,-3.0943
-4.44149,-3.10017
-4.4373,-3.10602
-4.4331,-3.11187
-4.42889,-3.11772
-4.42467,-3.12356
-4.42044,-3.12939
-4.41621,-3.13522
-4.41196,-3.14104
-4.40771,-3.14686
-4.40345,-3.15267
-4.39919,-3.15847
-4.39491,-3.16427
-4.39063,-3.17007
-4.38633,-3.17585
-4.38203,-3.18163
-4.37773,-3.18741
-4.37341,-3.19318
-4.36908,-3.19894
-4.36475,-3.2047
-4.36041,-3.21045
-4.35606,-3.2162
-4.3517,-3.22194
-4.34734,-3.22767
-4.34296,-3.2334
-4.33858,-3.23912
-4.33419,-3.24484
-4.3298,-3.25055
-4.32539,-3.25625
-4.32098,-3.26195
-4.31655,-3.26764
-4.31212,-3.27333
-4.30769,-3.27901
-4.30324,-3.28468
-4.29879,-3.29035
-4.29432,-3.29601
-4.28985,-3.30167
-4.28537,-3.30732
-4.28089,-3.31296
-4.27639,-3.3186
-4.27189,-3.32423
-4.26738,-3.32986
-4.26286,-3.33548
-4.25834,-3.34109
-4.2538,-3.3467
-4.24926,-3.3523
-4.24471,-3.35789
-4.24015,-3.36348
-4.23559,-3.36906
-4.23101,-3.37464
-4.22643,-3.38021
-4.22184,-3.38577
-4.21725,-3.39133
-4.21264,-3.39688
-4.20803,-3.40242
-4.20341,-3.40796
-4.19878,-3.41349
-4.19414,-3.41902
-4.1895,-3.42453
-4.18484,-3.43005
-4.18018,-3.43555
-4.17552,-3.44105
-4.17084,-3.44655
-4.16616,-3.45203
-4.16146,-3.45752
-4.15677,-3.46299
-4.15206,-3.46846
-4.14734,-3.47392
-4.14262,-3.47937
-4.13789,-3.48482
-4.13315,-3.49027
-4.12841,-3.4957
-4.12365,-3.50113
-4.11889,-3.50655
-4.11412,-3.51197
-4.10935,-3.51738
-4.10456,-3.52278
-4.09977,-3.52818
-4.09497,-3.53357
-4.09016,-3.53895
-4.08535,-3.54433
-4.08052,-3.5497
-4.07569,-3.55507
-4.07086,-3.56042
-4.06601,-3.56577
-4.06116,-3.57112
-4.0563,-3.57646
-4.05143,-3.58179
-4.04655,-3.58711
-4.04167,-3.59243
-4.03678,-3.59774
-4.03188,-3.60304
-4.02697,-3.60834
-4.02206,-3.61363
-4.01714,-3.61892
-4.01221,-3.62419
-4.00727,-3.62946
-4.00233,-3.63473
-3.99738,-3.63999
-3.99242,-3.64524
-3.98745,-3.65048
-3.98248,-3.65572
-3.97749,-3.66095
-3.9725,-3.66617
-3.96751,-3.67139
-3.9625,-3.6766
-3.95749,-3.6818
-3.95247,-3.68699
-3.94745,-3.69218
-3.94241,-3.69737
-3.93737,-3.70254
-3.93232,-3.70771
-3.92727,-3.71287
-3.92221,-3.71803
-3.91714,-3.72317
-3.91206,-3.72831
-3.90697,-3.73345
-3.90188,-3.73858
-3.89678,-3.7437
-3.89167,-3.74881
-3.88656,-3.75391
-3.88144,-3.75901
-3.87631,-3.76411
-3.87117,-3.76919
-3.86603,-3.77427
-3.86087,-3.77934
-3.85572,-3.7844
-3.85055,-3.78946
-3.84538,-3.79451
-3.8402,-3.79955
-3.83501,-3.80459
-3.82982,-3.80962
-3.82461,-3.81464
-3.8194,-3.81965
-3.81419,-3.82466
-3.80896,-3.82966
-3.80373,-3.83465
-3.7985,-3.83964
-3.79325,-3.84462
-3.788,-3.84959
-3.78274,-3.85455
-3.77747,-3.85951
-3.7722,-3.86446
-3.76692,-3.8694
-3.76163,-3.87434
-3.75634,-3.87927
-3.75104,-3.88419
-3.74573,-3.8891
-3.74041,-3.89401
-3.73509,-3.89891
-3.72976,-3.9038
-3.72442,-3.90869
-3.71908,-3.91356
-3.71372,-3.91843
-3.70837,-3.9233
-3.703,-3.92815
-3.69763,-3.933
-3.69225,-3.93784
-3.68686,-3.94267
-3.68147,-3.9475
-3.67607,-3.95232
-3.67066,-3.95713
-3.66525,-3.96193
-3.65983,-3.96673
-3.6544,-3.97152
-3.64897,-3.9763
-3.64352,-3.98107
-3.63808,-3.98584
-3.63262,-3.9906
-3.62716,-3.99535
-3.62169,-4.0001
-3.61621,-4.00483
-3.61073,-4.00956
-3.60524,-4.01428
-3.59974,-4.019
-3.59424,-4.02371
-3.58873,-4.02841
-3.58321,-4.0331
-3.57769,-4.03778
-3.57216,-4.04246
-3.56662,-4.04713
-3.56108,-4.05179
-3.55553,-4.05644
-3.54997,-4.06109
-3.54441,-4.06573
-3.53884,-4.07036
-3.53326,-4.07498
-3.52767,-4.0796
-3.52208,-4.0842
-3.51649,-4.08881
-3.51088,-4.0934
-3.50527,-4.09798
-3.49965,-4.10256
-3.49403,-4.10713
-3.4884,-4.11169
-3.48276,-4.11625
-3.47712,-4.12079
-3.47146,-4.12533
-3.46581,-4.12986
-3.46014,-4.13439
-3.45447,-4.1389
-3.4488,-4.14341
-3.44311,-4.14791
-3.43742,-4.1524
-3.43173,-4.15689
-3.42602,-4.16136
-3.42031,-4.16583
-3.4146,-4.17029
-3.40887,-4.17474
-3.40314,-4.17919
-3.39741,-4.18363
-3.39167,-4.18806
-3.38592,-4.19248
-3.38016,-4.19689
-3.3744,-4.2013
-3.36863,-4.2057
-3.36286,-4.21009
-3.35708,-4.21447
-3.35129,-4.21884
-3.3455,-4.22321
-3.3397,-4.22757
-3.33389,-4.23192
-3.32808,-4.23626
-3.32226,-4.24059
-3.31644,-4.24492
-3.3106,-4.24924
-3.30477,-4.25355
-3.29892,-4.25785
-3.29307,-4.26215
-3.28722,-4.26643
-3.28135,-4.27071
-3.27548,-4.27498
-3.26961,-4.27924
-3.26373,-4.2835
-3.25784,-4.28774
-3.25195,-4.29198
-3.24604,-4.29621
-3.24014,-4.30043
-3.23423,-4.30465
-3.22831,-4.30885
-3.22238,-4.31305
-3.21645,-4.31724
-3.21051,-4.32142
-3.20457,-4.32559
-3.19862,-4.32976
-3.19266,-4.33391
-3.1867,-4.33806
-3.18074,-4.3422
-3.17476,-4.34633
-3.16878,-4.35046
-3.1628,-4.35457
-3.1568,-4.35868
-3.1508,-4.36278
-3.1448,-4.36687
-3.13879,-4.37095
-3.13277,-4.37503
-3.12675,-4.37909
-3.12072,-4.38315
-3.11469,-4.3872
-3.10865,-4.39124
-3.1026,-4.39527
-3.09655,-4.3993
-3.09049,-4.40331
-3.08443,-4.40732
-3.07836,-4.41132
-3.07228,-4.41531
-3.0662,-4.41929
-3.06012,-4.42327
-3.05402,-4.42723
-3.04792,-4.43119
-3.04182,-4.43514
-3.03571,-4.43908
-3.02959,-4.44301
-3.02347,-4.44694
-3.01734,-4.45085
-3.01121,-4.45476
-3.00507,-4.45866
-2.99892,-4.46255
-2.99277,-4.46643
-2.98661,-4.4703
-2.98045,-4.47417
-2.97428,-4.47803
-2.96811,-4.48187
-2.96193,-4.48571
-2.95574,-4.48954
-2.94955,-4.49337
-2.94335,-4.49718
-2.93715,-4.50098
-2.93094,-4.50478
-2.92473,-4.50857
-2.91851,-4.51235
-2.91228,-4.51612
-2.90605,-4.51988
-2.89982,-4.52364
-2.89357,-4.52738
-2.88733,-4.53112
-2.88107,-4.53485
-2.87482,-4.53856
-2.86855,-4.54228
-2.86228,-4.54598
-2.85601,-4.54967
-2.84973,-4.55336
-2.84344,-4.55703
-2.83715,-4.5607
-2.83085,-4.56436
-2.82455,-4.56801
-2.81824,-4.57165
-2.81193,-4.57528
-2.80561,-4.5789
-2.79928,-4.58252
-2.79295,-4.58613
-2.78662,-4.58972
-2.78028,-4.59331
-2.77393,-4.59689
-2.76758,-4.60046
-2.76122,-4.60403
-2.75486,-4.60758
-2.74849,-4.61113
-2.74212,-4.61466
-2.73574,-4.61819
-2.72936,-4.62171
-2.72297,-4.62522
-2.71658,-4.62872
-2.71018,-4.63221
-2.70378,-4.63569
-2.69737,-4.63917
-2.69095,-4.64263
-2.68453,-4.64609
-2.67811,-4.64954
-2.67168,-4.65298
-2.66524,-4.65641
-2.6588,-4.65983
-2.65236,-4.66324
-2.64591,-4.66664
-2.63945,-4.67004
-2.63299,-4.67342
-2.62652,-4.6768
-2.62005,-4.68017
-2.61357,-4.68353
-2.60709,-4.68688
-2.60061,-4.69022
-2.59412,-4.69355
-2.58762,-4.69687
-2.58112,-4.70018
-2.57461,-4.70349
-2.5681,-4.70678
-2.56158,-4.71007
-2.55506,-4.71335
-2.54853,-4.71662
-2.542,-4.71988
-2.53547,-4.72313
-2.52893,-4.72637
-2.52238,-4.7296
-2.51583,-4.73282
-2.50927,-4.73604
-2.50271,-4.73924
-2.49615,-4.74244
-2.48958,-4.74563
-2.483,-4.7488
-2.47642,-4.75197
-2.46983,-4.75513
-2.46324,-4.75828
-2.45665,-4.76142
-2.45005,-4.76456
-2.44345,-4.76768
-2.43684,-4.77079
-2.43022,-4.7739
-2.4236,-4.77699
-2.41698,-4.78008
-2.41035,-4.78316
-2.40372,-4.78622
-2.39708,-4.78928
-2.39044,-4.79233
-2.38379,-4.79537
-2.37714,-4.7984
-2.37049,-4.80143
-2.36383,-4.80444
-2.35716,-4.80744
-2.35049,-4.81044
-2.34382,-4.81342
-2.33714,-4.8164
-2.33046,-4.81936
-2.32377,-4.82232
-2.31707,-4.82527
-2.31038,-4.82821
-2.30368,-4.83113
-2.29697,-4.83405
-2.29026,-4.83696
-2.28354,-4.83987
-2.27682,-4.84276
-2.2701,-4.84564
-2.26337,-4.84851
-2.25664,-4.85138
-2.2499,-4.85423
-2.24316,-4.85708
-2.23641,-4.85991
-2.22966,-4.86274
-2.22291,-4.86555
-2.21615,-4.86836
-2.20938,-4.87116
-2.20262,-4.87395
-2.19584,-4.87673
-2.18907,-4.8795
-2.18229,-4.88226
-2.1755,-4.88501
-2.16871,-4.88775
-2.16192,-4.89048
-2.15512,-4.8932
-2.14832,-4.89592
-2.14151,-4.89862
-2.1347,-4.90131
-2.12789,-4.904
-2.12107,-4.90667
-2.11424,-4.90934
-2.10742,-4.912
-2.10059,-4.91464
-2.09375,-4.91728
-2.08691,-4.91991
-2.08007,-4.92252
-2.07322,-4.92513
-2.06637,-4.92773
