0,0
-2.45572e-07,-4.25884e-07
-9.8019e-07,-1.70166e-06
-2.20377e-06,-3.82985e-06
-3.91485e-06,-6.81058e-06
-6.11234e-06,-1.06446e-05
-8.79512e-06,-1.53326e-05
-1.19621e-05,-2.08754e-05
-1.56148e-05,-2.72784e-05
-1.97472e-05,-3.45334e-05
-2.43603e-05,-4.26454e-05
-2.94532e-05,-5.1615e-05
-3.50248e-05,-6.14431e-05
-4.10738e-05,-7.21302e-05
-4.75992e-05,-8.36772e-05
-5.45999e-05,-9.60848e-05
-6.20748e-05,-0.000109354
-7.00227e-05,-0.000123484
-7.84425e-05,-0.000138478
-8.73331e-05,-0.000154335
-9.66934e-05,-0.000171056
-0.000106522,-0.000188643
-0.000116819,-0.000207094
-0.000127581,-0.000226412
-0.000138809,-0.000246597
-0.000150501,-0.00026765
-0.000162656,-0.000289572
-0.000175263,-0.000312346
-0.00018834,-0.000336006
-0.000201877,-0.000360537
-0.000215872,-0.000385938
-0.000230324,-0.000412212
-0.000245233,-0.000439359
-0.000260597,-0.000467379
-0.000276414,-0.000496273
-0.000292684,-0.000526043
-0.000309406,-0.000556687
-0.000326579,-0.000588208
-0.000344201,-0.000620606
-0.000362271,-0.000653882
-0.000380788,-0.000688036
-0.000399752,-0.00072307
-0.00041916,-0.000758983
-0.000439011,-0.000795776
-0.000459306,-0.000833451
-0.000480042,-0.000872008
-0.000501218,-0.000911447
-0.000522833,-0.00095177
-0.000544886,-0.000992977
-0.000567377,-0.00103507
-0.000590302,-0.00107804
-0.000613663,-0.00112191
-0.000637457,-0.00116666
-0.000661683,-0.00121229
-0.00068634,-0.00125882
-0.000711428,-0.00130623
-0.000736944,-0.00135454
-0.000762888,-0.00140373
-0.000789258,-0.00145382
-0.000816054,-0.00150479
-0.000843274,-0.00155666
-0.000870917,-0.00160942
-0.000898982,-0.00166308
-0.000927468,-0.00171763
-0.000956373,-0.00177308
-0.000985697,-0.00182942
-0.00101544,-0.00188665
-0.0010456,-0.00194479
-0.00107617,-0.00200382
-0.00110715,-0.00206375
-0.00113855,-0.00212458
-0.00117036,-0.00218631
-0.00120258,-0.00224894
-0.00123521,-0.00231247
-0.00126825,-0.00237691
-0.0013017,-0.00244224
-0.00133555,-0.00250848
-0.0013698,-0.00257563
-0.00140446,-0.00264367
-0.00143952,-0.00271263
-0.00147498,-0.00278249
-0.00151084,-0.00285325
-0.0015471,-0.00292492
-0.00158376,-0.0029975
-0.00162081,-0.00307099
-0.00165826,-0.00314539
-0.0016961,-0.0032207
-0.00173434,-0.00329692
-0.00177296,-0.00337405
-0.00181198,-0.00345209
-0.00185139,-0.00353105
-0.00189118,-0.00361092
-0.00193136,-0.0036917
-0.00197193,-0.0037734
-0.00201288,-0.00385601
-0.00205422,-0.00393954
-0.00209593,-0.00402398
-0.00213803,-0.00410935
-0.00218051,-0.00419563
-0.00222337,-0.00428283
-0.0022666,-0.00437094
-0.00231021,-0.00445998
-0.00235419,-0.00454994
-0.00239855,-0.00464082
-0.00244328,-0.00473262
-0.00248838,-0.00482535
-0.00253386,-0.004919
-0.0025797,-0.00501357
-0.00262591,-0.00510906
-0.00267248,-0.00520548
-0.00271942,-0.00530283
-0.00276673,-0.00540111
-0.00281439,-0.00550031
-0.00286242,-0.00560043
-0.00291081,-0.00570149
-0.00295956,-0.00580348
-0.00300867,-0.00590639
-0.00305814,-0.00601024
-0.00310796,-0.00611502
-0.00315813,-0.00622072
-0.00320866,-0.00632737
-0.00325954,-0.00643494
-0.00331077,-0.00654345
-0.00336235,-0.00665289
-0.00341428,-0.00676326
-0.00346655,-0.00687458
-0.00351917,-0.00698682
-0.00357214,-0.00710001
-0.00362545,-0.00721413
-0.0036791,-0.00732919
-0.00373309,-0.00744519
-0.00378743,-0.00756213
-0.0038421,-0.00768001
-0.00389711,-0.00779883
-0.00395245,-0.00791859
-0.00400813,-0.00803929
-0.00406414,-0.00816093
-0.00412049,-0.00828352
-0.00417716,-0.00840705
-0.00423417,-0.00853153
-0.0042915,-0.00865695
-0.00434917,-0.00878331
-0.00440716,-0.00891062
-0.00446547,-0.00903888
-0.00452411,-0.00916809
-0.00458307,-0.00929824
-0.00464235,-0.00942935
-0.00470195,-0.0095614
-0.00476187,-0.0096944
-0.0048221,-0.00982836
-0.00488265,-0.00996326
-0.00494352,-0.0100991
-0.0050047,-0.0102359
-0.0050662,-0.0103737
-0.005128,-0.0105124
-0.00519012,-0.0106521
-0.00525254,-0.0107927
-0.00531527,-0.0109343
-0.00537831,-0.0110768
-0.00544165,-0.0112203
-0.00550529,-0.0113648
-0.00556924,-0.0115102
-0.00563349,-0.0116565
-0.00569804,-0.0118039
-0.00576288,-0.0119521
-0.00582803,-0.0121014
-0.00589347,-0.0122516
-0.0059592,-0.0124028
-0.00602523,-0.0125549
-0.00609155,-0.012708
-0.00615816,-0.012862
-0.00622506,-0.0130171
-0.00629224,-0.013173
-0.00635972,-0.01333
-0.00642748,-0.0134879
-0.00649552,-0.0136468
-0.00656385,-0.0138066
-0.00663246,-0.0139675
-0.00670135,-0.0141292
-0.00677052,-0.014292
-0.00683997,-0.0144557
-0.00690969,-0.0146204
-0.00697969,-0.0147861
-0.00704996,-0.0149527
-0.00712051,-0.0151203
-0.00719132,-0.0152889
-0.00726241,-0.0154584
-0.00733377,-0.015629
-0.00740539,-0.0158005
-0.00747728,-0.0159729
-0.00754943,-0.0161464
-0.00762185,-0.0163208
-0.00769453,-0.0164962
-0.00776747,-0.0166726
-0.00784067,-0.0168499
-0.00791413,-0.0170283
-0.00798784,-0.0172076
-0.00806181,-0.0173879
-0.00813604,-0.0175691
-0.00821052,-0.0177514
-0.00828525,-0.0179346
-0.00836028,-0.0181189
-0.00843551,-0.0183041
-0.00851099,-0.0184903
-0.00858671,-0.0186775
-0.00866268,-0.0188656
-0.00873889,-0.0190547
-0.00881534,-0.0192448
-0.00889204,-0.0194359
-0.00896897,-0.019628
-0.00904615,-0.0198211
-0.00912356,-0.0200151
-0.0092012,-0.0202102
-0.00927908,-0.0204062
-0.00935719,-0.0206032
-0.00943554,-0.0208012
-0.00951411,-0.0210002
-0.00959292,-0.0212002
-0.00967195,-0.0214012
-0.00975121,-0.0216032
-0.00983069,-0.0218061
-0.00991039,-0.0220101
-0.00999032,-0.022215
-0.0100705,-0.022421
-0.0101508,-0.0226279
-0.0102314,-0.0228358
-0.0103122,-0.0230447
-0.0103932,-0.0232546
-0.0104745,-0.0234656
-0.0105559,-0.0236775
-0.0106376,-0.0238904
-0.0107194,-0.0241043
-0.0108015,-0.0243192
-0.0108838,-0.0245351
-0.0109663,-0.024752
-0.011049,-0.0249699
-0.0111319,-0.0251888
-0.011215,-0.0254087
-0.0112983,-0.0256296
-0.0113818,-0.0258515
-0.0114654,-0.0260744
-0.0115493,-0.0262983
-0.0116334,-0.0265232
-0.0117177,-0.0267491
-0.0118022,-0.026976
-0.0118868,-0.027204
-0.0119717,-0.0274329
-0.0120567,-0.0276628
-0.0121419,-0.0278938
-0.0122273,-0.0281257
-0.0123129,-0.0283587
-0.0123987,-0.0285926
-0.0124847,-0.0288276
-0.0125708,-0.0290636
-0.0126571,-0.0293006
-0.0127436,-0.0295385
-0.0128302,-0.0297776
-0.0129171,-0.0300176
-0.0130041,-0.0302586
-0.0130913,-0.0305006
-0.0131786,-0.0307437
-0.0132661,-0.0309878
-0.0133538,-0.0312328
-0.0134417,-0.0314789
-0.0135297,-0.031726
-0.0136179,-0.0319741
-0.0137062,-0.0322233
-0.0137947,-0.0324734
-0.0138833,-0.0327246
-0.0139722,-0.0329768
-0.0140611,-0.03323
-0.0141502,-0.0334842
-0.0142395,-0.0337394
-0.0143289,-0.0339957
-0.0144185,-0.0342529
-0.0145082,-0.0345112
-0.0145981,-0.0347705
-0.0146881,-0.0350309
-0.0147783,-0.0352922
-0.0148686,-0.0355546
-0.014959,-0.035818
-0.0150496,-0.0360824
-0.0151403,-0.0363478
-0.0152312,-0.0366143
-0.0153222,-0.0368817
-0.0154133,-0.0371502
-0.0155046,-0.0374198
-0.015596,-0.0376903
-0.0156875,-0.0379619
-0.0157791,-0.0382345
-0.0158709,-0.0385081
-0.0159628,-0.0387828
-0.0160548,-0.0390584
-0.016147,-0.0393351
-0.0162392,-0.0396129
-0.0163316,-0.0398916
-0.0164241,-0.0401714
-0.0165167,-0.0404522
-0.0166095,-0.0407341
-0.0167023,-0.041017
-0.0167953,-0.0413009
-0.0168884,-0.0415858
-0.0169815,-0.0418718
-0.0170748,-0.0421588
-0.0171682,-0.0424468
-0.0172617,-0.0427358
-0.0173553,-0.0430259
-0.017449,-0.0433171
-0.0175428,-0.0436092
-0.0176368,-0.0439024
-0.0177308,-0.0441966
-0.0178249,-0.0444919
-0.017919,-0.0447882
-0.0180133,-0.0450855
-0.0181077,-0.0453839
-0.0182022,-0.0456833
-0.0182967,-0.0459837
-0.0183914,-0.0462852
-0.0184861,-0.0465877
-0.0185809,-0.0468912
-0.0186758,-0.0471958
-0.0187708,-0.0475014
-0.0188659,-0.0478081
-0.018961,-0.0481158
-0.0190562,-0.0484245
-0.0191515,-0.0487343
-0.0192469,-0.0490451
-0.0193423,-0.049357
-0.0194378,-0.0496699
-0.0195334,-0.0499838
-0.019629,-0.0502988
-0.0197247,-0.0506148
-0.0198205,-0.0509319
-0.0199163,-0.05125
-0.0200122,-0.0515691
-0.0201082,-0.0518893
-0.0202042,-0.0522105
-0.0203003,-0.0525328
-0.0203964,-0.0528561
-0.0204926,-0.0531805
-0.0205889,-0.0535059
-0.0206851,-0.0538324
-0.0207815,-0.0541599
-0.0208779,-0.0544884
-0.0209743,-0.054818
-0.0210708,-0.0551487
-0.0211673,-0.0554804
-0.0212639,-0.0558131
-0.0213605,-0.0561469
-0.0214572,-0.0564817
-0.0215538,-0.0568176
-0.0216506,-0.0571545
-0.0217473,-0.0574925
-0.0218441,-0.0578315
-0.0219409,-0.0581716
-0.0220378,-0.0585127
-0.0221347,-0.0588549
-0.0222316,-0.0591981
-0.0223285,-0.0595424
-0.0224255,-0.0598877
-0.0225225,-0.0602341
-0.0226195,-0.0605815
-0.0227165,-0.06093
-0.0228135,-0.0612795
-0.0229106,-0.0616301
-0.0230076,-0.0619818
-0.0231047,-0.0623345
-0.0232018,-0.0626882
-0.0232989,-0.063043
-0.0233961,-0.0633989
-0.0234932,-0.0637558
-0.0235903,-0.0641137
-0.0236874,-0.0644728
-0.0237846,-0.0648328
-0.0238817,-0.065194
-0.0239789,-0.0655562
-0.024076,-0.0659194
-0.0241731,-0.0662837
-0.0242703,-0.0666491
-0.0243674,-0.0670155
-0.0244645,-0.0673829
-0.0245616,-0.0677515
-0.0246587,-0.0681211
-0.0247558,-0.0684917
-0.0248528,-0.0688634
-0.0249499,-0.0692362
-0.0250469,-0.06961
-0.0251439,-0.0699849
-0.0252409,-0.0703608
-0.0253379,-0.0707378
-0.0254349,-0.0711158
-0.0255318,-0.071495
-0.0256287,-0.0718751
-0.0257255,-0.0722564
-0.0258224,-0.0726387
-0.0259192,-0.073022
-0.026016,-0.0734065
-0.0261127,-0.073792
-0.0262094,-0.0741785
-0.0263061,-0.0745661
-0.0264027,-0.0749548
-0.0264993,-0.0753445
-0.0265958,-0.0757353
-0.0266923,-0.0761272
-0.0267888,-0.0765201
-0.0268852,-0.0769141
-0.0269816,-0.0773091
-0.0270779,-0.0777053
-0.0271741,-0.0781024
-0.0272703,-0.0785007
-0.0273665,-0.0789
-0.0274626,-0.0793004
-0.0275586,-0.0797018
-0.0276546,-0.0801043
-0.0277505,-0.0805079
-0.0278464,-0.0809125
-0.0279421,-0.0813182
-0.0280379,-0.081725
-0.0281335,-0.0821328
-0.0282291,-0.0825417
-0.0283246,-0.0829517
-0.0284201,-0.0833628
-0.0285154,-0.0837749
-0.0286107,-0.084188
-0.0287059,-0.0846023
-0.0288011,-0.0850176
-0.0288961,-0.085434
-0.0289911,-0.0858514
-0.029086,-0.0862699
-0.0291808,-0.0866895
-0.0292755,-0.0871102
-0.0293702,-0.0875319
-0.0294647,-0.0879547
-0.0295592,-0.0883785
-0.0296535,-0.0888035
-0.0297478,-0.0892295
-0.029842,-0.0896566
-0.029936,-0.0900847
-0.03003,-0.0905139
-0.0301239,-0.0909442
-0.0302176,-0.0913756
-0.0303113,-0.091808
-0.0304048,-0.0922415
-0.0304983,-0.0926761
-0.0305916,-0.0931117
-0.0306849,-0.0935484
-0.030778,-0.0939862
-0.030871,-0.0944251
-0.0309639,-0.094865
-0.0310566,-0.095306
-0.0311493,-0.0957481
-0.0312418,-0.0961912
-0.0313342,-0.0966354
-0.0314265,-0.0970807
-0.0315187,-0.0975271
-0.0316107,-0.0979745
-0.0317026,-0.0984231
-0.0317944,-0.0988726
-0.031886,-0.0993233
-0.0319775,-0.099775
-0.0320689,-0.100228
-0.0321601,-0.100682
-0.0322512,-0.101137
-0.0323422,-0.101593
-0.032433,-0.10205
-0.0325237,-0.102508
-0.0326142,-0.102967
-0.0327046,-0.103428
-0.0327948,-0.103889
-0.0328849,-0.104352
-0.0329748,-0.104815
-0.0330646,-0.10528
-0.0331542,-0.105745
-0.0332437,-0.106212
-0.033333,-0.10668
-0.0334221,-0.107149
-0.0335111,-0.107619
-0.0335999,-0.10809
-0.0336886,-0.108562
-0.0337771,-0.109036
-0.0338654,-0.10951
-0.0339535,-0.109985
-0.0340415,-0.110462
-0.0341293,-0.110939
-0.034217,-0.111418
-0.0343044,-0.111898
-0.0343917,-0.112378
-0.0344788,-0.11286
-0.0345657,-0.113343
-0.0346524,-0.113827
-0.034739,-0.114312
-0.0348253,-0.114799
-0.0349115,-0.115286
-0.0349975,-0.115774
-0.0350833,-0.116264
-0.0351689,-0.116754
-0.0352543,-0.117246
-0.0353395,-0.117738
-0.0354245,-0.118232
-0.0355093,-0.118727
-0.0355938,-0.119222
-0.0356782,-0.119719
-0.0357624,-0.120217
-0.0358464,-0.120716
-0.0359302,-0.121217
-0.0360138,-0.121718
-0.0360971,-0.12222
-0.0361803,-0.122724
-0.0362632,-0.123228
-0.0363459,-0.123734
-0.0364284,-0.12424
-0.0365107,-0.124748
-0.0365927,-0.125257
-0.0366745,-0.125767
-0.0367561,-0.126278
-0.0368375,-0.12679
-0.0369187,-0.127303
-0.0369996,-0.127817
-0.0370802,-0.128333
-0.0371607,-0.128849
-0.0372409,-0.129367
-0.0373209,-0.129885
-0.0374006,-0.130405
-0.0374801,-0.130925
-0.0375593,-0.131447
-0.0376383,-0.13197
-0.0377171,-0.132494
-0.0377956,-0.133019
-0.0378738,-0.133545
-0.0379519,-0.134072
-0.0380296,-0.134601
-0.0381071,-0.13513
-0.0381843,-0.13566
-0.0382613,-0.136192
-0.038338,-0.136724
-0.0384145,-0.137258
-0.0384907,-0.137793
-0.0385666,-0.138329
-0.0386423,-0.138865
-0.0387177,-0.139403
-0.0387928,-0.139943
-0.0388676,-0.140483
-0.0389422,-0.141024
-0.0390165,-0.141566
-0.0390905,-0.14211
-0.0391643,-0.142654
-0.0392377,-0.1432
-0.0393109,-0.143746
-0.0393838,-0.144294
-0.0394564,-0.144843
-0.0395287,-0.145392
-0.0396007,-0.145943
-0.0396725,-0.146495
-0.0397439,-0.147048
-0.039815,-0.147603
-0.0398859,-0.148158
-0.0399564,-0.148714
-0.0400267,-0.149272
-0.0400966,-0.14983
-0.0401663,-0.15039
-0.0402356,-0.15095
-0.0403046,-0.151512
-0.0403733,-0.152075
-0.0404417,-0.152639
-0.0405098,-0.153204
-0.0405776,-0.15377
-0.040645,-0.154337
-0.0407122,-0.154905
-0.040779,-0.155474
-0.0408455,-0.156045
-0.0409117,-0.156616
-0.0409775,-0.157189
-0.041043,-0.157762
-0.0411082,-0.158337
-0.0411731,-0.158912
-0.0412376,-0.159489
-0.0413018,-0.160067
-0.0413656,-0.160646
-0.0414291,-0.161226
-0.0414923,-0.161807
-0.0415551,-0.16239
-0.0416176,-0.162973
-0.0416797,-0.163557
-0.0417415,-0.164143
-0.041803,-0.164729
-0.041864,-0.165317
-0.0419248,-0.165905
-0.0419852,-0.166495
-0.0420452,-0.167086
-0.0421048,-0.167678
-0.0421641,-0.168271
-0.0422231,-0.168865
-0.0422817,-0.16946
-0.0423399,-0.170056
-0.0423977,-0.170653
-0.0424552,-0.171252
-0.0425123,-0.171851
-0.042569,-0.172451
-0.0426254,-0.173053
-0.0426813,-0.173656
-0.0427369,-0.174259
-0.0427921,-0.174864
-0.042847,-0.17547
-0.0429014,-0.176077
-0.0429555,-0.176685
-0.0430092,-0.177294
-0.0430624,-0.177904
-0.0431153,-0.178515
-0.0431678,-0.179128
-0.0432199,-0.179741
-0.0432716,-0.180355
-0.0433229,-0.180971
-0.0433738,-0.181587
-0.0434243,-0.182205
-0.0434744,-0.182824
-0.0435241,-0.183444
-0.0435734,-0.184064
-0.0436223,-0.184686
-0.0436707,-0.185309
-0.0437188,-0.185933
-0.0437664,-0.186559
-0.0438136,-0.187185
-0.0438604,-0.187812
-0.0439068,-0.18844
-0.0439527,-0.18907
-0.0439982,-0.1897
-0.0440433,-0.190332
-0.044088,-0.190964
-0.0441322,-0.191598
-0.044176,-0.192233
-0.0442193,-0.192869
-0.0442623,-0.193506
-0.0443048,-0.194144
-0.0443468,-0.194783
-0.0443884,-0.195423
-0.0444296,-0.196064
-0.0444703,-0.196706
-0.0445105,-0.197349
-0.0445504,-0.197994
-0.0445897,-0.198639
-0.0446286,-0.199285
-0.0446671,-0.199933
-0.0447051,-0.200582
-0.0447426,-0.201231
-0.0447797,-0.201882
-0.0448163,-0.202534
-0.0448524,-0.203187
-0.0448881,-0.203841
-0.0449233,-0.204496
-0.0449581,-0.205152
-0.0449923,-0.205809
-0.0450261,-0.206467
-0.0450595,-0.207126
-0.0450923,-0.207786
-0.0451246,-0.208448
-0.0451565,-0.20911
-0.0451879,-0.209773
-0.0452188,-0.210438
-0.0452492,-0.211104
-0.0452792,-0.21177
-0.0453086,-0.212438
-0.0453375,-0.213107
-0.045366,-0.213776
-0.0453939,-0.214447
-0.0454214,-0.215119
-0.0454483,-0.215792
-0.0454748,-0.216466
-0.0455007,-0.217141
-0.0455261,-0.217817
-0.0455511,-0.218494
-0.0455755,-0.219173
-0.0455994,-0.219852
-0.0456228,-0.220532
-0.0456456,-0.221214
-0.045668,-0.221896
-0.0456898,-0.22258
-0.0457111,-0.223264
-0.0457319,-0.22395
-0.0457521,-0.224636
-0.0457719,-0.225324
-0.0457911,-0.226013
-0.0458097,-0.226703
-0.0458279,-0.227393
-0.0458454,-0.228085
-0.0458625,-0.228778
-0.045879,-0.229472
-0.045895,-0.230167
-0.0459104,-0.230863
-0.0459253,-0.23156
-0.0459396,-0.232259
-0.0459534,-0.232958
-0.0459667,-0.233658
-0.0459794,-0.234359
-0.0459915,-0.235062
-0.0460031,-0.235765
-0.0460141,-0.236469
-0.0460245,-0.237175
-0.0460344,-0.237881
-0.0460437,-0.238589
-0.0460525,-0.239298
-0.0460607,-0.240007
-0.0460683,-0.240718
-0.0460753,-0.241429
-0.0460818,-0.242142
-0.0460877,-0.242856
-0.046093,-0.243571
-0.0460977,-0.244287
-0.0461019,-0.245004
-0.0461054,-0.245721
-0.0461084,-0.24644
-0.0461108,-0.24716
-0.0461126,-0.247881
-0.0461138,-0.248603
-0.0461144,-0.249327
-0.0461144,-0.250051
-0.0461139,-0.250776
-0.0461127,-0.251502
-0.0461109,-0.252229
-0.0461085,-0.252957
-0.0461055,-0.253687
-0.0461019,-0.254417
-0.0460977,-0.255148
-0.0460929,-0.255881
-0.0460874,-0.256614
-0.0460814,-0.257348
-0.0460747,-0.258084
-0.0460674,-0.25882
-0.0460595,-0.259558
-0.046051,-0.260296
-0.0460418,-0.261036
-0.046032,-0.261776
-0.0460216,-0.262518
-0.0460106,-0.26326
-0.0459989,-0.264004
-0.0459866,-0.264749
-0.0459736,-0.265494
-0.04596,-0.266241
-0.0459458,-0.266989
-0.0459309,-0.267737
-0.0459154,-0.268487
-0.0458992,-0.269238
-0.0458824,-0.269989
-0.0458649,-0.270742
-0.0458468,-0.271496
-0.045828,-0.272251
-0.0458086,-0.273007
-0.0457885,-0.273763
-0.0457677,-0.274521
-0.0457463,-0.27528
-0.0457242,-0.27604
-0.0457015,-0.276801
-0.0456781,-0.277563
-0.045654,-0.278325
-0.0456292,-0.279089
-0.0456038,-0.279854
-0.0455777,-0.28062
-0.0455509,-0.281387
-0.0455234,-0.282155
-0.0454953,-0.282924
-0.0454665,-0.283694
-0.0454369,-0.284465
-0.0454067,-0.285236
-0.0453758,-0.286009
-0.0453442,-0.286783
-0.0453119,-0.287558
-0.045279,-0.288334
-0.0452453,-0.289111
-0.0452109,-0.289889
-0.0451758,-0.290668
-0.04514,-0.291448
-0.0451035,-0.292228
-0.0450663,-0.29301
-0.0450284,-0.293793
-0.0449898,-0.294577
-0.0449505,-0.295362
-0.0449104,-0.296148
-0.0448696,-0.296935
-0.0448281,-0.297722
-0.0447859,-0.298511
-0.044743,-0.299301
-0.0446993,-0.300092
-0.0446549,-0.300883
-0.0446098,-0.301676
-0.044564,-0.30247
-0.0445174,-0.303265
-0.0444701,-0.30406
-0.044422,-0.304857
-0.0443732,-0.305655
-0.0443237,-0.306453
-0.0442734,-0.307253
-0.0442224,-0.308053
-0.0441706,-0.308855
-0.0441181,-0.309658
-0.0440648,-0.310461
-0.0440108,-0.311266
-0.043956,-0.312071
-0.0439005,-0.312877
-0.0438442,-0.313685
-0.0437871,-0.314493
-0.0437293,-0.315303
-0.0436707,-0.316113
-0.0436113,-0.316924
-0.0435512,-0.317736
-0.0434903,-0.31855
-0.0434286,-0.319364
-0.0433662,-0.320179
-0.043303,-0.320995
-0.043239,-0.321812
-0.0431742,-0.32263
-0.0431086,-0.323449
-0.0430423,-0.324269
-0.0429751,-0.32509
-0.0429072,-0.325912
-0.0428385,-0.326735
-0.042769,-0.327559
-0.0426987,-0.328383
-0.0426276,-0.329209
-0.0425557,-0.330036
-0.042483,-0.330863
-0.0424095,-0.331692
-0.0423352,-0.332521
-0.0422601,-0.333352
-0.0421841,-0.334183
-0.0421074,-0.335016
-0.0420299,-0.335849
-0.0419515,-0.336683
-0.0418723,-0.337518
-0.0417923,-0.338355
-0.0417115,-0.339192
-0.0416299,-0.34003
-0.0415474,-0.340869
-0.0414641,-0.341709
-0.04138,-0.342549
-0.0412951,-0.343391
-0.0412093,-0.344234
-0.0411227,-0.345078
-0.0410352,-0.345922
-0.0409469,-0.346768
-0.0408578,-0.347614
-0.0407678,-0.348461
-0.040677,-0.34931
-0.0405853,-0.350159
-0.0404928,-0.351009
-0.0403995,-0.35186
-0.0403053,-0.352712
-0.0402102,-0.353565
-0.0401143,-0.354419
-0.0400175,-0.355274
-0.0399198,-0.35613
-0.0398213,-0.356986
-0.039722,-0.357844
-0.0396217,-0.358702
-0.0395206,-0.359562
-0.0394187,-0.360422
-0.0393158,-0.361283
-0.0392121,-0.362145
-0.0391075,-0.363008
-0.0390021,-0.363872
-0.0388957,-0.364737
-0.0387885,-0.365603
-0.0386804,-0.36647
-0.0385714,-0.367337
-0.0384615,-0.368206
-0.0383507,-0.369075
-0.038239,-0.369946
-0.0381265,-0.370817
-0.038013,-0.371689
-0.0378987,-0.372562
-0.0377834,-0.373436
-0.0376673,-0.374311
-0.0375502,-0.375186
-0.0374322,-0.376063
-0.0373134,-0.37694
-0.0371936,-0.377819
-0.0370729,-0.378698
-0.0369513,-0.379578
-0.0368288,-0.380459
-0.0367053,-0.381341
-0.036581,-0.382224
-0.0364557,-0.383108
-0.0363295,-0.383993
-0.0362023,-0.384878
-0.0360743,-0.385764
-0.0359453,-0.386652
-0.0358154,-0.38754
-0.0356846,-0.388429
-0.0355528,-0.389319
-0.0354201,-0.39021
-0.0352864,-0.391101
-0.0351518,-0.391994
-0.0350163,-0.392887
-0.0348798,-0.393781
-0.0347423,-0.394676
-0.034604,-0.395572
-0.0344646,-0.396469
-0.0343243,-0.397367
-0.0341831,-0.398266
-0.0340409,-0.399165
-0.0338977,-0.400065
-0.0337536,-0.400967
-0.0336086,-0.401869
-0.0334625,-0.402772
-0.0333155,-0.403675
-0.0331675,-0.40458
-0.0330186,-0.405485
-0.0328687,-0.406392
-0.0327178,-0.407299
-0.0325659,-0.408207
-0.0324131,-0.409116
-0.0322592,-0.410026
-0.0321044,-0.410936
-0.0319486,-0.411848
-0.0317919,-0.41276
-0.0316341,-0.413673
-0.0314753,-0.414587
-0.0313156,-0.415502
-0.0311548,-0.416417
-0.0309931,-0.417334
-0.0308304,-0.418251
-0.0306666,-0.419169
-0.0305019,-0.420088
-0.0303362,-0.421008
-0.0301694,-0.421928
-0.0300017,-0.42285
-0.0298329,-0.423772
-0.0296631,-0.424695
-0.0294923,-0.425619
-0.0293205,-0.426544
-0.0291477,-0.427469
-0.0289739,-0.428396
-0.028799,-0.429323
-0.0286231,-0.430251
-0.0284462,-0.43118
-0.0282683,-0.432109
-0.0280893,-0.43304
-0.0279094,-0.433971
-0.0277283,-0.434903
-0.0275463,-0.435836
-0.0273632,-0.43677
-0.027179,-0.437704
-0.0269939,-0.438639
-0.0268077,-0.439575
-0.0266204,-0.440512
-0.0264321,-0.44145
-0.0262427,-0.442389
-0.0260523,-0.443328
-0.0258609,-0.444268
-0.0256684,-0.445209
-0.0254748,-0.44615
-0.0252802,-0.447093
-0.0250845,-0.448036
-0.0248877,-0.44898
-0.0246899,-0.449925
-0.0244911,-0.45087
-0.0242911,-0.451817
-0.0240901,-0.452764
-0.023888,-0.453712
-0.0236849,-0.45466
-0.0234807,-0.45561
-0.0232754,-0.45656
-0.023069,-0.457511
-0.0228615,-0.458463
-0.022653,-0.459415
-0.0224433,-0.460369
-0.0222326,-0.461323
-0.0220208,-0.462278
-0.0218079,-0.463233
-0.0215939,-0.46419
-0.0213788,-0.465147
-0.0211627,-0.466105
-0.0209454,-0.467063
-0.020727,-0.468023
-0.0205075,-0.468983
-0.020287,-0.469944
-0.0200653,-0.470905
-0.0198425,-0.471868
-0.0196186,-0.472831
-0.0193936,-0.473795
-0.0191675,-0.474759
-0.0189402,-0.475725
-0.0187119,-0.476691
-0.0184824,-0.477657
-0.0182518,-0.478625
-0.0180201,-0.479593
-0.0177872,-0.480562
-0.0175533,-0.481532
-0.0173182,-0.482502
-0.017082,-0.483474
-0.0168446,-0.484446
-0.0166061,-0.485418
-0.0163665,-0.486392
-0.0161257,-0.487366
-0.0158838,-0.48834
-0.0156408,-0.489316
-0.0153966,-0.490292
-0.0151513,-0.491269
-0.0149048,-0.492247
-0.0146572,-0.493225
-0.0144084,-0.494204
-0.0141585,-0.495184
-0.0139074,-0.496164
-0.0136552,-0.497146
-0.0134018,-0.498127
-0.0131473,-0.49911
-0.0128916,-0.500093
-0.0126347,-0.501077
-0.0123766,-0.502062
-0.0121174,-0.503047
-0.0118571,-0.504033
-0.0115955,-0.50502
-0.0113328,-0.506007
-0.0110689,-0.506995
-0.0108039,-0.507984
-0.0105376,-0.508973
-0.0102702,-0.509963
-0.0100016,-0.510954
-0.00973184,-0.511946
-0.00946087,-0.512938
-0.00918872,-0.513931
-0.00891538,-0.514924
-0.00864085,-0.515918
-0.00836513,-0.516913
-0.00808821,-0.517908
-0.0078101,-0.518904
-0.00753079,-0.519901
-0.00725028,-0.520898
-0.00696858,-0.521897
-0.00668567,-0.522895
-0.00640155,-0.523895
-0.00611623,-0.524895
-0.00582971,-0.525895
-0.00554197,-0.526896
-0.00525302,-0.527898
-0.00496286,-0.528901
-0.00467148,-0.529904
-0.00437889,-0.530908
-0.00408508,-0.531912
-0.00379005,-0.532917
-0.0034938,-0.533923
-0.00319632,-0.53493
-0.00289762,-0.535937
-0.0025977,-0.536944
-0.00229654,-0.537952
-0.00199415,-0.538961
-0.00169054,-0.539971
-0.00138568,-0.540981
-0.0010796,-0.541991
-0.00077227,-0.543003
-0.000463706,-0.544014
-0.000153901,-0.545027
0.000157146,-0.54604
0.000469437,-0.547054
0.000782973,-0.548068
0.00109776,-0.549083
0.00141379,-0.550098
0.00173108,-0.551114
0.00204961,-0.552131
0.0023694,-0.553148
0.00269045,-0.554166
0.00301275,-0.555185
0.00333632,-0.556204
0.00366114,-0.557223
0.00398723,-0.558243
0.00431458,-0.559264
0.0046432,-0.560285
0.00497308,-0.561307
0.00530424,-0.56233
0.00563666,-0.563353
0.00597036,-0.564376
0.00630533,-0.5654
0.00664158,-0.566425
0.0069791,-0.56745
0.0073179,-0.568476
0.00765799,-0.569503
0.00799935,-0.570529
0.00834201,-0.571557
0.00868594,-0.572585
0.00903116,-0.573613
0.00937768,-0.574643
0.00972548,-0.575672
0.0100746,-0.576702
0.010425,-0.577733
0.0107766,-0.578764
0.0111296,-0.579796
0.0114839,-0.580828
0.0118395,-0.581861
0.0121964,-0.582894
0.0125545,-0.583928
0.012914,-0.584963
0.0132748,-0.585998
0.0136369,-0.587033
0.0140003,-0.588069
0.014365,-0.589105
0.0147311,-0.590142
0.0150984,-0.59118
0.0154671,-0.592218
0.0158371,-0.593256
0.0162084,-0.594295
0.016581,-0.595335
0.0169549,-0.596374
0.0173302,-0.597415
0.0177068,-0.598456
0.0180847,-0.599497
0.0184639,-0.600539
0.0188445,-0.601581
0.0192264,-0.602624
0.0196096,-0.603668
0.0199942,-0.604711
0.0203801,-0.605756
0.0207673,-0.6068
0.0211559,-0.607846
0.0215458,-0.608891
0.0219371,-0.609937
0.0223297,-0.610984
0.0227236,-0.612031
0.0231189,-0.613078
0.0235156,-0.614126
0.0239135,-0.615175
0.0243129,-0.616224
0.0247136,-0.617273
0.0251156,-0.618323
0.025519,-0.619373
0.0259237,-0.620423
0.0263298,-0.621474
0.0267373,-0.622526
0.0271461,-0.623578
0.0275563,-0.62463
0.0279678,-0.625683
0.0283808,-0.626736
0.028795,-0.62779
0.0292107,-0.628844
0.0296277,-0.629898
0.0300461,-0.630953
0.0304658,-0.632008
0.0308869,-0.633064
0.0313094,-0.63412
0.0317333,-0.635176
0.0321585,-0.636233
0.0325852,-0.63729
0.0330132,-0.638348
0.0334425,-0.639406
0.0338733,-0.640464
0.0343055,-0.641523
0.034739,-0.642582
0.0351739,-0.643642
0.0356102,-0.644702
0.0360479,-0.645762
0.036487,-0.646823
0.0369275,-0.647884
0.0373693,-0.648945
0.0378126,-0.650007
0.0382572,-0.651069
0.0387033,-0.652132
0.0391507,-0.653195
0.0395996,-0.654258
0.0400498,-0.655321
0.0405015,-0.656385
0.0409545,-0.65745
0.041409,-0.658514
0.0418648,-0.659579
0.0423221,-0.660644
0.0427808,-0.66171
0.0432408,-0.662776
0.0437023,-0.663842
0.0441652,-0.664909
0.0446295,-0.665976
0.0450952,-0.667043
0.0455624,-0.668111
0.0460309,-0.669179
0.0465009,-0.670247
0.0469723,-0.671315
0.0474451,-0.672384
0.0479193,-0.673453
0.048395,-0.674523
0.0488721,-0.675593
0.0493506,-0.676663
0.0498305,-0.677733
0.0503118,-0.678804
0.0507946,-0.679874
0.0512788,-0.680946
0.0517644,-0.682017
0.0522515,-0.683089
0.05274,-0.684161
0.0532299,-0.685233
0.0537213,-0.686306
0.0542141,-0.687379
0.0547083,-0.688452
0.055204,-0.689525
0.0557011,-0.690599
0.0561996,-0.691673
0.0566996,-0.692747
0.0572011,-0.693821
0.0577039,-0.694896
0.0582082,-0.695971
0.058714,-0.697046
0.0592212,-0.698122
0.0597299,-0.699197
0.06024,-0.700273
0.0607515,-0.701349
0.0612645,-0.702426
0.061779,-0.703502
0.0622949,-0.704579
0.0628122,-0.705656
0.063331,-0.706733
0.0638513,-0.707811
0.064373,-0.708888
0.0648962,-0.709966
0.0654209,-0.711044
0.0659469,-0.712123
0.0664745,-0.713201
0.0670035,-0.71428
0.067534,-0.715359
0.0680659,-0.716438
0.0685993,-0.717517
0.0691342,-0.718597
0.0696705,-0.719676
0.0702083,-0.720756
0.0707476,-0.721836
0.0712883,-0.722916
0.0718305,-0.723997
0.0723742,-0.725077
0.0729194,-0.726158
0.073466,-0.727239
0.0740141,-0.72832
0.0745636,-0.729401
0.0751147,-0.730482
0.0756672,-0.731564
0.0762212,-0.732645
0.0767766,-0.733727
0.0773336,-0.734809
0.077892,-0.735891
0.0784519,-0.736973
0.0790133,-0.738055
0.0795762,-0.739138
0.0801405,-0.74022
0.0807063,-0.741303
0.0812736,-0.742386
0.0818424,-0.743469
0.0824127,-0.744552
0.0829845,-0.745635
0.0835577,-0.746718
0.0841325,-0.747802
0.0847087,-0.748885
0.0852864,-0.749969
0.0858656,-0.751053
0.0864463,-0.752136
0.0870285,-0.75322
0.0876122,-0.754304
0.0881973,-0.755388
0.088784,-0.756473
0.0893721,-0.757557
0.0899618,-0.758641
0.0905529,-0.759725
0.0911456,-0.76081
0.0917397,-0.761894
0.0923354,-0.762979
0.0929325,-0.764064
0.0935311,-0.765148
0.0941312,-0.766233
0.0947329,-0.767318
0.095336,-0.768403
0.0959406,-0.769488
0.0965468,-0.770573
0.0971544,-0.771658
0.0977635,-0.772743
0.0983742,-0.773828
0.0989863,-0.774913
0.0996,-0.775998
0.100215,-0.777083
0.100832,-0.778168
0.10145,-0.779253
0.10207,-0.780338
0.102691,-0.781424
0.103314,-0.782509
0.103938,-0.783594
0.104563,-0.784679
0.105191,-0.785764
0.105819,-0.78685
0.10645,-0.787935
0.107081,-0.78902
0.107715,-0.790105
0.108349,-0.79119
0.108986,-0.792276
0.109623,-0.793361
0.110263,-0.794446
0.110904,-0.795531
0.111546,-0.796616
0.11219,-0.797701
0.112835,-0.798786
0.113482,-0.799871
0.11413,-0.800956
0.11478,-0.80204
0.115432,-0.803125
0.116085,-0.80421
0.116739,-0.805295
0.117395,-0.806379
0.118053,-0.807464
0.118712,-0.808548
0.119372,-0.809633
0.120034,-0.810717
0.120698,-0.811801
0.121363,-0.812885
0.12203,-0.813969
0.122698,-0.815053
0.123367,-0.816137
0.124039,-0.817221
0.124711,-0.818305
0.125386,-0.819388
0.126061,-0.820472
0.126739,-0.821555
0.127417,-0.822639
0.128098,-0.823722
0.12878,-0.824805
0.129463,-0.825888
0.130148,-0.826971
0.130834,-0.828053
0.131522,-0.829136
0.132212,-0.830218
0.132903,-0.831301
0.133595,-0.832383
0.134289,-0.833465
0.134985,-0.834547
0.135682,-0.835628
0.13638,-0.83671
0.137081,-0.837791
0.137782,-0.838873
0.138485,-0.839954
0.13919,-0.841035
0.139896,-0.842116
0.140604,-0.843196
0.141313,-0.844277
0.142024,-0.845357
0.142737,-0.846437
0.14345,-0.847517
0.144166,-0.848596
0.144883,-0.849676
0.145601,-0.850755
0.146321,-0.851834
0.147043,-0.852913
0.147766,-0.853992
0.14849,-0.85507
0.149216,-0.856149
0.149944,-0.857227
0.150673,-0.858305
0.151404,-0.859382
0.152136,-0.86046
0.15287,-0.861537
0.153605,-0.862614
0.154342,-0.863691
0.15508,-0.864767
0.15582,-0.865843
0.156561,-0.866919
0.157304,-0.867995
0.158049,-0.869071
0.158795,-0.870146
0.159542,-0.871221
0.160291,-0.872296
0.161042,-0.87337
0.161794,-0.874444
0.162547,-0.875518
0.163302,-0.876592
0.164059,-0.877665
0.164817,-0.878738
0.165577,-0.879811
0.166338,-0.880884
0.167101,-0.881956
0.167865,-0.883028
0.168631,-0.884099
0.169398,-0.885171
0.170167,-0.886242
0.170937,-0.887312
0.171709,-0.888383
0.172483,-0.889453
0.173257,-0.890523
0.174034,-0.891592
0.174812,-0.892661
0.175591,-0.89373
0.176372,-0.894799
0.177155,-0.895867
0.177939,-0.896935
0.178725,-0.898002
0.179512,-0.899069
0.1803,-0.900136
0.18109,-0.901202
0.181882,-0.902268
0.182675,-0.903334
0.18347,-0.904399
0.184266,-0.905464
0.185064,-0.906529
0.185863,-0.907593
0.186664,-0.908657
0.187466,-0.909721
0.18827,-0.910784
0.189075,-0.911846
0.189882,-0.912909
0.190691,-0.913971
0.1915,-0.915032
0.192312,-0.916093
0.193125,-0.917154
0.193939,-0.918215
0.194755,-0.919274
0.195572,-0.920334
0.196391,-0.921393
0.197212,-0.922452
0.198034,-0.92351
0.198857,-0.924568
0.199682,-0.925625
0.200509,-0.926682
0.201337,-0.927739
0.202166,-0.928795
0.202997,-0.92985
0.20383,-0.930906
0.204664,-0.93196
0.205499,-0.933015
0.206336,-0.934069
0.207175,-0.935122
0.208015,-0.936175
0.208857,-0.937227
0.2097,-0.938279
0.210544,-0.939331
0.21139,-0.940382
0.212238,-0.941432
0.213087,-0.942482
0.213938,-0.943532
0.21479,-0.944581
0.215643,-0.94563
0.216498,-0.946678
0.217355,-0.947725
0.218213,-0.948773
0.219072,-0.949819
0.219933,-0.950865
0.220796,-0.951911
0.22166,-0.952956
0.222525,-0.954
0.223393,-0.955044
0.224261,-0.956088
0.225131,-0.957131
0.226002,-0.958173
0.226875,-0.959215
0.22775,-0.960256
0.228626,-0.961297
0.229503,-0.962337
0.230382,-0.963377
0.231263,-0.964416
0.232144,-0.965455
0.233028,-0.966493
0.233913,-0.96753
0.234799,-0.968567
0.235687,-0.969604
0.236576,-0.970639
0.237467,-0.971674
0.238359,-0.972709
0.239253,-0.973743
0.240148,-0.974776
0.241044,-0.975809
0.241942,-0.976841
0.242842,-0.977873
0.243743,-0.978904
0.244646,-0.979935
0.24555,-0.980964
0.246455,-0.981994
0.247362,-0.983022
0.24827,-0.98405
0.24918,-0.985077
0.250091,-0.986104
0.251004,-0.98713
0.251918,-0.988156
0.252834,-0.98918
0.253751,-0.990205
0.25467,-0.991228
0.25559,-0.992251
0.256511,-0.993273
0.257434,-0.994295
0.258359,-0.995316
0.259285,-0.996336
0.260212,-0.997356
0.261141,-0.998375
0.262071,-0.999393
0.263003,-1.00041
0.263936,-1.00143
0.26487,-1.00244
0.265806,-1.00346
0.266744,-1.00447
0.267682,-1.00549
0.268623,-1.0065
0.269565,-1.00751
0.270508,-1.00853
0.271452,-1.00954
0.272398,-1.01055
0.273346,-1.01156
0.274295,-1.01257
0.275245,-1.01358
0.276197,-1.01458
0.27715,-1.01559
0.278105,-1.0166
0.279061,-1.0176
0.280018,-1.01861
0.280977,-1.01961
0.281937,-1.02062
0.282899,-1.02162
0.283862,-1.02262
0.284827,-1.02362
0.285793,-1.02462
0.28676,-1.02562
0.287729,-1.02662
0.288699,-1.02762
0.28967,-1.02862
0.290643,-1.02961
0.291618,-1.03061
0.292594,-1.03161
0.293571,-1.0326
0.294549,-1.03359
0.295529,-1.03459
0.296511,-1.03558
0.297494,-1.03657
0.298478,-1.03756
0.299463,-1.03855
0.30045,-1.03954
0.301439,-1.04053
0.302428,-1.04151
0.30342,-1.0425
0.304412,-1.04349
0.305406,-1.04447
0.306401,-1.04545
0.307398,-1.04644
0.308396,-1.04742
0.309395,-1.0484
0.310396,-1.04938
0.311398,-1.05036
0.312402,-1.05134
0.313407,-1.05232
0.314413,-1.0533
0.315421,-1.05427
0.31643,-1.05525
0.31744,-1.05622
0.318452,-1.0572
0.319465,-1.05817
0.320479,-1.05914
0.321495,-1.06011
0.322512,-1.06109
0.323531,-1.06205
0.32455,-1.06302
0.325572,-1.06399
0.326594,-1.06496
0.327618,-1.06592
0.328643,-1.06689
0.32967,-1.06785
0.330698,-1.06882
0.331727,-1.06978
0.332758,-1.07074
0.333789,-1.0717
0.334823,-1.07266
0.335857,-1.07362
0.336893,-1.07458
0.33793,-1.07554
0.338969,-1.07649
0.340009,-1.07745
0.34105,-1.0784
0.342092,-1.07936
0.343136,-1.08031
0.344181,-1.08126
0.345228,-1.08221
0.346275,-1.08316
0.347325,-1.08411
0.348375,-1.08506
0.349427,-1.086
0.35048,-1.08695
0.351534,-1.08789
0.352589,-1.08884
0.353646,-1.08978
0.354704,-1.09072
0.355764,-1.09166
0.356824,-1.0926
0.357887,-1.09354
0.35895,-1.09448
0.360014,-1.09542
0.36108,-1.09636
0.362147,-1.09729
0.363216,-1.09822
0.364286,-1.09916
0.365356,-1.10009
0.366429,-1.10102
0.367502,-1.10195
0.368577,-1.10288
0.369653,-1.10381
0.37073,-1.10474
0.371809,-1.10566
0.372889,-1.10659
0.37397,-1.10751
0.375052,-1.10844
0.376136,-1.10936
0.37722,-1.11028
0.378307,-1.1112
0.379394,-1.11212
0.380482,-1.11304
0.381572,-1.11395
0.382663,-1.11487
0.383755,-1.11579
0.384849,-1.1167
0.385944,-1.11761
0.38704,-1.11852
0.388137,-1.11943
0.389235,-1.12034
0.390335,-1.12125
0.391436,-1.12216
0.392538,-1.12307
0.393641,-1.12397
0.394745,-1.12488
0.395851,-1.12578
0.396958,-1.12668
0.398066,-1.12758
0.399175,-1.12848
0.400286,-1.12938
0.401398,-1.13028
0.402511,-1.13118
0.403625,-1.13207
0.404741,-1.13297
0.405857,-1.13386
0.406975,-1.13476
0.408094,-1.13565
0.409214,-1.13654
0.410335,-1.13743
0.411457,-1.13831
0.412581,-1.1392
0.413705,-1.14009
0.414831,-1.14097
0.415958,-1.14186
0.417087,-1.14274
0.418216,-1.14362
0.419347,-1.1445
0.420478,-1.14538
0.421611,-1.14626
0.422745,-1.14713
0.42388,-1.14801
0.425016,-1.14889
0.426154,-1.14976
0.427292,-1.15063
0.428432,-1.1515
0.429573,-1.15237
0.430715,-1.15324
0.431858,-1.15411
0.433002,-1.15498
0.434148,-1.15584
0.435294,-1.15671
0.436442,-1.15757
0.43759,-1.15843
0.43874,-1.15929
0.439891,-1.16015
0.441043,-1.16101
0.442196,-1.16187
0.443351,-1.16272
0.444506,-1.16358
0.445663,-1.16443
0.44682,-1.16528
0.447979,-1.16613
0.449138,-1.16698
0.450299,-1.16783
0.451461,-1.16868
0.452624,-1.16953
0.453788,-1.17037
0.454953,-1.17122
0.45612,-1.17206
0.457287,-1.1729
0.458455,-1.17374
0.459625,-1.17458
0.460795,-1.17542
0.461967,-1.17626
0.463139,-1.17709
0.464313,-1.17793
0.465488,-1.17876
0.466664,-1.17959
0.46784,-1.18042
0.469018,-1.18125
0.470197,-1.18208
0.471377,-1.18291
0.472558,-1.18373
0.47374,-1.18456
0.474923,-1.18538
0.476107,-1.1862
0.477292,-1.18703
0.478479,-1.18784
0.479666,-1.18866
0.480854,-1.18948
0.482043,-1.1903
0.483233,-1.19111
0.484424,-1.19192
0.485617,-1.19274
0.48681,-1.19355
0.488004,-1.19436
0.489199,-1.19516
0.490395,-1.19597
0.491593,-1.19678
0.492791,-1.19758
0.49399,-1.19839
0.49519,-1.19919
0.496391,-1.19999
0.497593,-1.20079
0.498796,-1.20159
0.5,-1.20238
0.501205,-1.20318
0.502411,-1.20397
0.503618,-1.20476
0.504826,-1.20556
0.506035,-1.20635
0.507245,-1.20714
0.508455,-1.20792
0.509667,-1.20871
0.51088,-1.2095
0.512093,-1.21028
0.513308,-1.21106
0.514523,-1.21184
0.51574,-1.21262
0.516957,-1.2134
0.518175,-1.21418
0.519394,-1.21495
0.520614,-1.21573
0.521835,-1.2165
0.523057,-1.21727
0.52428,-1.21804
0.525504,-1.21881
0.526728,-1.21958
0.527954,-1.22035
0.52918,-1.22111
0.530408,-1.22188
0.531636,-1.22264
0.532865,-1.2234
0.534095,-1.22416
0.535326,-1.22492
0.536558,-1.22568
0.53779,-1.22643
0.539024,-1.22719
0.540258,-1.22794
0.541493,-1.22869
0.542729,-1.22944
0.543966,-1.23019
0.545204,-1.23094
0.546443,-1.23169
0.547683,-1.23243
0.548923,-1.23318
0.550164,-1.23392
0.551406,-1.23466
0.552649,-1.2354
0.553893,-1.23614
0.555137,-1.23687
0.556383,-1.23761
0.557629,-1.23834
0.558876,-1.23908
0.560124,-1.23981
0.561373,-1.24054
0.562622,-1.24127
0.563873,-1.24199
0.565124,-1.24272
0.566376,-1.24344
0.567628,-1.24417
0.568882,-1.24489
0.570136,-1.24561
0.571392,-1.24633
0.572647,-1.24705
0.573904,-1.24776
0.575162,-1.24848
0.57642,-1.24919
0.577679,-1.2499
0.578939,-1.25061
0.580199,-1.25132
0.581461,-1.25203
0.582723,-1.25274
0.583986,-1.25344
0.585249,-1.25414
0.586514,-1.25485
0.587779,-1.25555
0.589045,-1.25625
0.590312,-1.25694
0.591579,-1.25764
0.592847,-1.25833
0.594116,-1.25903
0.595386,-1.25972
0.596656,-1.26041
0.597927,-1.2611
0.599199,-1.26179
0.600471,-1.26248
0.601744,-1.26316
0.603018,-1.26384
0.604293,-1.26453
0.605568,-1.26521
0.606844,-1.26589
0.608121,-1.26656
0.609398,-1.26724
0.610677,-1.26792
0.611955,-1.26859
0.613235,-1.26926
0.614515,-1.26993
0.615796,-1.2706
0.617078,-1.27127
0.61836,-1.27193
0.619643,-1.2726
0.620926,-1.27326
0.62221,-1.27393
0.623495,-1.27459
0.624781,-1.27524
0.626067,-1.2759
0.627354,-1.27656
0.628641,-1.27721
0.629929,-1.27787
0.631218,-1.27852
0.632508,-1.27917
0.633798,-1.27982
0.635088,-1.28047
0.63638,-1.28111
0.637671,-1.28176
0.638964,-1.2824
0.640257,-1.28304
0.641551,-1.28368
0.642845,-1.28432
0.64414,-1.28496
0.645436,-1.28559
0.646732,-1.28623
0.648029,-1.28686
0.649326,-1.28749
0.650624,-1.28812
0.651923,-1.28875
0.653222,-1.28938
0.654521,-1.29
0.655822,-1.29063
0.657123,-1.29125
0.658424,-1.29187
0.659726,-1.29249
0.661029,-1.29311
0.662332,-1.29372
0.663635,-1.29434
0.66494,-1.29495
0.666244,-1.29556
0.66755,-1.29617
0.668856,-1.29678
0.670162,-1.29739
0.671469,-1.298
0.672776,-1.2986
0.674084,-1.2992
0.675393,-1.29981
0.676702,-1.30041
0.678012,-1.301
0.679322,-1.3016
0.680632,-1.3022
0.681943,-1.30279
0.683255,-1.30338
0.684567,-1.30398
0.68588,-1.30457
0.687193,-1.30515
0.688507,-1.30574
0.689821,-1.30633
0.691135,-1.30691
0.69245,-1.30749
0.693766,-1.30807
0.695082,-1.30865
0.696398,-1.30923
0.697715,-1.30981
0.699033,-1.31038
0.700351,-1.31095
0.701669,-1.31152
0.702988,-1.3121
0.704307,-1.31266
0.705627,-1.31323
0.706947,-1.3138
0.708268,-1.31436
0.709589,-1.31492
0.71091,-1.31548
0.712232,-1.31604
0.713554,-1.3166
0.714877,-1.31716
0.7162,-1.31771
0.717524,-1.31827
0.718848,-1.31882
0.720172,-1.31937
0.721497,-1.31992
0.722822,-1.32047
0.724148,-1.32101
0.725474,-1.32156
0.7268,-1.3221
0.728127,-1.32264
0.729454,-1.32318
0.730782,-1.32372
0.73211,-1.32426
0.733438,-1.32479
0.734767,-1.32533
0.736096,-1.32586
0.737426,-1.32639
0.738755,-1.32692
0.740086,-1.32745
0.741416,-1.32797
0.742747,-1.3285
0.744078,-1.32902
0.74541,-1.32954
0.746742,-1.33006
0.748074,-1.33058
0.749407,-1.3311
0.750739,-1.33161
0.752073,-1.33213
0.753406,-1.33264
0.75474,-1.33315
0.756074,-1.33366
0.757409,-1.33417
0.758744,-1.33467
0.760079,-1.33518
0.761415,-1.33568
0.76275,-1.33618
0.764086,-1.33668
0.765423,-1.33718
0.766759,-1.33768
0.768096,-1.33818
0.769434,-1.33867
0.770771,-1.33916
0.772109,-1.33965
0.773447,-1.34014
0.774785,-1.34063
0.776124,-1.34112
0.777463,-1.3416
0.778802,-1.34209
0.780141,-1.34257
0.781481,-1.34305
0.782821,-1.34353
0.784161,-1.34401
0.785502,-1.34448
0.786842,-1.34496
0.788183,-1.34543
0.789524,-1.3459
0.790866,-1.34637
0.792207,-1.34684
0.793549,-1.3473
0.794891,-1.34777
0.796233,-1.34823
0.797576,-1.34869
0.798918,-1.34916
0.800261,-1.34961
0.801604,-1.35007
0.802948,-1.35053
0.804291,-1.35098
0.805635,-1.35143
0.806979,-1.35189
0.808323,-1.35234
0.809667,-1.35278
0.811012,-1.35323
0.812356,-1.35368
0.813701,-1.35412
0.815046,-1.35456
0.816391,-1.355
0.817736,-1.35544
0.819082,-1.35588
0.820427,-1.35632
0.821773,-1.35675
0.823119,-1.35718
0.824465,-1.35761
0.825811,-1.35804
0.827158,-1.35847
0.828504,-1.3589
0.829851,-1.35932
0.831198,-1.35975
0.832544,-1.36017
0.833892,-1.36059
0.835239,-1.36101
0.836586,-1.36143
0.837933,-1.36184
0.839281,-1.36226
0.840628,-1.36267
0.841976,-1.36308
0.843324,-1.36349
0.844672,-1.3639
0.84602,-1.36431
0.847368,-1.36472
0.848716,-1.36512
0.850064,-1.36552
0.851413,-1.36592
0.852761,-1.36632
0.85411,-1.36672
0.855458,-1.36712
0.856807,-1.36751
0.858156,-1.3679
0.859504,-1.3683
0.860853,-1.36869
0.862202,-1.36908
0.863551,-1.36946
0.8649,-1.36985
0.866249,-1.37023
0.867598,-1.37062
0.868947,-1.371
0.870297,-1.37138
0.871646,-1.37175
0.872995,-1.37213
0.874344,-1.37251
0.875694,-1.37288
0.877043,-1.37325
0.878392,-1.37362
0.879742,-1.37399
0.881091,-1.37436
0.88244,-1.37472
0.88379,-1.37509
0.885139,-1.37545
0.886488,-1.37581
0.887838,-1.37617
0.889187,-1.37653
0.890537,-1.37689
0.891886,-1.37724
0.893235,-1.3776
0.894585,-1.37795
0.895934,-1.3783
0.897283,-1.37865
0.898632,-1.379
0.899982,-1.37934
0.901331,-1.37969
0.90268,-1.38003
0.904029,-1.38037
0.905378,-1.38072
0.906727,-1.38105
0.908076,-1.38139
0.909425,-1.38173
0.910774,-1.38206
0.912123,-1.38239
0.913471,-1.38273
0.91482,-1.38306
0.916168,-1.38338
0.917517,-1.38371
0.918865,-1.38404
0.920214,-1.38436
0.921562,-1.38468
0.92291,-1.385
0.924258,-1.38532
0.925606,-1.38564
0.926954,-1.38596
0.928302,-1.38627
0.92965,-1.38658
0.930997,-1.3869
0.932345,-1.38721
0.933692,-1.38752
0.93504,-1.38782
0.936387,-1.38813
0.937734,-1.38843
0.939081,-1.38874
0.940428,-1.38904
0.941774,-1.38934
0.943121,-1.38964
0.944467,-1.38993
0.945814,-1.39023
0.94716,-1.39052
0.948506,-1.39082
0.949852,-1.39111
0.951197,-1.3914
0.952543,-1.39168
0.953888,-1.39197
0.955234,-1.39226
0.956579,-1.39254
0.957924,-1.39282
0.959268,-1.3931
0.960613,-1.39338
0.961957,-1.39366
0.963302,-1.39394
0.964646,-1.39421
0.96599,-1.39448
0.967333,-1.39476
0.968677,-1.39503
0.97002,-1.3953
0.971363,-1.39556
0.972706,-1.39583
0.974049,-1.39609
0.975391,-1.39636
0.976734,-1.39662
0.978076,-1.39688
0.979418,-1.39714
0.98076,-1.39739
0.982101,-1.39765
0.983442,-1.3979
0.984783,-1.39816
0.986124,-1.39841
0.987465,-1.39866
0.988805,-1.39891
0.990145,-1.39916
0.991485,-1.3994
0.992825,-1.39964
0.994164,-1.39989
0.995504,-1.40013
0.996843,-1.40037
0.998181,-1.40061
0.99952,-1.40084
1.00086,-1.40108
1.0022,-1.40131
1.00353,-1.40155
1.00487,-1.40178
1.00621,-1.40201
1.00754,-1.40224
1.00888,-1.40246
1.01022,-1.40269
1.01155,-1.40291
1.01289,-1.40313
1.01422,-1.40336
1.01556,-1.40358
1.0169,-1.40379
1.01823,-1.40401
1.01956,-1.40423
1.0209,-1.40444
1.02223,-1.40465
1.02357,-1.40486
1.0249,-1.40507
1.02623,-1.40528
1.02756,-1.40549
1.0289,-1.40569
1.03023,-1.4059
1.03156,-1.4061
1.03289,-1.4063
1.03422,-1.4065
1.03555,-1.4067
1.03688,-1.4069
1.03821,-1.40709
1.03954,-1.40729
1.04087,-1.40748
1.0422,-1.40767
1.04353,-1.40786
1.04486,-1.40805
1.04618,-1.40824
1.04751,-1.40842
1.04884,-1.40861
1.05017,-1.40879
1.05149,-1.40897
1.05282,-1.40915
1.05414,-1.40933
1.05547,-1.40951
1.05679,-1.40968
1.05812,-1.40986
1.05944,-1.41003
1.06077,-1.4102
1.06209,-1.41037
1.06341,-1.41054
1.06474,-1.41071
1.06606,-1.41088
1.06738,-1.41104
1.0687,-1.41121
1.07002,-1.41137
1.07134,-1.41153
1.07266,-1.41169
1.07398,-1.41185
1.0753,-1.412
1.07662,-1.41216
1.07794,-1.41231
1.07926,-1.41246
1.08058,-1.41261
1.0819,-1.41276
1.08321,-1.41291
1.08453,-1.41306
1.08585,-1.41321
1.08716,-1.41335
1.08848,-1.41349
1.08979,-1.41363
1.09111,-1.41377
1.09242,-1.41391
1.09373,-1.41405
1.09505,-1.41419
1.09636,-1.41432
1.09767,-1.41446
1.09898,-1.41459
1.10029,-1.41472
1.10161,-1.41485
1.10292,-1.41498
1.10423,-1.4151
1.10554,-1.41523
1.10684,-1.41535
1.10815,-1.41547
1.10946,-1.4156
1.11077,-1.41572
1.11208,-1.41583
1.11338,-1.41595
1.11469,-1.41607
1.11599,-1.41618
1.1173,-1.4163
1.1186,-1.41641
1.11991,-1.41652
1.12121,-1.41663
1.12252,-1.41674
1.12382,-1.41684
1.12512,-1.41695
1.12642,-1.41705
1.12772,-1.41716
1.12903,-1.41726
1.13033,-1.41736
1.13163,-1.41746
1.13292,-1.41755
1.13422,-1.41765
1.13552,-1.41775
1.13682,-1.41784
1.13812,-1.41793
1.13941,-1.41802
1.14071,-1.41811
1.142,-1.4182
1.1433,-1.41829
1.14459,-1.41837
1.14589,-1.41846
1.14718,-1.41854
1.14847,-1.41862
1.14977,-1.4187
1.15106,-1.41878
1.15235,-1.41886
1.15364,-1.41894
1.15493,-1.41901
1.15622,-1.41909
1.15751,-1.41916
1.1588,-1.41923
1.16009,-1.4193
1.16137,-1.41937
1.16266,-1.41944
1.16395,-1.41951
1.16523,-1.41957
1.16652,-1.41964
1.1678,-1.4197
1.16909,-1.41976
1.17037,-1.41982
1.17165,-1.41988
1.17293,-1.41994
1.17422,-1.41999
1.1755,-1.42005
1.17678,-1.4201
1.17806,-1.42016
1.17934,-1.42021
1.18062,-1.42026
1.18189,-1.42031
1.18317,-1.42035
1.18445,-1.4204
1.18572,-1.42045
1.187,-1.42049
1.18828,-1.42053
1.18955,-1.42057
1.19082,-1.42061
1.1921,-1.42065
1.19337,-1.42069
1.19464,-1.42073
1.19591,-1.42076
1.19718,-1.4208
1.19845,-1.42083
1.19972,-1.42086
1.20099,-1.42089
1.20226,-1.42092
1.20353,-1.42095
1.2048,-1.42098
1.20606,-1.421
1.20733,-1.42103
1.20859,-1.42105
1.20986,-1.42107
1.21112,-1.42109
1.21238,-1.42111
1.21365,-1.42113
1.21491,-1.42115
1.21617,-1.42116
1.21743,-1.42118
1.21869,-1.42119
1.21995,-1.4212
1.22121,-1.42121
1.22247,-1.42122
1.22372,-1.42123
1.22498,-1.42124
1.22624,-1.42125
1.22749,-1.42125
1.22874,-1.42125
1.23,-1.42126
1.23125,-1.42126
1.2325,-1.42126
1.23376,-1.42126
1.23501,-1.42126
1.23626,-1.42125
1.23751,-1.42125
1.23876,-1.42124
1.24001,-1.42124
1.24125,-1.42123
1.2425,-1.42122
1.24375,-1.42121
1.24499,-1.4212
1.24624,-1.42119
1.24748,-1.42117
1.24872,-1.42116
1.24997,-1.42114
1.25121,-1.42113
1.25245,-1.42111
1.25369,-1.42109
1.25493,-1.42107
1.25617,-1.42105
1.25741,-1.42102
1.25865,-1.421
1.25988,-1.42097
1.26112,-1.42095
1.26236,-1.42092
1.26359,-1.42089
1.26483,-1.42086
1.26606,-1.42083
1.26729,-1.4208
1.26852,-1.42077
1.26976,-1.42073
1.27099,-1.4207
1.27222,-1.42066
1.27344,-1.42062
1.27467,-1.42058
1.2759,-1.42054
1.27713,-1.4205
1.27835,-1.42046
1.27958,-1.42042
1.2808,-1.42037
1.28203,-1.42033
1.28325,-1.42028
1.28447,-1.42024
1.28569,-1.42019
1.28692,-1.42014
1.28814,-1.42009
1.28935,-1.42003
1.29057,-1.41998
1.29179,-1.41993
1.29301,-1.41987
1.29422,-1.41982
1.29544,-1.41976
1.29665,-1.4197
1.29787,-1.41964
1.29908,-1.41958
1.30029,-1.41952
1.30151,-1.41946
1.30272,-1.41939
1.30393,-1.41933
1.30514,-1.41926
1.30634,-1.41919
1.30755,-1.41913
1.30876,-1.41906
1.30996,-1.41899
1.31117,-1.41892
1.31237,-1.41884
1.31358,-1.41877
1.31478,-1.4187
1.31598,-1.41862
1.31718,-1.41854
1.31839,-1.41847
1.31958,-1.41839
1.32078,-1.41831
1.32198,-1.41823
1.32318,-1.41815
1.32438,-1.41806
1.32557,-1.41798
1.32677,-1.41789
1.32796,-1.41781
1.32915,-1.41772
1.33035,-1.41763
1.33154,-1.41754
1.33273,-1.41745
1.33392,-1.41736
1.33511,-1.41727
1.3363,-1.41718
1.33748,-1.41708
1.33867,-1.41699
1.33986,-1.41689
1.34104,-1.4168
1.34223,-1.4167
1.34341,-1.4166
1.34459,-1.4165
1.34577,-1.4164
1.34695,-1.4163
1.34813,-1.41619
1.34931,-1.41609
1.35049,-1.41598
1.35167,-1.41588
1.35285,-1.41577
1.35402,-1.41566
1.3552,-1.41555
1.35637,-1.41544
1.35754,-1.41533
1.35872,-1.41522
1.35989,-1.41511
1.36106,-1.41499
1.36223,-1.41488
1.3634,-1.41476
1.36456,-1.41464
1.36573,-1.41453
1.3669,-1.41441
1.36806,-1.41429
1.36923,-1.41417
1.37039,-1.41405
1.37156,-1.41392
1.37272,-1.4138
1.37388,-1.41367
1.37504,-1.41355
1.3762,-1.41342
1.37736,-1.41329
1.37852,-1.41317
1.37967,-1.41304
1.38083,-1.41291
1.38198,-1.41278
1.38314,-1.41264
1.38429,-1.41251
1.38544,-1.41238
1.38659,-1.41224
1.38775,-1.41211
1.3889,-1.41197
1.39004,-1.41183
1.39119,-1.41169
1.39234,-1.41155
1.39349,-1.41141
1.39463,-1.41127
1.39578,-1.41113
1.39692,-1.41098
1.39806,-1.41084
1.3992,-1.41069
1.40034,-1.41055
1.40148,-1.4104
1.40262,-1.41025
1.40376,-1.41011
1.4049,-1.40996
1.40604,-1.4098
1.40717,-1.40965
1.40831,-1.4095
1.40944,-1.40935
1.41057,-1.40919
1.4117,-1.40904
1.41283,-1.40888
1.41396,-1.40873
1.41509,-1.40857
1.41622,-1.40841
1.41735,-1.40825
1.41848,-1.40809
1.4196,-1.40793
1.42073,-1.40777
1.42185,-1.4076
1.42297,-1.40744
1.42409,-1.40727
1.42521,-1.40711
1.42633,-1.40694
1.42745,-1.40678
1.42857,-1.40661
1.42969,-1.40644
1.4308,-1.40627
1.43192,-1.4061
1.43303,-1.40593
1.43415,-1.40575
1.43526,-1.40558
1.43637,-1.40541
1.43748,-1.40523
1.43859,-1.40506
1.4397,-1.40488
1.44081,-1.4047
1.44192,-1.40452
1.44302,-1.40434
1.44413,-1.40416
1.44523,-1.40398
1.44633,-1.4038
1.44744,-1.40362
1.44854,-1.40344
1.44964,-1.40325
1.45074,-1.40307
1.45183,-1.40288
1.45293,-1.40269
1.45403,-1.40251
1.45512,-1.40232
1.45622,-1.40213
1.45731,-1.40194
1.4584,-1.40175
1.4595,-1.40156
1.46059,-1.40137
1.46168,-1.40117
1.46277,-1.40098
1.46385,-1.40078
1.46494,-1.40059
1.46603,-1.40039
1.46711,-1.4002
1.4682,-1.4
1.46928,-1.3998
1.47036,-1.3996
1.47144,-1.3994
1.47252,-1.3992
1.4736,-1.399
1.47468,-1.39879
1.47576,-1.39859
1.47683,-1.39839
1.47791,-1.39818
1.47898,-1.39798
1.48006,-1.39777
1.48113,-1.39756
1.4822,-1.39736
1.48327,-1.39715
1.48434,-1.39694
1.48541,-1.39673
1.48648,-1.39652
1.48754,-1.3963
1.48861,-1.39609
1.48967,-1.39588
1.49074,-1.39567
1.4918,-1.39545
1.49286,-1.39524
1.49392,-1.39502
1.49498,-1.3948
1.49604,-1.39459
1.4971,-1.39437
1.49815,-1.39415
1.49921,-1.39393
1.50027,-1.39371
1.50132,-1.39349
1.50237,-1.39326
1.50342,-1.39304
1.50447,-1.39282
1.50552,-1.39259
1.50657,-1.39237
1.50762,-1.39214
1.50867,-1.39192
1.50971,-1.39169
1.51076,-1.39146
1.5118,-1.39123
1.51284,-1.39101
1.51389,-1.39078
1.51493,-1.39055
1.51597,-1.39031
1.51701,-1.39008
1.51804,-1.38985
1.51908,-1.38962
1.52012,-1.38938
1.52115,-1.38915
1.52219,-1.38891
1.52322,-1.38868
1.52425,-1.38844
1.52528,-1.3882
1.52631,-1.38796
1.52734,-1.38773
1.52837,-1.38749
1.52939,-1.38725
1.53042,-1.38701
1.53144,-1.38676
1.53247,-1.38652
1.53349,-1.38628
1.53451,-1.38604
1.53553,-1.38579
1.53655,-1.38555
1.53757,-1.3853
1.53859,-1.38506
1.53961,-1.38481
1.54062,-1.38456
1.54164,-1.38431
1.54265,-1.38407
1.54366,-1.38382
1.54467,-1.38357
1.54569,-1.38332
1.54669,-1.38306
1.5477,-1.38281
1.54871,-1.38256
1.54972,-1.38231
1.55072,-1.38205
1.55173,-1.3818
1.55273,-1.38154
1.55373,-1.38129
1.55473,-1.38103
1.55573,-1.38078
1.55673,-1.38052
1.55773,-1.38026
1.55873,-1.38
1.55973,-1.37974
1.56072,-1.37948
1.56172,-1.37922
1.56271,-1.37896
1.5637,-1.3787
1.56469,-1.37844
1.56568,-1.37817
1.56667,-1.37791
1.56766,-1.37765
1.56865,-1.37738
1.56963,-1.37712
1.57062,-1.37685
1.5716,-1.37658
1.57258,-1.37632
1.57356,-1.37605
1.57455,-1.37578
1.57553,-1.37551
1.5765,-1.37524
1.57748,-1.37497
1.57846,-1.3747
1.57943,-1.37443
1.58041,-1.37416
1.58138,-1.37389
1.58235,-1.37361
1.58333,-1.37334
1.5843,-1.37307
1.58527,-1.37279
1.58623,-1.37252
1.5872,-1.37224
1.58817,-1.37196
1.58913,-1.37169
1.5901,-1.37141
1.59106,-1.37113
1.59202,-1.37085
1.59298,-1.37057
1.59394,-1.37029
1.5949,-1.37001
1.59586,-1.36973
1.59682,-1.36945
1.59777,-1.36917
1.59873,-1.36889
1.59968,-1.36861
1.60063,-1.36832
1.60158,-1.36804
1.60253,-1.36775
1.60348,-1.36747
1.60443,-1.36718
1.60538,-1.3669
1.60633,-1.36661
1.60727,-1.36632
1.60821,-1.36604
1.60916,-1.36575
1.6101,-1.36546
1.61104,-1.36517
1.61198,-1.36488
1.61292,-1.36459
1.61386,-1.3643
1.61479,-1.36401
1.61573,-1.36372
1.61666,-1.36343
1.6176,-1.36313
1.61853,-1.36284
1.61946,-1.36255
1.62039,-1.36225
1.62132,-1.36196
1.62225,-1.36166
1.62318,-1.36137
1.6241,-1.36107
1.62503,-1.36077
1.62595,-1.36048
1.62688,-1.36018
1.6278,-1.35988
1.62872,-1.35958
1.62964,-1.35928
1.63056,-1.35898
1.63148,-1.35869
1.63239,-1.35838
1.63331,-1.35808
1.63422,-1.35778
1.63514,-1.35748
1.63605,-1.35718
1.63696,-1.35688
1.63787,-1.35657
1.63878,-1.35627
1.63969,-1.35597
1.64059,-1.35566
1.6415,-1.35536
1.6424,-1.35505
1.64331,-1.35474
1.64421,-1.35444
1.64511,-1.35413
1.64601,-1.35382
1.64691,-1.35352
1.64781,-1.35321
1.64871,-1.3529
1.64961,-1.35259
1.6505,-1.35228
1.6514,-1.35197
1.65229,-1.35166
1.65318,-1.35135
1.65407,-1.35104
1.65496,-1.35073
1.65585,-1.35042
1.65674,-1.35011
1.65763,-1.34979
1.65851,-1.34948
1.6594,-1.34917
1.66028,-1.34885
1.66116,-1.34854
1.66204,-1.34822
1.66292,-1.34791
1.6638,-1.34759
1.66468,-1.34728
1.66556,-1.34696
1.66643,-1.34664
1.66731,-1.34633
1.66818,-1.34601
1.66906,-1.34569
1.66993,-1.34537
1.6708,-1.34505
1.67167,-1.34474
1.67254,-1.34442
1.6734,-1.3441
1.67427,-1.34378
1.67514,-1.34346
1.676,-1.34313
1.67686,-1.34281
1.67772,-1.34249
1.67859,-1.34217
1.67945,-1.34185
1.6803,-1.34152
1.68116,-1.3412
1.68202,-1.34088
1.68287,-1.34055
1.68373,-1.34023
1.68458,-1.3399
1.68543,-1.33958
1.68629,-1.33925
1.68714,-1.33893
1.68799,-1.3386
1.68883,-1.33828
1.68968,-1.33795
1.69053,-1.33762
1.69137,-1.33729
1.69221,-1.33697
1.69306,-1.33664
1.6939,-1.33631
1.69474,-1.33598
1.69558,-1.33565
1.69642,-1.33532
1.69725,-1.33499
1.69809,-1.33466
1.69893,-1.33433
1.69976,-1.334
1.70059,-1.33367
1.70142,-1.33334
1.70226,-1.33301
1.70309,-1.33268
1.70391,-1.33234
1.70474,-1.33201
1.70557,-1.33168
1.70639,-1.33134
1.70722,-1.33101
1.70804,-1.33068
1.70886,-1.33034
1.70968,-1.33001
1.7105,-1.32967
1.71132,-1.32934
1.71214,-1.329
1.71296,-1.32867
1.71377,-1.32833
1.71459,-1.32799
1.7154,-1.32766
1.71621,-1.32732
1.71702,-1.32698
1.71783,-1.32665
1.71864,-1.32631
1.71945,-1.32597
1.72026,-1.32563
1.72106,-1.32529
1.72187,-1.32495
1.72267,-1.32462
1.72348,-1.32428
1.72428,-1.32394
1.72508,-1.3236
1.72588,-1.32326
1.72668,-1.32292
1.72747,-1.32257
1.72827,-1.32223
1.72906,-1.32189
1.72986,-1.32155
1.73065,-1.32121
1.73144,-1.32087
1.73223,-1.32052
1.73302,-1.32018
1.73381,-1.31984
1.7346,-1.3195
1.73539,-1.31915
1.73617,-1.31881
1.73695,-1.31847
1.73774,-1.31812
1.73852,-1.31778
1.7393,-1.31743
1.74008,-1.31709
1.74086,-1.31674
1.74164,-1.3164
1.74241,-1.31605
1.74319,-1.31571
1.74396,-1.31536
1.74474,-1.31501
1.74551,-1.31467
1.74628,-1.31432
1.74705,-1.31397
1.74782,-1.31363
1.74859,-1.31328
1.74936,-1.31293
1.75012,-1.31259
1.75089,-1.31224
1.75165,-1.31189
1.75241,-1.31154
1.75317,-1.31119
1.75393,-1.31084
1.75469,-1.31049
1.75545,-1.31015
1.75621,-1.3098
1.75696,-1.30945
1.75772,-1.3091
1.75847,-1.30875
1.75923,-1.3084
1.75998,-1.30805
1.76073,-1.3077
1.76148,-1.30735
1.76223,-1.30699
1.76297,-1.30664
1.76372,-1.30629
1.76447,-1.30594
1.76521,-1.30559
1.76595,-1.30524
1.7667,-1.30489
1.76744,-1.30453
1.76818,-1.30418
1.76891,-1.30383
1.76965,-1.30348
1.77039,-1.30312
1.77112,-1.30277
1.77186,-1.30242
1.77259,-1.30206
1.77332,-1.30171
1.77406,-1.30136
1.77479,-1.301
1.77552,-1.30065
1.77624,-1.3003
1.77697,-1.29994
1.7777,-1.29959
1.77842,-1.29923
1.77914,-1.29888
1.77987,-1.29852
1.78059,-1.29817
1.78131,-1.29781
1.78203,-1.29746
1.78275,-1.2971
1.78346,-1.29675
1.78418,-1.29639
1.7849,-1.29604
1.78561,-1.29568
1.78632,-1.29532
1.78703,-1.29497
1.78774,-1.29461
1.78845,-1.29425
1.78916,-1.2939
1.78987,-1.29354
1.79058,-1.29318
1.79128,-1.29283
1.79199,-1.29247
1.79269,-1.29211
1.79339,-1.29176
1.79409,-1.2914
1.79479,-1.29104
1.79549,-1.29068
1.79619,-1.29033
1.79689,-1.28997
1.79758,-1.28961
1.79828,-1.28925
1.79897,-1.28889
1.79966,-1.28854
1.80035,-1.28818
1.80104,-1.28782
1.80173,-1.28746
1.80242,-1.2871
1.80311,-1.28674
1.80379,-1.28638
1.80448,-1.28603
1.80516,-1.28567
1.80585,-1.28531
1.80653,-1.28495
1.80721,-1.28459
1.80789,-1.28423
1.80857,-1.28387
1.80924,-1.28351
1.80992,-1.28315
1.8106,-1.28279
1.81127,-1.28243
1.81194,-1.28207
1.81262,-1.28171
1.81329,-1.28135
1.81396,-1.28099
1.81463,-1.28063
1.81529,-1.28027
1.81596,-1.27991
1.81663,-1.27955
1.81729,-1.27919
1.81795,-1.27883
1.81862,-1.27847
1.81928,-1.27811
1.81994,-1.27775
1.8206,-1.27739
1.82126,-1.27703
1.82191,-1.27667
1.82257,-1.27631
1.82322,-1.27595
1.82388,-1.27559
1.82453,-1.27523
1.82518,-1.27487
1.82583,-1.27451
1.82648,-1.27415
1.82713,-1.27378
1.82778,-1.27342
1.82843,-1.27306
1.82907,-1.2727
1.82972,-1.27234
1.83036,-1.27198
1.831,-1.27162
1.83164,-1.27126
1.83228,-1.2709
1.83292,-1.27054
1.83356,-1.27017
1.8342,-1.26981
1.83483,-1.26945
1.83547,-1.26909
1.8361,-1.26873
1.83673,-1.26837
1.83737,-1.26801
1.838,-1.26765
1.83863,-1.26729
1.83925,-1.26692
1.83988,-1.26656
1.84051,-1.2662
1.84113,-1.26584
1.84176,-1.26548
1.84238,-1.26512
1.843,-1.26476
1.84362,-1.2644
1.84424,-1.26403
1.84486,-1.26367
1.84548,-1.26331
1.8461,-1.26295
1.84671,-1.26259
1.84733,-1.26223
1.84794,-1.26187
1.84855,-1.26151
1.84917,-1.26115
1.84978,-1.26078
1.85039,-1.26042
1.85099,-1.26006
1.8516,-1.2597
1.85221,-1.25934
1.85281,-1.25898
1.85342,-1.25862
1.85402,-1.25826
1.85462,-1.2579
1.85522,-1.25754
1.85582,-1.25718
1.85642,-1.25681
1.85702,-1.25645
1.85762,-1.25609
1.85821,-1.25573
1.85881,-1.25537
1.8594,-1.25501
1.86,-1.25465
1.86059,-1.25429
1.86118,-1.25393
1.86177,-1.25357
1.86236,-1.25321
1.86294,-1.25285
1.86353,-1.25249
1.86412,-1.25213
1.8647,-1.25177
1.86528,-1.25141
1.86586,-1.25105
1.86645,-1.25069
1.86703,-1.25033
1.86761,-1.24997
1.86818,-1.24961
1.86876,-1.24925
1.86934,-1.24889
1.86991,-1.24853
1.87049,-1.24817
1.87106,-1.24781
1.87163,-1.24746
1.8722,-1.2471
1.87277,-1.24674
1.87334,-1.24638
1.87391,-1.24602
1.87447,-1.24566
1.87504,-1.2453
1.8756,-1.24494
1.87617,-1.24458
1.87673,-1.24423
1.87729,-1.24387
1.87785,-1.24351
1.87841,-1.24315
1.87897,-1.24279
1.87953,-1.24244
1.88008,-1.24208
1.88064,-1.24172
1.88119,-1.24136
1.88175,-1.24101
1.8823,-1.24065
1.88285,-1.24029
1.8834,-1.23993
1.88395,-1.23958
1.8845,-1.23922
1.88504,-1.23886
1.88559,-1.23851
1.88613,-1.23815
1.88668,-1.23779
1.88722,-1.23744
1.88776,-1.23708
1.8883,-1.23672
1.88884,-1.23637
1.88938,-1.23601
1.88992,-1.23566
1.89046,-1.2353
1.89099,-1.23494
1.89153,-1.23459
1.89206,-1.23423
1.89259,-1.23388
1.89313,-1.23352
1.89366,-1.23317
1.89419,-1.23281
1.89471,-1.23246
1.89524,-1.2321
1.89577,-1.23175
1.89629,-1.2314
1.89682,-1.23104
1.89734,-1.23069
1.89786,-1.23033
1.89839,-1.22998
1.89891,-1.22963
1.89943,-1.22927
1.89994,-1.22892
1.90046,-1.22857
1.90098,-1.22822
1.90149,-1.22786
1.90201,-1.22751
1.90252,-1.22716
1.90303,-1.22681
1.90354,-1.22645
1.90405,-1.2261
1.90456,-1.22575
1.90507,-1.2254
1.90558,-1.22505
1.90609,-1.2247
1.90659,-1.22434
1.90709,-1.22399
1.9076,-1.22364
1.9081,-1.22329
1.9086,-1.22294
1.9091,-1.22259
1.9096,-1.22224
1.9101,-1.22189
1.9106,-1.22154
1.91109,-1.22119
1.91159,-1.22084
1.91208,-1.22049
1.91257,-1.22015
1.91307,-1.2198
1.91356,-1.21945
1.91405,-1.2191
1.91454,-1.21875
1.91502,-1.2184
1.91551,-1.21806
1.916,-1.21771
1.91648,-1.21736
1.91697,-1.21701
1.91745,-1.21667
1.91793,-1.21632
1.91841,-1.21597
1.91889,-1.21563
1.91937,-1.21528
1.91985,-1.21494
1.92033,-1.21459
1.9208,-1.21424
1.92128,-1.2139
1.92175,-1.21355
1.92222,-1.21321
1.9227,-1.21286
1.92317,-1.21252
1.92364,-1.21218
1.92411,-1.21183
1.92457,-1.21149
1.92504,-1.21114
1.92551,-1.2108
1.92597,-1.21046
1.92644,-1.21012
1.9269,-1.20977
1.92736,-1.20943
1.92782,-1.20909
1.92828,-1.20875
1.92874,-1.2084
1.9292,-1.20806
1.92966,-1.20772
1.93011,-1.20738
1.93057,-1.20704
1.93102,-1.2067
1.93148,-1.20636
1.93193,-1.20602
1.93238,-1.20568
1.93283,-1.20534
1.93328,-1.205
1.93373,-1.20466
1.93418,-1.20432
1.93462,-1.20398
1.93507,-1.20364
1.93551,-1.20331
1.93595,-1.20297
1.9364,-1.20263
1.93684,-1.20229
1.93728,-1.20196
1.93772,-1.20162
1.93816,-1.20128
1.93859,-1.20095
1.93903,-1.20061
1.93947,-1.20028
1.9399,-1.19994
1.94033,-1.19961
1.94077,-1.19927
1.9412,-1.19894
1.94163,-1.1986
1.94206,-1.19827
1.94249,-1.19793
1.94292,-1.1976
1.94334,-1.19727
1.94377,-1.19693
1.94419,-1.1966
1.94462,-1.19627
1.94504,-1.19594
1.94546,-1.1956
1.94588,-1.19527
1.9463,-1.19494
1.94672,-1.19461
1.94714,-1.19428
1.94756,-1.19395
1.94797,-1.19362
1.94839,-1.19329
1.9488,-1.19296
1.94922,-1.19263
1.94963,-1.1923
1.95004,-1.19197
1.95045,-1.19164
1.95086,-1.19132
1.95127,-1.19099
1.95168,-1.19066
1.95208,-1.19033
1.95249,-1.19001
1.95289,-1.18968
1.9533,-1.18935
1.9537,-1.18903
1.9541,-1.1887
1.9545,-1.18838
1.9549,-1.18805
1.9553,-1.18773
1.9557,-1.1874
1.95609,-1.18708
1.95649,-1.18676
1.95689,-1.18643
1.95728,-1.18611
1.95767,-1.18579
1.95807,-1.18546
1.95846,-1.18514
1.95885,-1.18482
1.95924,-1.1845
1.95962,-1.18418
1.96001,-1.18386
1.9604,-1.18354
1.96078,-1.18322
1.96117,-1.1829
1.96155,-1.18258
1.96194,-1.18226
1.96232,-1.18194
1.9627,-1.18162
1.96308,-1.1813
1.96346,-1.18098
1.96383,-1.18067
1.96421,-1.18035
1.96459,-1.18003
1.96496,-1.17972
1.96534,-1.1794
1.96571,-1.17908
1.96608,-1.17877
1.96646,-1.17845
1.96683,-1.17814
1.9672,-1.17783
1.96756,-1.17751
1.96793,-1.1772
1.9683,-1.17688
1.96866,-1.17657
1.96903,-1.17626
1.96939,-1.17595
1.96976,-1.17564
1.97012,-1.17532
1.97048,-1.17501
1.97084,-1.1747
1.9712,-1.17439
1.97156,-1.17408
1.97192,-1.17377
1.97227,-1.17346
1.97263,-1.17315
1.97298,-1.17285
1.97334,-1.17254
1.97369,-1.17223
1.97404,-1.17192
1.97439,-1.17162
1.97474,-1.17131
1.97509,-1.171
1.97544,-1.1707
1.97579,-1.17039
1.97613,-1.17009
1.97648,-1.16978
1.97682,-1.16948
1.97717,-1.16917
1.97751,-1.16887
1.97785,-1.16857
1.97819,-1.16826
1.97853,-1.16796
1.97887,-1.16766
1.97921,-1.16736
1.97955,-1.16706
1.97988,-1.16676
1.98022,-1.16646
1.98055,-1.16616
1.98089,-1.16586
1.98122,-1.16556
1.98155,-1.16526
1.98188,-1.16496
1.98221,-1.16466
1.98254,-1.16437
1.98287,-1.16407
1.9832,-1.16377
1.98353,-1.16348
1.98385,-1.16318
1.98418,-1.16288
1.9845,-1.16259
1.98482,-1.16229
1.98514,-1.162
1.98547,-1.16171
1.98579,-1.16141
1.9861,-1.16112
1.98642,-1.16083
1.98674,-1.16054
1.98706,-1.16024
1.98737,-1.15995
1.98769,-1.15966
1.988,-1.15937
1.98831,-1.15908
1.98863,-1.15879
1.98894,-1.1585
1.98925,-1.15821
1.98956,-1.15793
1.98987,-1.15764
1.99017,-1.15735
1.99048,-1.15706
1.99079,-1.15678
1.99109,-1.15649
1.9914,-1.15621
1.9917,-1.15592
1.992,-1.15564
1.9923,-1.15535
1.9926,-1.15507
1.9929,-1.15478
1.9932,-1.1545
1.9935,-1.15422
1.9938,-1.15394
1.99409,-1.15365
1.99439,-1.15337
1.99468,-1.15309
1.99498,-1.15281
1.99527,-1.15253
1.99556,-1.15225
1.99585,-1.15197
1.99614,-1.1517
1.99643,-1.15142
1.99672,-1.15114
1.99701,-1.15086
1.99729,-1.15059
1.99758,-1.15031
1.99786,-1.15004
1.99815,-1.14976
1.99843,-1.14949
1.99871,-1.14921
1.99899,-1.14894
1.99927,-1.14866
1.99955,-1.14839
1.99983,-1.14812
2.00011,-1.14785
2.00039,-1.14758
2.00066,-1.1473
2.00094,-1.14703
2.00121,-1.14676
2.00149,-1.14649
2.00176,-1.14623
2.00203,-1.14596
2.0023,-1.14569
2.00257,-1.14542
2.00284,-1.14515
2.00311,-1.14489
2.00338,-1.14462
2.00365,-1.14436
2.00391,-1.14409
2.00418,-1.14383
2.00444,-1.14356
2.0047,-1.1433
2.00497,-1.14304
2.00523,-1.14277
2.00549,-1.14251
2.00575,-1.14225
2.00601,-1.14199
2.00627,-1.14173
2.00652,-1.14147
2.00678,-1.14121
2.00704,-1.14095
2.00729,-1.14069
2.00754,-1.14043
2.0078,-1.14017
2.00805,-1.13992
2.0083,-1.13966
2.00855,-1.1394
2.0088,-1.13915
2.00905,-1.13889
2.0093,-1.13864
2.00955,-1.13838
2.00979,-1.13813
2.01004,-1.13788
2.01028,-1.13762
2.01053,-1.13737
2.01077,-1.13712
2.01101,-1.13687
2.01126,-1.13662
2.0115,-1.13637
2.01174,-1.13612
2.01197,-1.13587
2.01221,-1.13562
2.01245,-1.13538
2.01269,-1.13513
2.01292,-1.13488
2.01316,-1.13463
2.01339,-1.13439
2.01362,-1.13414
2.01386,-1.1339
2.01409,-1.13366
2.01432,-1.13341
2.01455,-1.13317
2.01478,-1.13293
2.01501,-1.13268
2.01523,-1.13244
2.01546,-1.1322
2.01569,-1.13196
2.01591,-1.13172
2.01614,-1.13148
2.01636,-1.13124
2.01658,-1.13101
2.0168,-1.13077
2.01703,-1.13053
2.01725,-1.13029
2.01747,-1.13006
2.01768,-1.12982
2.0179,-1.12959
2.01812,-1.12935
2.01834,-1.12912
2.01855,-1.12889
2.01877,-1.12865
2.01898,-1.12842
2.01919,-1.12819
2.0194,-1.12796
2.01962,-1.12773
2.01983,-1.1275
2.02004,-1.12727
2.02024,-1.12704
2.02045,-1.12681
2.02066,-1.12658
2.02087,-1.12636
2.02107,-1.12613
2.02128,-1.1259
2.02148,-1.12568
2.02169,-1.12545
2.02189,-1.12523
2.02209,-1.12501
2.02229,-1.12478
2.02249,-1.12456
2.02269,-1.12434
2.02289,-1.12412
2.02309,-1.1239
2.02328,-1.12368
2.02348,-1.12346
2.02368,-1.12324
2.02387,-1.12302
2.02406,-1.1228
2.02426,-1.12258
2.02445,-1.12237
2.02464,-1.12215
2.02483,-1.12194
2.02502,-1.12172
2.02521,-1.12151
2.0254,-1.12129
2.02559,-1.12108
2.02578,-1.12087
2.02596,-1.12065
2.02615,-1.12044
2.02633,-1.12023
2.02652,-1.12002
2.0267,-1.11981
2.02688,-1.1196
2.02706,-1.1194
2.02724,-1.11919
2.02742,-1.11898
2.0276,-1.11877
2.02778,-1.11857
2.02796,-1.11836
2.02814,-1.11816
2.02831,-1.11795
2.02849,-1.11775
2.02866,-1.11755
2.02884,-1.11734
2.02901,-1.11714
2.02918,-1.11694
2.02935,-1.11674
2.02952,-1.11654
2.02969,-1.11634
2.02986,-1.11614
2.03003,-1.11594
2.0302,-1.11575
2.03037,-1.11555
2.03053,-1.11535
2.0307,-1.11516
2.03086,-1.11496
2.03103,-1.11477
2.03119,-1.11457
2.03135,-1.11438
2.03152,-1.11419
2.03168,-1.114
2.03184,-1.11381
2.032,-1.11361
2.03216,-1.11342
2.03231,-1.11324
2.03247,-1.11305
2.03263,-1.11286
2.03278,-1.11267
2.03294,-1.11248
2.03309,-1.1123
2.03325,-1.11211
2.0334,-1.11193
2.03355,-1.11174
2.0337,-1.11156
2.03385,-1.11138
2.034,-1.11119
2.03415,-1.11101
2.0343,-1.11083
2.03445,-1.11065
2.0346,-1.11047
2.03474,-1.11029
2.03489,-1.11011
2.03503,-1.10993
2.03518,-1.10976
2.03532,-1.10958
2.03546,-1.1094
2.03561,-1.10923
2.03575,-1.10905
2.03589,-1.10888
2.03603,-1.10871
2.03617,-1.10853
2.03631,-1.10836
2.03644,-1.10819
2.03658,-1.10802
2.03672,-1.10785
2.03685,-1.10768
2.03699,-1.10751
2.03712,-1.10734
2.03725,-1.10718
2.03739,-1.10701
2.03752,-1.10684
2.03765,-1.10668
2.03778,-1.10651
2.03791,-1.10635
2.03804,-1.10619
2.03817,-1.10602
2.0383,-1.10586
2.03842,-1.1057
2.03855,-1.10554
2.03867,-1.10538
2.0388,-1.10522
2.03892,-1.10506
2.03905,-1.1049
2.03917,-1.10475
2.03929,-1.10459
2.03941,-1.10443
2.03953,-1.10428
2.03965,-1.10412
2.03977,-1.10397
2.03989,-1.10382
2.04001,-1.10366
2.04013,-1.10351
2.04024,-1.10336
2.04036,-1.10321
2.04047,-1.10306
2.04059,-1.10291
2.0407,-1.10276
2.04082,-1.10261
2.04093,-1.10247
2.04104,-1.10232
2.04115,-1.10217
2.04126,-1.10203
2.04137,-1.10188
2.04148,-1.10174
2.04159,-1.1016
2.0417,-1.10146
2.0418,-1.10131
2.04191,-1.10117
2.04201,-1.10103
2.04212,-1.10089
2.04222,-1.10075
2.04233,-1.10062
2.04243,-1.10048
2.04253,-1.10034
2.04263,-1.10021
2.04273,-1.10007
2.04283,-1.09994
2.04293,-1.0998
2.04303,-1.09967
2.04313,-1.09954
2.04323,-1.09941
2.04332,-1.09927
2.04342,-1.09914
2.04352,-1.09902
2.04361,-1.09889
2.04371,-1.09876
2.0438,-1.09863
2.04389,-1.0985
2.04398,-1.09838
2.04408,-1.09825
2.04417,-1.09813
2.04426,-1.098
2.04435,-1.09788
2.04444,-1.09776
2.04452,-1.09764
2.04461,-1.09752
2.0447,-1.0974
2.04479,-1.09728
2.04487,-1.09716
2.04496,-1.09704
2.04504,-1.09692
2.04512,-1.09681
2.04521,-1.09669
2.04529,-1.09657
2.04537,-1.09646
2.04545,-1.09635
2.04553,-1.09623
2.04561,-1.09612
2.04569,-1.09601
2.04577,-1.0959
2.04585,-1.09579
2.04593,-1.09568
2.046,-1.09557
2.04608,-1.09546
2.04615,-1.09536
2.04623,-1.09525
2.0463,-1.09515
2.04638,-1.09504
2.04645,-1.09494
2.04652,-1.09483
2.04659,-1.09473
2.04667,-1.09463
2.04674,-1.09453
2.04681,-1.09443
2.04687,-1.09433
2.04694,-1.09423
2.04701,-1.09413
2.04708,-1.09403
2.04715,-1.09394
2.04721,-1.09384
2.04728,-1.09375
2.04734,-1.09365
2.04741,-1.09356
2.04747,-1.09347
2.04753,-1.09337
2.04759,-1.09328
2.04766,-1.09319
2.04772,-1.0931
2.04778,-1.09301
2.04784,-1.09293
2.0479,-1.09284
2.04796,-1.09275
2.04801,-1.09267
2.04807,-1.09258
2.04813,-1.0925
2.04819,-1.09241
2.04824,-1.09233
2.0483,-1.09225
2.04835,-1.09217
2.04841,-1.09209
2.04846,-1.09201
2.04851,-1.09193
2.04856,-1.09185
2.04861,-1.09177
2.04867,-1.0917
2.04872,-1.09162
2.04877,-1.09154
2.04882,-1.09147
2.04886,-1.0914
2.04891,-1.09132
2.04896,-1.09125
2.04901,-1.09118
2.04905,-1.09111
2.0491,-1.09104
2.04914,-1.09097
2.04919,-1.0909
2.04923,-1.09084
2.04928,-1.09077
2.04932,-1.0907
2.04936,-1.09064
2.0494,-1.09058
2.04944,-1.09051
2.04948,-1.09045
2.04952,-1.09039
2.04956,-1.09033
2.0496,-1.09027
2.04964,-1.09021
2.04968,-1.09015
2.04971,-1.09009
2.04975,-1.09003
2.04979,-1.08998
2.04982,-1.08992
2.04986,-1.08987
2.04989,-1.08981
2.04993,-1.08976
2.04996,-1.08971
2.04999,-1.08966
2.05002,-1.08961
2.05005,-1.08956
2.05009,-1.08951
2.05012,-1.08946
2.05015,-1.08941
2.05017,-1.08937
2.0502,-1.08932
2.05023,-1.08928
2.05026,-1.08923
2.05029,-1.08919
2.05031,-1.08915
2.05034,-1.08911
2.05036,-1.08906
2.05039,-1.08902
2.05041,-1.08899
2.05044,-1.08895
2.05046,-1.08891
2.05048,-1.08887
2.05051,-1.08884
2.05053,-1.0888
2.05055,-1.08877
2.05057,-1.08873
2.05059,-1.0887
2.05061,-1.08867
2.05063,-1.08864
2.05065,-1.08861
2.05066,-1.08858
2.05068,-1.08855
2.0507,-1.08852
2.05071,-1.08849
2.05073,-1.08847
2.05075,-1.08844
2.05076,-1.08842
2.05077,-1.0884
2.05079,-1.08837
2.0508,-1.08835
2.05081,-1.08833
2.05083,-1.08831
2.05084,-1.08829
2.05085,-1.08827
2.05086,-1.08825
2.05087,-1.08824
2.05088,-1.08822
2.05089,-1.08821
2.0509,-1.08819
2.0509,-1.08818
2.05091,-1.08816
2.05092,-1.08815
2.05093,-1.08814
2.05093,-1.08813
2.05094,-1.08812
2.05094,-1.08811
2.05095,-1.08811
2.05095,-1.0881
2.05095,-1.08809
2.05096,-1.08809
2.05096,-1.08808
2.05096,-1.08808
2.05096,-1.08808
2.05096,-1.08808
2.05096,-1.08807
2.05096,-1.08807
2.05096,-1.08808
2.05096,-1.08808
2.05096,-1.08808
2.05096,-1.08808
2.05096,-1.08809
2.05095,-1.08809
2.05095,-1.0881
2.05095,-1.0881
2.05094,-1.08811
2.05094,-1.08812
2.05093,-1.08813
2.05093,-1.08814
2.05092,-1.08815
2.05091,-1.08816
2.05091,-1.08818
2.0509,-1.08819
2.05089,-1.0882
2.05088,-1.08822
2.05087,-1.08824
2.05086,-1.08825
2.05085,-1.08827
2.05084,-1.08829
2.05083,-1.08831
2.05082,-1.08833
2.05081,-1.08835
2.0508,-1.08837
2.05078,-1.0884
2.05077,-1.08842
2.05076,-1.08844
2.05074,-1.08847
2.05073,-1.0885
2.05071,-1.08852
2.0507,-1.08855
2.05068,-1.08858
2.05067,-1.08861
2.05065,-1.08864
2.05063,-1.08868
2.05061,-1.08871
2.0506,-1.08874
2.05058,-1.08878
2.05056,-1.08881
2.05054,-1.08885
2.05052,-1.08888
2.0505,-1.08892
2.05048,-1.08896
2.05046,-1.089
2.05043,-1.08904
2.05041,-1.08908
2.05039,-1.08913
2.05037,-1.08917
2.05034,-1.08921
2.05032,-1.08926
2.05029,-1.0893
2.05027,-1.08935
2.05024,-1.0894
2.05022,-1.08945
2.05019,-1.0895
2.05016,-1.08955
2.05014,-1.0896
2.05011,-1.08965
2.05008,-1.0897
2.05005,-1.08976
2.05003,-1.08981
2.05,-1.08987
2.04997,-1.08993
2.04994,-1.08998
2.04991,-1.09004
2.04988,-1.0901
2.04985,-1.09016
2.04981,-1.09022
2.04978,-1.09029
2.04975,-1.09035
2.04972,-1.09041
2.04968,-1.09048
2.04965,-1.09054
2.04962,-1.09061
2.04958,-1.09068
2.04955,-1.09075
2.04951,-1.09081
2.04948,-1.09088
2.04944,-1.09096
2.0494,-1.09103
2.04937,-1.0911
2.04933,-1.09117
2.04929,-1.09125
2.04925,-1.09133
2.04922,-1.0914
2.04918,-1.09148
2.04914,-1.09156
2.0491,-1.09164
2.04906,-1.09172
2.04902,-1.0918
2.04898,-1.09188
2.04894,-1.09196
2.04889,-1.09205
2.04885,-1.09213
2.04881,-1.09222
2.04877,-1.0923
2.04872,-1.09239
2.04868,-1.09248
2.04864,-1.09257
2.04859,-1.09266
2.04855,-1.09275
2.0485,-1.09284
2.04846,-1.09294
2.04841,-1.09303
2.04837,-1.09313
2.04832,-1.09322
2.04827,-1.09332
2.04823,-1.09342
2.04818,-1.09351
2.04813,-1.09361
2.04808,-1.09371
2.04803,-1.09382
2.04799,-1.09392
2.04794,-1.09402
2.04789,-1.09413
2.04784,-1.09423
2.04779,-1.09434
2.04774,-1.09444
2.04768,-1.09455
2.04763,-1.09466
2.04758,-1.09477
2.04753,-1.09488
2.04748,-1.09499
2.04742,-1.09511
2.04737,-1.09522
2.04732,-1.09533
2.04726,-1.09545
2.04721,-1.09557
2.04716,-1.09568
2.0471,-1.0958
2.04705,-1.09592
2.04699,-1.09604
2.04693,-1.09616
2.04688,-1.09628
2.04682,-1.09641
2.04677,-1.09653
2.04671,-1.09666
2.04665,-1.09678
2.04659,-1.09691
2.04653,-1.09704
2.04648,-1.09716
2.04642,-1.09729
2.04636,-1.09742
2.0463,-1.09756
2.04624,-1.09769
2.04618,-1.09782
2.04612,-1.09796
2.04606,-1.09809
2.046,-1.09823
2.04594,-1.09836
2.04587,-1.0985
2.04581,-1.09864
2.04575,-1.09878
2.04569,-1.09892
2.04562,-1.09907
2.04556,-1.09921
2.0455,-1.09935
2.04543,-1.0995
2.04537,-1.09964
2.04531,-1.09979
2.04524,-1.09994
2.04518,-1.10009
2.04511,-1.10024
2.04505,-1.10039
2.04498,-1.10054
2.04491,-1.10069
2.04485,-1.10084
2.04478,-1.101
2.04471,-1.10115
2.04465,-1.10131
2.04458,-1.10147
2.04451,-1.10163
2.04444,-1.10178
2.04437,-1.10194
2.04431,-1.10211
2.04424,-1.10227
2.04417,-1.10243
2.0441,-1.1026
2.04403,-1.10276
2.04396,-1.10293
2.04389,-1.10309
2.04382,-1.10326
2.04375,-1.10343
2.04367,-1.1036
2.0436,-1.10377
2.04353,-1.10394
2.04346,-1.10412
2.04339,-1.10429
2.04331,-1.10446
2.04324,-1.10464
2.04317,-1.10482
2.0431,-1.105
2.04302,-1.10517
2.04295,-1.10535
2.04287,-1.10553
2.0428,-1.10572
2.04272,-1.1059
2.04265,-1.10608
2.04257,-1.10627
2.0425,-1.10645
2.04242,-1.10664
2.04235,-1.10683
2.04227,-1.10701
2.0422,-1.1072
2.04212,-1.10739
2.04204,-1.10759
2.04197,-1.10778
2.04189,-1.10797
2.04181,-1.10817
2.04173,-1.10836
2.04165,-1.10856
2.04158,-1.10876
2.0415,-1.10895
2.04142,-1.10915
2.04134,-1.10935
2.04126,-1.10956
2.04118,-1.10976
2.0411,-1.10996
2.04102,-1.11017
2.04094,-1.11037
2.04086,-1.11058
2.04078,-1.11078
2.0407,-1.11099
2.04062,-1.1112
2.04054,-1.11141
2.04046,-1.11162
2.04038,-1.11184
2.0403,-1.11205
2.04021,-1.11226
2.04013,-1.11248
2.04005,-1.1127
2.03997,-1.11291
2.03988,-1.11313
2.0398,-1.11335
2.03972,-1.11357
2.03963,-1.11379
2.03955,-1.11401
2.03947,-1.11424
2.03938,-1.11446
2.0393,-1.11469
2.03921,-1.11491
2.03913,-1.11514
2.03904,-1.11537
2.03896,-1.1156
2.03887,-1.11583
2.03879,-1.11606
2.0387,-1.11629
2.03862,-1.11653
2.03853,-1.11676
2.03845,-1.117
2.03836,-1.11723
2.03827,-1.11747
2.03819,-1.11771
2.0381,-1.11795
2.03801,-1.11819
2.03793,-1.11843
2.03784,-1.11867
2.03775,-1.11891
2.03766,-1.11916
2.03758,-1.1194
2.03749,-1.11965
2.0374,-1.1199
2.03731,-1.12015
2.03722,-1.1204
2.03714,-1.12065
2.03705,-1.1209
2.03696,-1.12115
2.03687,-1.1214
2.03678,-1.12166
2.03669,-1.12192
2.0366,-1.12217
2.03651,-1.12243
2.03642,-1.12269
2.03633,-1.12295
2.03624,-1.12321
2.03615,-1.12347
2.03606,-1.12373
2.03597,-1.124
2.03588,-1.12426
2.03579,-1.12453
2.0357,-1.12479
2.03561,-1.12506
2.03552,-1.12533
2.03542,-1.1256
2.03533,-1.12587
2.03524,-1.12614
2.03515,-1.12642
2.03506,-1.12669
2.03497,-1.12697
2.03487,-1.12724
2.03478,-1.12752
2.03469,-1.1278
2.0346,-1.12808
2.0345,-1.12836
2.03441,-1.12864
2.03432,-1.12892
2.03423,-1.1292
2.03413,-1.12949
2.03404,-1.12977
2.03395,-1.13006
2.03385,-1.13035
2.03376,-1.13064
2.03367,-1.13092
2.03357,-1.13122
2.03348,-1.13151
2.03338,-1.1318
2.03329,-1.13209
2.0332,-1.13239
2.0331,-1.13268
2.03301,-1.13298
2.03291,-1.13328
2.03282,-1.13358
2.03273,-1.13388
2.03263,-1.13418
2.03254,-1.13448
2.03244,-1.13478
2.03235,-1.13509
2.03225,-1.13539
2.03216,-1.1357
2.03206,-1.136
2.03197,-1.13631
2.03187,-1.13662
2.03178,-1.13693
2.03168,-1.13724
2.03158,-1.13756
2.03149,-1.13787
2.03139,-1.13818
2.0313,-1.1385
2.0312,-1.13881
2.03111,-1.13913
2.03101,-1.13945
2.03091,-1.13977
2.03082,-1.14009
2.03072,-1.14041
2.03063,-1.14074
2.03053,-1.14106
2.03043,-1.14138
2.03034,-1.14171
2.03024,-1.14204
2.03015,-1.14236
2.03005,-1.14269
2.02995,-1.14302
2.02986,-1.14335
2.02976,-1.14369
2.02966,-1.14402
2.02957,-1.14435
2.02947,-1.14469
2.02937,-1.14503
2.02928,-1.14536
2.02918,-1.1457
2.02908,-1.14604
2.02899,-1.14638
2.02889,-1.14672
2.02879,-1.14706
2.02869,-1.14741
2.0286,-1.14775
2.0285,-1.1481
2.0284,-1.14845
2.02831,-1.14879
2.02821,-1.14914
2.02811,-1.14949
2.02802,-1.14984
2.02792,-1.1502
2.02782,-1.15055
2.02772,-1.1509
2.02763,-1.15126
2.02753,-1.15161
2.02743,-1.15197
2.02734,-1.15233
2.02724,-1.15269
2.02714,-1.15305
2.02704,-1.15341
2.02695,-1.15377
2.02685,-1.15414
2.02675,-1.1545
2.02666,-1.15487
2.02656,-1.15524
2.02646,-1.1556
2.02636,-1.15597
2.02627,-1.15634
2.02617,-1.15671
2.02607,-1.15709
2.02598,-1.15746
2.02588,-1.15783
2.02578,-1.15821
2.02569,-1.15858
2.02559,-1.15896
2.02549,-1.15934
2.02539,-1.15972
2.0253,-1.1601
2.0252,-1.16048
2.0251,-1.16086
2.02501,-1.16125
2.02491,-1.16163
2.02481,-1.16202
2.02472,-1.16241
2.02462,-1.16279
2.02452,-1.16318
2.02443,-1.16357
2.02433,-1.16396
2.02423,-1.16436
2.02414,-1.16475
2.02404,-1.16514
2.02395,-1.16554
2.02385,-1.16594
2.02375,-1.16633
2.02366,-1.16673
2.02356,-1.16713
2.02346,-1.16753
2.02337,-1.16794
2.02327,-1.16834
2.02318,-1.16874
2.02308,-1.16915
2.02298,-1.16955
2.02289,-1.16996
2.02279,-1.17037
2.0227,-1.17078
2.0226,-1.17119
2.02251,-1.1716
2.02241,-1.17201
2.02232,-1.17243
2.02222,-1.17284
2.02213,-1.17326
2.02203,-1.17367
2.02194,-1.17409
2.02184,-1.17451
2.02175,-1.17493
2.02165,-1.17535
2.02156,-1.17577
2.02146,-1.1762
2.02137,-1.17662
2.02127,-1.17705
2.02118,-1.17747
2.02109,-1.1779
2.02099,-1.17833
2.0209,-1.17876
2.0208,-1.17919
2.02071,-1.17962
2.02062,-1.18005
2.02052,-1.18049
2.02043,-1.18092
2.02034,-1.18136
2.02024,-1.1818
2.02015,-1.18223
2.02006,-1.18267
2.01996,-1.18311
2.01987,-1.18356
2.01978,-1.184
2.01969,-1.18444
2.01959,-1.18489
2.0195,-1.18533
2.01941,-1.18578
2.01932,-1.18623
2.01923,-1.18668
2.01913,-1.18713
2.01904,-1.18758
2.01895,-1.18803
2.01886,-1.18848
2.01877,-1.18894
2.01868,-1.18939
2.01859,-1.18985
2.0185,-1.19031
2.01841,-1.19076
2.01831,-1.19122
2.01822,-1.19168
2.01813,-1.19215
2.01804,-1.19261
2.01795,-1.19307
2.01786,-1.19354
2.01778,-1.194
2.01769,-1.19447
2.0176,-1.19494
2.01751,-1.19541
2.01742,-1.19588
2.01733,-1.19635
2.01724,-1.19682
2.01715,-1.1973
2.01706,-1.19777
2.01698,-1.19825
2.01689,-1.19873
2.0168,-1.1992
2.01671,-1.19968
2.01663,-1.20016
2.01654,-1.20064
2.01645,-1.20113
2.01636,-1.20161
2.01628,-1.20209
2.01619,-1.20258
2.01611,-1.20307
2.01602,-1.20355
2.01593,-1.20404
2.01585,-1.20453
2.01576,-1.20502
2.01568,-1.20552
2.01559,-1.20601
2.01551,-1.2065
2.01542,-1.207
2.01534,-1.20749
2.01525,-1.20799
2.01517,-1.20849
2.01509,-1.20899
2.015,-1.20949
2.01492,-1.20999
2.01483,-1.21049
2.01475,-1.211
2.01467,-1.2115
2.01459,-1.21201
2.0145,-1.21252
2.01442,-1.21302
2.01434,-1.21353
2.01426,-1.21404
2.01418,-1.21456
2.0141,-1.21507
2.01401,-1.21558
2.01393,-1.2161
2.01385,-1.21661
2.01377,-1.21713
2.01369,-1.21765
2.01361,-1.21817
2.01353,-1.21869
2.01345,-1.21921
2.01337,-1.21973
2.0133,-1.22025
2.01322,-1.22078
2.01314,-1.2213
2.01306,-1.22183
2.01298,-1.22236
2.0129,-1.22288
2.01283,-1.22341
2.01275,-1.22395
2.01267,-1.22448
2.0126,-1.22501
2.01252,-1.22554
2.01244,-1.22608
2.01237,-1.22662
2.01229,-1.22715
2.01222,-1.22769
2.01214,-1.22823
2.01207,-1.22877
2.01199,-1.22931
2.01192,-1.22986
2.01185,-1.2304
2.01177,-1.23094
2.0117,-1.23149
2.01163,-1.23204
2.01155,-1.23259
2.01148,-1.23314
2.01141,-1.23369
2.01134,-1.23424
2.01126,-1.23479
2.01119,-1.23534
2.01112,-1.2359
2.01105,-1.23645
2.01098,-1.23701
2.01091,-1.23757
2.01084,-1.23813
2.01077,-1.23869
2.0107,-1.23925
2.01063,-1.23981
2.01056,-1.24037
2.0105,-1.24094
2.01043,-1.2415
2.01036,-1.24207
2.01029,-1.24264
2.01023,-1.24321
2.01016,-1.24377
2.01009,-1.24435
2.01003,-1.24492
2.00996,-1.24549
2.0099,-1.24606
2.00983,-1.24664
2.00977,-1.24722
2.0097,-1.24779
2.00964,-1.24837
2.00957,-1.24895
2.00951,-1.24953
2.00945,-1.25011
2.00939,-1.2507
2.00932,-1.25128
2.00926,-1.25186
2.0092,-1.25245
2.00914,-1.25304
2.00908,-1.25362
2.00902,-1.25421
2.00896,-1.2548
2.0089,-1.25539
2.00884,-1.25599
2.00878,-1.25658
2.00872,-1.25718
2.00866,-1.25777
2.0086,-1.25837
2.00854,-1.25896
2.00849,-1.25956
2.00843,-1.26016
2.00837,-1.26076
2.00832,-1.26137
2.00826,-1.26197
2.00821,-1.26257
2.00815,-1.26318
2.0081,-1.26379
2.00804,-1.26439
2.00799,-1.265
2.00793,-1.26561
2.00788,-1.26622
2.00783,-1.26683
2.00778,-1.26745
2.00772,-1.26806
2.00767,-1.26867
2.00762,-1.26929
2.00757,-1.26991
2.00752,-1.27052
2.00747,-1.27114
2.00742,-1.27176
2.00737,-1.27239
2.00732,-1.27301
2.00728,-1.27363
2.00723,-1.27426
2.00718,-1.27488
2.00713,-1.27551
2.00709,-1.27614
2.00704,-1.27676
2.00699,-1.27739
2.00695,-1.27803
2.0069,-1.27866
2.00686,-1.27929
2.00682,-1.27992
2.00677,-1.28056
2.00673,-1.2812
2.00669,-1.28183
2.00664,-1.28247
2.0066,-1.28311
2.00656,-1.28375
2.00652,-1.28439
2.00648,-1.28504
2.00644,-1.28568
2.0064,-1.28632
2.00636,-1.28697
2.00632,-1.28762
2.00628,-1.28826
2.00625,-1.28891
2.00621,-1.28956
2.00617,-1.29021
2.00613,-1.29087
2.0061,-1.29152
2.00606,-1.29217
2.00603,-1.29283
2.00599,-1.29349
2.00596,-1.29414
2.00593,-1.2948
2.00589,-1.29546
2.00586,-1.29612
2.00583,-1.29678
2.0058,-1.29745
2.00576,-1.29811
2.00573,-1.29878
2.0057,-1.29944
2.00567,-1.30011
2.00564,-1.30078
2.00562,-1.30145
2.00559,-1.30212
2.00556,-1.30279
2.00553,-1.30346
2.00551,-1.30413
2.00548,-1.30481
2.00545,-1.30548
2.00543,-1.30616
2.0054,-1.30684
2.00538,-1.30752
2.00536,-1.3082
2.00533,-1.30888
2.00531,-1.30956
2.00529,-1.31024
2.00527,-1.31093
2.00525,-1.31161
2.00523,-1.3123
2.0052,-1.31298
2.00519,-1.31367
2.00517,-1.31436
2.00515,-1.31505
2.00513,-1.31574
2.00511,-1.31643
2.0051,-1.31713
2.00508,-1.31782
2.00506,-1.31852
2.00505,-1.31921
2.00503,-1.31991
2.00502,-1.32061
2.00501,-1.32131
2.00499,-1.32201
2.00498,-1.32271
2.00497,-1.32341
2.00496,-1.32412
2.00495,-1.32482
2.00494,-1.32553
2.00493,-1.32624
2.00492,-1.32694
2.00491,-1.32765
2.0049,-1.32836
2.00489,-1.32907
2.00489,-1.32979
2.00488,-1.3305
2.00488,-1.33121
2.00487,-1.33193
2.00487,-1.33265
2.00486,-1.33336
2.00486,-1.33408
2.00486,-1.3348
2.00485,-1.33552
2.00485,-1.33624
2.00485,-1.33696
2.00485,-1.33769
2.00485,-1.33841
2.00485,-1.33914
2.00485,-1.33986
2.00485,-1.34059
2.00486,-1.34132
2.00486,-1.34205
2.00486,-1.34278
2.00487,-1.34351
2.00487,-1.34425
2.00488,-1.34498
2.00489,-1.34571
2.00489,-1.34645
