1,0
0.999852,0.0172253
0.999407,0.0344216
0.998667,0.0516196
0.99763,0.0688024
0.996298,0.0859647
0.994671,0.103102
0.992749,0.120208
0.990531,0.13729
0.988021,0.15432
0.985218,0.171305
0.982123,0.188238
0.978737,0.205116
0.975061,0.221933
0.971097,0.238684
0.966844,0.255364
0.962305,0.271969
0.957481,0.288493
0.952373,0.304932
0.946983,0.32128
0.941312,0.337533
0.935363,0.353686
0.929136,0.369734
0.922634,0.385673
0.915858,0.401497
0.908811,0.417203
0.901495,0.432784
0.893917,0.448227
0.886069,0.463548
0.877958,0.478731
0.869587,0.493773
0.860959,0.508668
0.852075,0.523412
0.842939,0.538002
0.833553,0.552432
0.82392,0.566698
0.814043,0.580796
0.803925,0.594722
0.793568,0.608472
0.782977,0.622042
0.772153,0.635427
0.761101,0.648624
0.749823,0.661629
0.738322,0.674438
0.726603,0.687047
0.714669,0.699452
0.702523,0.71165
0.690169,0.723637
0.67761,0.73541
0.66485,0.746965
0.651894,0.758298
0.638744,0.769407
0.625405,0.780287
0.611881,0.790937
0.598175,0.801352
0.584292,0.81153
0.570236,0.821467
0.556011,0.831161
0.541621,0.840608
0.527071,0.849806
0.512364,0.858753
0.497506,0.867445
0.4825,0.87588
0.467351,0.884055
0.452064,0.891969
0.436643,0.899618
0.421092,0.907
0.405417,0.914114
0.389622,0.920957
0.373711,0.927527
0.357689,0.933822
0.341561,0.939841
0.325332,0.945581
0.309007,0.95104
0.29259,0.956218
0.276086,0.961113
0.259501,0.965722
0.242839,0.970046
0.226105,0.974082
0.209303,0.977829
0.19244,0.981287
0.17552,0.984454
0.158547,0.987329
0.141528,0.989912
0.124467,0.992201
0.107369,0.994196
0.0902386,0.995897
0.0730818,0.997303
0.0559034,0.998413
0.0387085,0.999227
0.0215021,0.999745
0.00428924,0.999967
-0.0129249,0.999892
-0.0301351,0.999521
-0.0473365,0.998854
-0.0645238,0.997891
-0.081692,0.996632
-0.098836,0.995078
-0.115951,0.993229
-0.133031,0.991086
-0.150072,0.988649
-0.167069,0.985919
-0.184016,0.982897
-0.200908,0.979584
-0.217741,0.97598
-0.23451,0.972088
-0.251209,0.967907
-0.267833,0.963439
-0.284378,0.958686
-0.300839,0.953649
-0.317211,0.948329
-0.333489,0.942728
-0.349668,0.936848
-0.365744,0.93069
-0.381711,0.924256
-0.397565,0.917549
-0.413301,0.910569
-0.428914,0.90332
-0.444401,0.895803
-0.459756,0.88802
-0.474975,0.879975
-0.490053,0.871669
-0.504986,0.863104
-0.519769,0.854284
-0.534398,0.84521
-0.548869,0.835886
-0.563177,0.826314
-0.577319,0.816498
-0.591289,0.806439
-0.605084,0.796142
-0.6187,0.785608
-0.632133,0.774842
-0.645378,0.763846
-0.658432,0.752624
-0.671291,0.741178
-0.683951,0.729513
-0.696409,0.717632
-0.70866,0.705539
-0.720701,0.693236
-0.732528,0.680727
-0.744139,0.668017
-0.755529,0.655109
-0.766695,0.642007
-0.777634,0.628715
-0.788343,0.615236
-0.798818,0.601575
-0.809057,0.587736
-0.819055,0.573722
-0.828811,0.559539
-0.838322,0.545189
-0.847584,0.530678
-0.856595,0.51601
-0.865352,0.501189
-0.873853,0.486219
-0.882095,0.471105
-0.890075,0.455852
-0.897792,0.440463
-0.905243,0.424944
-0.912426,0.409299
-0.919338,0.393533
-0.925978,0.37765
-0.932343,0.361655
-0.938432,0.345553
-0.944244,0.329348
-0.949775,0.313046
-0.955025,0.296651
-0.959992,0.280168
-0.964675,0.263602
-0.969072,0.246958
-0.973181,0.23024
-0.977003,0.213455
-0.980535,0.196606
-0.983776,0.179698
-0.986726,0.162738
-0.989384,0.145729
-0.991748,0.128677
-0.993819,0.111587
-0.995595,0.0944636
-0.997076,0.0773122
-0.998262,0.0601379
-0.999152,0.0429457
-0.999746,0.0257408
-1.00004,0.00852814
-1.00004,-0.00868707
-0.99975,-0.0258998
-0.999159,-0.0431048
-0.998271,-0.0602972
-0.997089,-0.0774717
-0.99561,-0.0946234
-0.993837,-0.111747
-0.991769,-0.128838
-0.989407,-0.14589
-0.986753,-0.162899
-0.983806,-0.179861
-0.980567,-0.196768
-0.977038,-0.213618
-0.973219,-0.230404
-0.969112,-0.247123
-0.964718,-0.263768
-0.960038,-0.280334
-0.955074,-0.296818
-0.949822,-0.313226
-0.944293,-0.329529
-0.938485,-0.345735
-0.932398,-0.361838
-0.926035,-0.377834
-0.919397,-0.393718
-0.912487,-0.409486
-0.905307,-0.425132
-0.897858,-0.440652
-0.890144,-0.456042
-0.882166,-0.471297
-0.873926,-0.486412
-0.865427,-0.501383
-0.856673,-0.516206
-0.847664,-0.530876
-0.838404,-0.545389
-0.828895,-0.55974
-0.819141,-0.573925
-0.809145,-0.58794
-0.798908,-0.601781
-0.788435,-0.615444
-0.777729,-0.628925
-0.766792,-0.642219
-0.755627,-0.655323
-0.744239,-0.668233
-0.73263,-0.680945
-0.720805,-0.693455
-0.708765,-0.70576
-0.696516,-0.717856
-0.68406,-0.729739
-0.671402,-0.741406
-0.658545,-0.752853
-0.645492,-0.764078
-0.632249,-0.775076
-0.618818,-0.785844
-0.605203,-0.79638
-0.59141,-0.80668
-0.577441,-0.816741
-0.563301,-0.826559
-0.548994,-0.836134
-0.534525,-0.84546
-0.519897,-0.854536
-0.505115,-0.863359
-0.490184,-0.871926
-0.475107,-0.880234
-0.45989,-0.888282
-0.444536,-0.896067
-0.429051,-0.903587
-0.413438,-0.910838
-0.397703,-0.91782
-0.38185,-0.92453
-0.365885,-0.930967
-0.34981,-0.937127
-0.333632,-0.94301
-0.317356,-0.948613
-0.300985,-0.953936
-0.284525,-0.958975
-0.267981,-0.963731
-0.251357,-0.968202
-0.234659,-0.972385
-0.217892,-0.97628
-0.20106,-0.979887
-0.184168,-0.983203
-0.167222,-0.986227
-0.150227,-0.98896
-0.133187,-0.991399
-0.116107,-0.993545
-0.0989933,-0.995397
-0.0818502,-0.996954
-0.0646828,-0.998215
-0.0474963,-0.999181
-0.0302958,-0.999851
-0.0130864,-1.00022
0.00412692,-1.0003
0.0213389,-1.00008
0.0385446,-0.999567
0.0557388,-0.998756
0.0729164,-0.997648
0.0900723,-0.996246
0.107202,-0.994548
0.124299,-0.992555
0.141359,-0.990269
0.158378,-0.987689
0.17535,-0.984817
0.192269,-0.981653
0.209132,-0.978198
0.225932,-0.974453
0.242666,-0.97042
0.259328,-0.966099
0.275912,-0.961492
0.292415,-0.956601
0.308831,-0.951426
0.325156,-0.945969
0.341384,-0.940232
0.357511,-0.934216
0.373532,-0.927924
0.389443,-0.921357
0.405237,-0.914517
0.420912,-0.907406
0.436462,-0.900026
0.451882,-0.89238
0.467169,-0.88447
0.482317,-0.876297
0.497322,-0.867865
0.51218,-0.859176
0.526886,-0.850233
0.541435,-0.841038
0.555824,-0.831593
0.570049,-0.821903
0.584104,-0.811968
0.597987,-0.801794
0.611692,-0.791382
0.625215,-0.780736
0.638554,-0.769858
0.651703,-0.758752
0.664659,-0.747422
0.677418,-0.735871
0.689976,-0.724101
0.702329,-0.712117
0.714475,-0.699922
0.726409,-0.68752
0.738127,-0.674915
0.749626,-0.662109
0.760904,-0.649108
0.771956,-0.635914
0.782779,-0.622532
0.79337,-0.608965
0.803726,-0.595219
0.813843,-0.581296
0.82372,-0.567201
0.833352,-0.552938
0.842738,-0.538512
0.851873,-0.523926
0.860756,-0.509185
0.869384,-0.494293
0.877754,-0.479255
0.885864,-0.464075
0.893712,-0.448758
0.901295,-0.433308
0.90861,-0.417729
0.915656,-0.402027
0.922431,-0.386206
0.928933,-0.370271
0.935159,-0.354226
0.941108,-0.338077
0.946778,-0.321827
0.952167,-0.305483
0.957274,-0.289048
0.962098,-0.272527
0.966636,-0.255926
0.970888,-0.239249
0.974852,-0.222502
0.978527,-0.205688
0.981913,-0.188814
0.985007,-0.171884
0.987809,-0.154904
0.990318,-0.137878
0.992534,-0.120811
0.994456,-0.103708
0.996083,-0.0865748
0.997415,-0.0694162
0.998451,-0.0522372
0.999191,-0.0350429
0.999635,-0.0178385
0.999783,-0.000628878
0.999635,0.0165807
0.99919,0.0337852
0.998449,0.0509795
0.997412,0.0681585
0.99608,0.0853171
0.994452,0.10245
0.99253,0.119553
0.990314,0.13662
0.987804,0.153646
0.985001,0.170627
0.981906,0.187556
0.97852,0.20443
0.974844,0.221244
0.97088,0.237991
0.966627,0.254668
0.962088,0.271269
0.957264,0.28779
0.952156,0.304225
0.946766,0.320569
0.941096,0.336819
0.935146,0.352968
0.928919,0.369013
0.922417,0.384948
0.915642,0.400769
0.908595,0.416471
0.901279,0.432049
0.893696,0.447499
0.885847,0.462817
0.877737,0.477997
0.869366,0.493035
0.860737,0.507926
0.851854,0.522667
0.842717,0.537253
0.833331,0.55168
0.823698,0.565943
0.813821,0.580038
0.803703,0.59396
0.793346,0.607707
0.782755,0.621273
0.771931,0.634655
0.760878,0.647849
0.7496,0.66085
0.7381,0.673656
0.726381,0.686262
0.714447,0.698664
0.702301,0.710858
0.689946,0.722842
0.677387,0.734612
0.664628,0.746163
0.651671,0.757493
0.638521,0.768599
0.625182,0.779477
0.611657,0.790123
0.597952,0.800535
0.584069,0.810709
0.570012,0.820643
0.555787,0.830334
0.541397,0.839778
0.526847,0.848974
0.51214,0.857917
0.497282,0.866606
0.482276,0.875038
0.467127,0.88321
0.451839,0.891121
0.436418,0.898767
0.420867,0.906147
0.405191,0.913257
0.389396,0.920097
0.373484,0.926664
0.357462,0.932957
0.341334,0.938972
0.325105,0.944709
0.30878,0.950166
0.292362,0.955341
0.275858,0.960232
0.259273,0.964839
0.24261,0.96916
0.225875,0.973193
0.209074,0.976938
0.19221,0.980392
0.175289,0.983556
0.158316,0.986429
0.141297,0.989008
0.124235,0.991295
0.107136,0.993287
0.0900056,0.994985
0.0728483,0.996387
0.0556694,0.997495
0.0384738,0.998306
0.0212668,0.998821
0.0040534,0.99904
-0.0131613,0.998962
-0.0303722,0.998589
-0.0475742,0.997919
-0.0647622,0.996953
-0.0819311,0.995691
-0.0990758,0.994134
-0.116191,0.992282
-0.133272,0.990136
-0.150314,0.987696
-0.167311,0.984963
-0.184259,0.981938
-0.201152,0.978622
-0.217986,0.975016
-0.234755,0.97112
-0.251455,0.966936
-0.268081,0.962465
-0.284627,0.957709
-0.301089,0.952669
-0.317461,0.947346
-0.33374,0.941742
-0.34992,0.935859
-0.365996,0.929698
-0.381964,0.923261
-0.397819,0.91655
-0.413556,0.909568
-0.429171,0.902315
-0.444658,0.894795
-0.460014,0.88701
-0.475234,0.878961
-0.490313,0.870652
-0.505247,0.862084
-0.520031,0.85326
-0.534661,0.844183
-0.549133,0.834856
-0.563442,0.825281
-0.577585,0.815461
-0.591556,0.805399
-0.605352,0.795099
-0.618969,0.784562
-0.632403,0.773792
-0.645649,0.762793
-0.658704,0.751568
-0.671564,0.740119
-0.684217,0.728459
-0.696675,0.716574
-0.708927,0.704477
-0.72097,0.692171
-0.732799,0.67966
-0.74441,0.666946
-0.755802,0.654035
-0.766969,0.64093
-0.777909,0.627634
-0.788619,0.614152
-0.799095,0.600487
-0.809335,0.586645
-0.819335,0.572628
-0.829092,0.558441
-0.838604,0.544088
-0.847867,0.529573
-0.856879,0.514902
-0.865637,0.500077
-0.874139,0.485104
-0.882382,0.469986
-0.890364,0.454729
-0.898082,0.439337
-0.905534,0.423815
-0.912717,0.408166
-0.919631,0.392396
-0.926272,0.376509
-0.932638,0.360511
-0.938729,0.344405
-0.944541,0.328197
-0.950074,0.311891
-0.955325,0.295492
-0.960293,0.279006
-0.964977,0.262436
-0.969375,0.245788
-0.973485,0.229067
-0.977308,0.212278
-0.980841,0.195425
-0.984083,0.178514
-0.987034,0.16155
-0.989693,0.144537
-0.992058,0.127481
-0.99413,0.110387
-0.995907,0.0932603
-0.997389,0.0761051
-0.998575,0.058927
-0.999466,0.041731
-1.00006,0.0245222
-1.00036,0.0073057
-1.00036,-0.00991336
-1.00007,-0.0271299
-0.999478,-0.0443388
-0.998592,-0.0615351
-0.99741,-0.0787135
-0.995932,-0.095869
-0.99416,-0.112997
-0.992093,-0.130091
-0.989732,-0.147147
-0.987078,-0.164161
-0.984132,-0.181126
-0.980894,-0.198037
-0.977366,-0.214891
-0.973548,-0.231681
-0.969442,-0.248403
-0.965048,-0.265052
-0.960369,-0.281623
-0.955405,-0.298111
-0.950159,-0.314511
-0.944631,-0.330818
-0.938823,-0.347028
-0.932737,-0.363135
-0.926375,-0.379135
-0.919738,-0.395024
-0.912829,-0.410795
-0.90565,-0.426446
-0.898202,-0.44197
-0.890488,-0.457364
-0.882511,-0.472623
-0.874272,-0.487743
-0.865774,-0.502718
-0.85702,-0.517545
-0.848012,-0.532219
-0.838753,-0.546735
-0.829245,-0.561091
-0.819492,-0.57528
-0.809496,-0.589299
-0.799261,-0.603145
-0.788788,-0.616812
-0.778082,-0.630297
-0.767146,-0.643595
-0.755982,-0.656703
-0.744595,-0.669617
-0.732987,-0.682334
-0.721162,-0.694848
-0.709123,-0.707157
-0.696874,-0.719257
-0.684419,-0.731145
-0.671761,-0.742816
-0.658904,-0.754268
-0.645853,-0.765497
-0.632609,-0.776499
-0.619179,-0.787272
-0.605565,-0.797812
-0.591772,-0.808116
-0.577804,-0.818181
-0.563664,-0.828004
-0.549358,-0.837583
-0.534889,-0.846914
-0.520261,-0.855994
-0.50548,-0.864821
-0.490549,-0.873392
-0.475472,-0.881706
-0.460255,-0.889758
-0.444902,-0.897547
-0.429417,-0.905071
-0.413804,-0.912327
-0.39807,-0.919314
-0.382217,-0.926028
-0.366251,-0.932469
-0.350177,-0.938634
-0.334,-0.944521
-0.317723,-0.950129
-0.301352,-0.955456
-0.284892,-0.9605
-0.268348,-0.96526
-0.251725,-0.969735
-0.235027,-0.973923
-0.218259,-0.977823
-0.201427,-0.981433
-0.184535,-0.984754
-0.167589,-0.987783
-0.150593,-0.99052
-0.133553,-0.992964
-0.116474,-0.995115
-0.0993595,-0.996971
-0.0822161,-0.998532
-0.0650484,-0.999798
-0.0478616,-1.00077
-0.0306608,-1.00144
-0.013451,-1.00182
0.0037627,-1.0019
0.0209751,-1.00169
0.0381812,-1.00118
0.0553759,-1.00037
0.072554,-0.999267
0.0897105,-0.997869
0.10684,-0.996176
0.123938,-0.994188
0.140999,-0.991906
0.158019,-0.98933
0.174991,-0.986463
0.191911,-0.983303
0.208774,-0.979852
0.225576,-0.976112
0.24231,-0.972084
0.258972,-0.967767
0.275558,-0.963165
0.292062,-0.958278
0.308479,-0.953107
0.324804,-0.947655
0.341033,-0.941922
0.357161,-0.935911
0.373183,-0.929623
0.389095,-0.923061
0.40489,-0.916225
0.420566,-0.909119
0.436117,-0.901743
0.451539,-0.894102
0.466826,-0.886195
0.481976,-0.878027
0.496982,-0.8696
0.511841,-0.860915
0.526548,-0.851976
0.541099,-0.842785
0.555489,-0.833345
0.569715,-0.823659
0.583771,-0.813729
0.597655,-0.803559
0.611361,-0.793151
0.624886,-0.782509
0.638226,-0.771635
0.651377,-0.760534
0.664334,-0.749208
0.677094,-0.737661
0.689654,-0.725895
0.702009,-0.713916
0.714156,-0.701725
0.726091,-0.689327
0.737811,-0.676726
0.749312,-0.663925
0.760591,-0.650927
0.771644,-0.637738
0.782469,-0.62436
0.793062,-0.610798
0.803419,-0.597055
0.813538,-0.583136
0.823416,-0.569046
0.83305,-0.554787
0.842437,-0.540364
0.851575,-0.525782
0.860459,-0.511046
0.869089,-0.496158
0.877461,-0.481124
0.885573,-0.465948
0.893422,-0.450635
0.901006,-0.435189
0.908324,-0.419614
0.915372,-0.403916
0.922148,-0.388099
0.928652,-0.372168
0.934879,-0.356127
0.94083,-0.339982
0.946502,-0.323736
0.951893,-0.307396
0.957002,-0.290964
0.961828,-0.274448
0.966368,-0.257851
0.970622,-0.241178
0.974588,-0.224434
0.978265,-0.207625
0.981652,-0.190755
0.984748,-0.173829
0.987552,-0.156852
0.990064,-0.139829
0.992281,-0.122766
0.994205,-0.105668
0.995834,-0.0885383
0.997168,-0.0713835
0.998206,-0.0542083
0.998948,-0.0370178
0.999395,-0.0198171
0.999545,-0.00261132
0.999398,0.0145945
0.998955,0.0317952
0.998217,0.0489858
0.997182,0.066161
0.995852,0.0833159
0.994226,0.100445
0.992306,0.117544
0.990091,0.134607
0.987583,0.15163
0.984783,0.168607
0.98169,0.185533
0.978307,0.202404
0.974633,0.219213
0.97067,0.235957
0.96642,0.25263
0.961883,0.269228
0.957061,0.285745
0.951956,0.302176
0.946568,0.318517
0.940899,0.334763
0.934952,0.350909
0.928728,0.366951
0.922228,0.382882
0.915454,0.3987
0.90841,0.414398
0.901096,0.429973
0.893515,0.44542
0.885669,0.460733
0.877561,0.47591
0.869192,0.490945
0.860566,0.505833
0.851684,0.520571
0.84255,0.535153
0.833167,0.549577
0.823536,0.563836
0.813661,0.577928
0.803545,0.591847
0.793191,0.605591
0.782601,0.619154
0.77178,0.632533
0.76073,0.645723
0.749454,0.658721
0.737956,0.671524
0.726239,0.684126
0.714307,0.696525
0.702163,0.708717
0.689811,0.720698
0.677254,0.732464
0.664497,0.744013
0.651543,0.75534
0.638395,0.766442
0.625058,0.777317
0.611536,0.78796
0.597832,0.79837
0.583952,0.808541
0.569898,0.818472
0.555675,0.82816
0.541287,0.837602
0.526739,0.846794
0.512034,0.855735
0.497178,0.864421
0.482174,0.87285
0.467027,0.88102
0.451742,0.888927
0.436323,0.896571
0.420774,0.903948
0.405101,0.911056
0.389307,0.917893
0.373398,0.924458
0.357378,0.930747
0.341252,0.93676
0.325025,0.942494
0.308701,0.947949
0.292286,0.953121
0.275784,0.95801
0.2592,0.962614
0.242539,0.966932
0.225807,0.970963
0.209007,0.974705
0.192145,0.978158
0.175226,0.981319
0.158255,0.984189
0.141237,0.986766
0.124177,0.98905
0.10708,0.99104
0.0899518,0.992735
0.0727963,0.994136
0.055619,0.99524
0.0384252,0.996049
0.0212199,0.996562
0.00400811,0.996778
-0.013205,0.996699
-0.0304143,0.996323
-0.0476147,0.99565
-0.0648011,0.994682
-0.0819684,0.993418
-0.0991116,0.991859
-0.116226,0.990005
-0.133305,0.987856
-0.150346,0.985414
-0.167341,0.982679
-0.184288,0.979651
-0.20118,0.976333
-0.218012,0.972724
-0.23478,0.968826
-0.251479,0.964639
-0.268103,0.960166
-0.284647,0.955408
-0.301108,0.950365
-0.31748,0.94504
-0.333757,0.939434
-0.349936,0.933548
-0.366011,0.927384
-0.381978,0.920945
-0.397832,0.914232
-0.413568,0.907247
-0.429181,0.899993
-0.444668,0.89247
-0.460023,0.884682
-0.475242,0.876631
-0.49032,0.868319
-0.505253,0.859748
-0.520036,0.850922
-0.534665,0.841843
-0.549136,0.832513
-0.563445,0.822936
-0.577586,0.813113
-0.591557,0.803049
-0.605352,0.792745
-0.618968,0.782206
-0.632401,0.771434
-0.645647,0.760432
-0.658701,0.749204
-0.67156,0.737752
-0.684221,0.726081
-0.696678,0.714194
-0.70893,0.702094
-0.720971,0.689785
-0.732799,0.67727
-0.74441,0.664554
-0.755801,0.65164
-0.766967,0.638531
-0.777907,0.625233
-0.788616,0.611747
-0.799091,0.59808
-0.80933,0.584234
-0.819329,0.570214
-0.829086,0.556024
-0.838597,0.541668
-0.847859,0.52715
-0.85687,0.512475
-0.865628,0.497647
-0.874129,0.482671
-0.882371,0.46755
-0.890352,0.45229
-0.898069,0.436895
-0.905521,0.421369
-0.912704,0.405717
-0.919616,0.389943
-0.926256,0.374053
-0.932622,0.358051
-0.938712,0.341942
-0.944523,0.325731
-0.950055,0.309421
-0.955306,0.293019
-0.960273,0.276529
-0.964956,0.259956
-0.969353,0.243304
-0.973463,0.22658
-0.977285,0.209787
-0.980817,0.192931
-0.984058,0.176016
-0.987008,0.159048
-0.989666,0.142032
-0.992031,0.124972
-0.994101,0.107875
-0.995878,0.090744
-0.997359,0.0735851
-0.998545,0.0564033
-0.999434,0.0392036
-1.00003,0.0219911
-1.00033,0.00477085
-1.00033,-0.012452
-1.00003,-0.0296723
-0.999441,-0.046885
-0.998554,-0.064085
-0.997371,-0.0812672
-0.995893,-0.0984266
-0.994119,-0.115558
-0.992051,-0.132656
-0.989689,-0.149716
-0.987034,-0.166734
-0.984087,-0.183702
-0.980848,-0.200618
-0.977319,-0.217476
-0.9735,-0.23427
-0.969392,-0.250996
-0.964998,-0.267649
-0.960317,-0.284223
-0.955352,-0.300715
-0.950105,-0.317119
-0.944575,-0.33343
-0.938766,-0.349644
-0.932679,-0.365755
-0.926316,-0.381759
-0.919678,-0.397651
-0.912767,-0.413427
-0.905587,-0.429081
-0.898138,-0.44461
-0.890423,-0.460008
-0.882444,-0.47527
-0.874204,-0.490394
-0.865705,-0.505373
-0.856949,-0.520204
-0.84794,-0.534882
-0.838679,-0.549402
-0.82917,-0.563762
-0.819416,-0.577955
-0.809418,-0.591978
-0.799181,-0.605828
-0.788707,-0.619499
-0.778,-0.632987
-0.767062,-0.64629
-0.755897,-0.659402
-0.744508,-0.67232
-0.732898,-0.68504
-0.721071,-0.697559
-0.709031,-0.709872
-0.696781,-0.721976
-0.684324,-0.733868
-0.671665,-0.745543
-0.658806,-0.756998
-0.645753,-0.768231
-0.632508,-0.779238
-0.619076,-0.790014
-0.605461,-0.800558
-0.591666,-0.810866
-0.577696,-0.820935
-0.563555,-0.830763
-0.549247,-0.840345
-0.534776,-0.84968
-0.520147,-0.858764
-0.505363,-0.867595
-0.490431,-0.87617
-0.475352,-0.884488
-0.460134,-0.892544
-0.444778,-0.900337
-0.429291,-0.907865
-0.413677,-0.915125
-0.397941,-0.922115
-0.382086,-0.928834
-0.366119,-0.935278
-0.350043,-0.941447
-0.333863,-0.947338
-0.317585,-0.95295
-0.301212,-0.958281
-0.28475,-0.963329
-0.268204,-0.968093
-0.251579,-0.972572
-0.234879,-0.976764
-0.218109,-0.980668
-0.201275,-0.984282
-0.184382,-0.987607
-0.167433,-0.99064
-0.150436,-0.993381
-0.133393,-0.995829
-0.116312,-0.997983
-0.0991953,-0.999843
-0.0820498,-1.00141
-0.0648801,-1.00268
-0.0476912,-1.00365
-0.0304882,-1.00433
-0.0132762,-1.00471
0.00393966,-1.0048
0.0211543,-1.00459
0.0383626,-1.00408
0.0555595,-1.00328
0.0727398,-1.00218
0.0898986,-1.00078
0.107031,-0.999094
0.124131,-0.99711
0.141194,-0.994832
0.158216,-0.992261
0.175191,-0.989397
0.192113,-0.986241
0.208979,-0.982794
0.225783,-0.979058
0.24252,-0.975033
0.259184,-0.97072
0.275772,-0.966122
0.292279,-0.961238
0.308698,-0.956071
0.325026,-0.950623
0.341258,-0.944894
0.357389,-0.938887
0.373413,-0.932602
0.389327,-0.926043
0.405126,-0.919212
0.420804,-0.912109
0.436358,-0.904737
0.451782,-0.897099
0.467072,-0.889197
0.482224,-0.881032
0.497233,-0.872608
0.512095,-0.863927
0.526805,-0.854992
0.541359,-0.845804
0.555752,-0.836368
0.56998,-0.826685
0.58404,-0.816759
0.597927,-0.806592
0.611636,-0.796188
0.625164,-0.785549
0.638507,-0.774679
0.65166,-0.763581
0.664621,-0.752259
0.677384,-0.740715
0.689947,-0.728953
0.702305,-0.716977
0.714455,-0.704789
0.726393,-0.692395
0.738116,-0.679797
0.749621,-0.666999
0.760903,-0.654005
0.771959,-0.640818
0.782787,-0.627444
0.793383,-0.613885
0.803744,-0.600146
0.813866,-0.58623
0.823748,-0.572142
0.833385,-0.557887
0.842775,-0.543468
0.851916,-0.528889
0.860804,-0.514155
0.869437,-0.49927
0.877812,-0.484239
0.885928,-0.469067
0.89378,-0.453756
0.901368,-0.438313
0.908689,-0.422742
0.91574,-0.407047
0.92252,-0.391233
0.929027,-0.375305
0.935258,-0.359267
0.941213,-0.343124
0.946888,-0.326882
0.952283,-0.310544
0.957396,-0.294115
0.962224,-0.277602
0.966768,-0.261007
0.971026,-0.244337
0.974995,-0.227596
0.978676,-0.21079
0.982066,-0.193922
0.985166,-0.176999
0.987974,-0.160025
0.990489,-0.143005
0.99271,-0.125945
0.994638,-0.108849
0.99627,-0.0917223
0.997608,-0.0745702
0.99865,-0.0573977
0.999396,-0.0402098
0.999845,-0.0230117
0.999999,-0.0058085
0.999856,0.0113947
0.999417,0.0285929
0.998682,0.0457809
0.997651,0.0629536
0.996325,0.0801059
0.994703,0.0972328
0.992786,0.114329
0.990576,0.13139
0.988071,0.14841
0.985274,0.165385
0.982186,0.182308
0.978806,0.199176
0.975136,0.215983
0.971177,0.232725
0.96693,0.249396
0.962397,0.265991
0.957579,0.282505
0.952477,0.298934
0.947093,0.315273
0.941429,0.331517
0.935485,0.347661
0.929265,0.363699
0.922769,0.379629
0.915999,0.395444
0.908958,0.41114
0.901648,0.426713
0.894071,0.442157
0.886229,0.457469
0.878124,0.472643
0.86976,0.487675
0.861137,0.502561
0.85226,0.517297
0.84313,0.531877
0.83375,0.546298
0.824123,0.560556
0.814252,0.574645
0.80414,0.588563
0.793789,0.602304
0.783204,0.615865
0.772386,0.629241
0.76134,0.64243
0.750068,0.655426
0.738574,0.668226
0.726861,0.680827
0.714933,0.693223
0.702793,0.705413
0.690445,0.717392
0.677892,0.729156
0.665139,0.740703
0.652188,0.752028
0.639045,0.763129
0.625712,0.774001
0.612193,0.784643
0.598494,0.79505
0.584617,0.80522
0.570567,0.815149
0.556348,0.824835
0.541964,0.834274
0.52742,0.843465
0.512719,0.852404
0.497867,0.861088
0.482867,0.869516
0.467724,0.877683
0.452443,0.885589
0.437028,0.893231
0.421483,0.900606
0.405813,0.907713
0.390023,0.914548
0.374118,0.921111
0.358102,0.927399
0.34198,0.93341
0.325757,0.939143
0.309437,0.944595
0.293026,0.949766
0.276528,0.954654
0.259948,0.959256
0.243291,0.963573
0.226562,0.967602
0.209766,0.971343
0.192908,0.974793
0.175993,0.977953
0.159026,0.980822
0.142012,0.983398
0.124956,0.98568
0.107863,0.987669
0.0907379,0.989363
0.0735861,0.990761
0.0564127,0.991865
0.0392226,0.992672
0.022021,0.993184
0.00481295,0.993399
-0.0123964,0.993318
-0.029602,0.99294
-0.0467988,0.992267
-0.0639815,0.991297
-0.0811453,0.990032
-0.0982848,0.988471
-0.115395,0.986616
-0.132471,0.984466
-0.149508,0.982023
-0.1665,0.979286
-0.183443,0.976258
-0.200332,0.972938
-0.21716,0.969328
-0.233925,0.965428
-0.25062,0.961241
-0.267241,0.956767
-0.283782,0.952007
-0.300239,0.946963
-0.316607,0.941637
-0.332882,0.936029
-0.349057,0.930142
-0.365129,0.923978
-0.381093,0.917538
-0.396943,0.910823
-0.412676,0.903837
-0.428286,0.896581
-0.44377,0.889058
-0.459122,0.881268
-0.474337,0.873216
-0.489412,0.864903
-0.504342,0.856331
-0.519122,0.847504
-0.533748,0.838424
-0.548216,0.829093
-0.562522,0.819514
-0.57666,0.80969
-0.590628,0.799625
-0.60442,0.78932
-0.618034,0.77878
-0.631463,0.768006
-0.644706,0.757003
-0.657758,0.745774
-0.670614,0.734321
-0.683272,0.722649
-0.695727,0.71076
-0.707975,0.698659
-0.720014,0.686348
-0.731839,0.673833
-0.743447,0.661115
-0.754835,0.648199
-0.765999,0.635089
-0.776936,0.621789
-0.787642,0.608303
-0.798115,0.594634
-0.808351,0.580787
-0.818348,0.566765
-0.828102,0.552573
-0.83761,0.538216
-0.84687,0.523697
-0.855879,0.50902
-0.864634,0.494191
-0.873132,0.479213
-0.881372,0.464091
-0.889351,0.448829
-0.897065,0.433432
-0.904514,0.417904
-0.911694,0.40225
-0.918605,0.386475
-0.925242,0.370584
-0.931606,0.35458
-0.937693,0.338469
-0.943502,0.322256
-0.949031,0.305944
-0.954279,0.28954
-0.959244,0.273048
-0.963925,0.256473
-0.968319,0.23982
-0.972427,0.223093
-0.976246,0.206299
-0.979776,0.18944
-0.983015,0.172524
-0.985962,0.155554
-0.988618,0.138536
-0.99098,0.121474
-0.993048,0.104374
-0.994822,0.0872414
-0.9963,0.0700804
-0.997484,0.0528964
-0.998371,0.0356945
-0.998963,0.0184797
-0.999258,0.00125728
-0.999257,-0.0159678
-0.998959,-0.0331904
-0.998365,-0.0504054
-0.997476,-0.0676077
-0.99629,-0.0847923
-0.994809,-0.101954
-0.993033,-0.119088
-0.990962,-0.136188
-0.988598,-0.153251
-0.98594,-0.170271
-0.98299,-0.187242
-0.979749,-0.20416
-0.976216,-0.22102
-0.972395,-0.237817
-0.968285,-0.254545
-0.963887,-0.2712
-0.959204,-0.287778
-0.954237,-0.304272
-0.948986,-0.320678
-0.943454,-0.336992
-0.937642,-0.353208
-0.931552,-0.369322
-0.925186,-0.385329
-0.918545,-0.401224
-0.911632,-0.417002
-0.904448,-0.432659
-0.896997,-0.44819
-0.889279,-0.463591
-0.881297,-0.478856
-0.873054,-0.493982
-0.864552,-0.508964
-0.855793,-0.523798
-0.846781,-0.538478
-0.837517,-0.553001
-0.828005,-0.567363
-0.818247,-0.581559
-0.808247,-0.595585
-0.798007,-0.609437
-0.78753,-0.623111
-0.776819,-0.636603
-0.765878,-0.649908
-0.754709,-0.663023
-0.743317,-0.675943
-0.731704,-0.688666
-0.719874,-0.701188
-0.707831,-0.713503
-0.695577,-0.72561
-0.683117,-0.737504
-0.670455,-0.749182
-0.657593,-0.760641
-0.644536,-0.771876
-0.631288,-0.782885
-0.617852,-0.793664
-0.604233,-0.804211
-0.590435,-0.814522
-0.576462,-0.824594
-0.562317,-0.834423
-0.548006,-0.844008
-0.533531,-0.853346
-0.518899,-0.862433
-0.504112,-0.871266
-0.489176,-0.879844
-0.474094,-0.888164
-0.458871,-0.896223
-0.443513,-0.904019
-0.428022,-0.911549
-0.412404,-0.918812
-0.396664,-0.925805
-0.380806,-0.932526
-0.364835,-0.938973
-0.348755,-0.945144
-0.332572,-0.951038
-0.31629,-0.956652
-0.299914,-0.961986
-0.283448,-0.967036
-0.266898,-0.971803
-0.250269,-0.976284
-0.233565,-0.980479
-0.216792,-0.984385
-0.199954,-0.988002
-0.183057,-0.991329
-0.166105,-0.994365
-0.149103,-0.997108
-0.132057,-0.999558
-0.114972,-1.00172
-0.0978518,-1.00358
-0.0807025,-1.00515
-0.0635289,-1.00642
-0.0463361,-1.00739
-0.0291293,-1.00807
-0.0119135,-1.00846
0.00530625,-1.00855
0.0225247,-1.00834
0.0397369,-1.00783
0.0569377,-1.00703
0.074122,-1.00594
0.0912846,-1.00454
0.108421,-1.00286
0.125525,-1.00088
0.142592,-0.9986
0.159618,-0.99603
0.176596,-0.993169
0.193523,-0.990015
0.210393,-0.986571
0.2272,-0.982837
0.243941,-0.978814
0.26061,-0.974504
0.277202,-0.969907
0.293712,-0.965026
0.310136,-0.959861
0.326468,-0.954415
0.342704,-0.948688
0.358838,-0.942683
0.374867,-0.936401
0.390785,-0.929844
0.406588,-0.923015
0.42227,-0.915914
0.437828,-0.908545
0.453256,-0.900909
0.468551,-0.893008
0.483707,-0.884846
0.49872,-0.876424
0.513586,-0.867745
0.5283,-0.858811
0.542858,-0.849626
0.557255,-0.840192
0.571488,-0.830511
0.585552,-0.820586
0.599443,-0.810422
0.613156,-0.800019
0.626689,-0.789383
0.640036,-0.778515
0.653193,-0.767419
0.666158,-0.756098
0.678926,-0.744556
0.691493,-0.732796
0.703855,-0.720822
0.71601,-0.708636
0.727952,-0.696243
0.73968,-0.683647
0.751188,-0.670851
0.762475,-0.657859
0.773536,-0.644674
0.784368,-0.631301
0.794968,-0.617744
0.805334,-0.604006
0.815461,-0.590092
0.825347,-0.576006
0.834988,-0.561752
0.844383,-0.547335
0.853528,-0.532757
0.862421,-0.518025
0.871058,-0.503142
0.879438,-0.488112
0.887558,-0.472941
0.895415,-0.457632
0.903008,-0.442191
0.910333,-0.426621
0.917389,-0.410927
0.924174,-0.395114
0.930685,-0.379187
0.936921,-0.363151
0.94288,-0.34701
0.94856,-0.330768
0.953959,-0.314431
0.959077,-0.298004
0.96391,-0.281492
0.968459,-0.264898
0.972721,-0.248229
0.976695,-0.23149
0.98038,-0.214684
0.983776,-0.197818
0.98688,-0.180895
0.989692,-0.163922
0.992212,-0.146903
0.994438,-0.129844
0.99637,-0.112749
0.998008,-0.0956229
0.99935,-0.0784716
1.0004,-0.0612998
1.00115,-0.0441127
1.0016,-0.0269153
1.00176,-0.00971282
1.00162,0.00748975
1.00119,0.0246873
1.00046,0.0418746
0.999431,0.0590468
0.998109,0.0761985
0.996492,0.0933249
0.994581,0.110421
0.992375,0.127481
0.989875,0.144501
0.987083,0.161475
0.983999,0.178398
0.980624,0.195266
0.976959,0.212072
0.973005,0.228814
0.968763,0.245484
0.964235,0.262079
0.959421,0.278593
0.954324,0.295022
0.948945,0.311361
0.943285,0.327604
0.937346,0.343748
0.93113,0.359786
0.924639,0.375715
0.917874,0.39153
0.910838,0.407227
0.903533,0.422799
0.89596,0.438243
0.888123,0.453555
0.880023,0.468729
0.871663,0.483762
0.863045,0.498648
0.854172,0.513383
0.845047,0.527964
0.835672,0.542385
0.82605,0.556642
0.816183,0.570732
0.806076,0.584649
0.79573,0.598391
0.785149,0.611952
0.774336,0.625329
0.763295,0.638517
0.752028,0.651514
0.740538,0.664314
0.72883,0.676915
0.716906,0.689312
0.704771,0.701502
0.692428,0.713481
0.67988,0.725245
0.667131,0.736792
0.654185,0.748118
0.641046,0.759219
0.627718,0.770092
0.614204,0.780733
0.600509,0.791141
0.586637,0.801311
0.572591,0.811241
0.558377,0.820927
0.543998,0.830367
0.529458,0.839558
0.514762,0.848497
0.499914,0.857182
0.484919,0.86561
0.469781,0.873778
0.454504,0.881685
0.439094,0.889327
0.423553,0.896702
0.407888,0.903809
0.392103,0.910645
0.376203,0.917209
0.360191,0.923497
0.344074,0.929509
0.327855,0.935242
0.31154,0.940695
0.295133,0.945867
0.27864,0.950755
0.262064,0.955358
0.245412,0.959676
0.228688,0.963705
0.211897,0.967447
0.195043,0.970898
0.178133,0.974059
0.16117,0.976928
0.14416,0.979504
0.127109,0.981788
0.11002,0.983777
0.0928998,0.985472
0.0757526,0.986871
0.0585837,0.987975
0.0413981,0.988784
0.024201,0.989296
0.00699739,0.989512
-0.0102075,0.989432
-0.0274086,0.989055
-0.0446009,0.988382
-0.0617793,0.987414
-0.0789385,0.986149
-0.0960737,0.98459
-0.11318,0.982735
-0.130251,0.980586
-0.147284,0.978144
-0.164272,0.975408
-0.18121,0.972381
-0.198094,0.969062
-0.214919,0.965453
-0.231679,0.961555
-0.24837,0.957368
-0.264986,0.952895
-0.281523,0.948136
-0.297976,0.943094
-0.31434,0.937768
-0.33061,0.932162
-0.346781,0.926276
-0.362849,0.920113
-0.378808,0.913674
-0.394654,0.906961
-0.410383,0.899976
-0.425989,0.892721
-0.441469,0.885198
-0.456816,0.87741
-0.472028,0.869359
-0.487099,0.861047
-0.502024,0.852477
-0.516801,0.843651
-0.531423,0.834571
-0.545887,0.825242
-0.560188,0.815664
-0.574323,0.805842
-0.588287,0.795777
-0.602075,0.785474
-0.615684,0.774934
-0.62911,0.764162
-0.642349,0.75316
-0.655397,0.741932
-0.66825,0.730481
-0.680903,0.71881
-0.693355,0.706922
-0.7056,0.694822
-0.717635,0.682513
-0.729456,0.669998
-0.741061,0.657282
-0.752445,0.644367
-0.763605,0.631259
-0.774538,0.61796
-0.785241,0.604474
-0.79571,0.590807
-0.805943,0.576961
-0.815936,0.56294
-0.825686,0.54875
-0.835191,0.534393
-0.844448,0.519875
-0.853453,0.5052
-0.862205,0.490372
-0.8707,0.475395
-0.878942,0.460263
-0.886917,0.445002
-0.894628,0.429606
-0.902073,0.414079
-0.90925,0.398427
-0.916157,0.382653
-0.922791,0.366762
-0.929151,0.350759
-0.935235,0.334649
-0.941041,0.318436
-0.946566,0.302126
-0.951811,0.285723
-0.956773,0.269231
-0.96145,0.252657
-0.965841,0.236005
-0.969945,0.219279
-0.973761,0.202485
-0.977287,0.185627
-0.980523,0.168711
-0.983468,0.151742
-0.98612,0.134724
-0.988478,0.117663
-0.990543,0.100564
-0.992314,0.0834319
-0.993789,0.0662715
-0.994969,0.0490881
-0.995854,0.0318867
-0.996442,0.0146724
-0.996734,-0.00254952
-0.996729,-0.0197741
-0.996429,-0.0369963
-0.995832,-0.0542109
-0.994939,-0.0714128
-0.99375,-0.088597
-0.992266,-0.105758
-0.990486,-0.122892
-0.988412,-0.139992
-0.986045,-0.157054
-0.983384,-0.174074
-0.980431,-0.191045
-0.977186,-0.207963
-0.97365,-0.224822
-0.969825,-0.241619
-0.965712,-0.258347
-0.961312,-0.275002
-0.956625,-0.29158
-0.951654,-0.308074
-0.9464,-0.32448
-0.940865,-0.340794
-0.93505,-0.35701
-0.928956,-0.373124
-0.922587,-0.38913
-0.915943,-0.405025
-0.909026,-0.420803
-0.901839,-0.43646
-0.894384,-0.451992
-0.886662,-0.467392
-0.878677,-0.482658
-0.870431,-0.497784
-0.861925,-0.512766
-0.853163,-0.5276
-0.844147,-0.54228
-0.83488,-0.556804
-0.825364,-0.571166
-0.815603,-0.585362
-0.805599,-0.599388
-0.795355,-0.61324
-0.784874,-0.626914
-0.77416,-0.640406
-0.763215,-0.653711
-0.752043,-0.666826
-0.740647,-0.679747
-0.729031,-0.692471
-0.717197,-0.704992
-0.70515,-0.717308
-0.692892,-0.729415
-0.680429,-0.741309
-0.667762,-0.752988
-0.654897,-0.764446
-0.641836,-0.775682
-0.628584,-0.786691
-0.615144,-0.797471
-0.601522,-0.808018
-0.587719,-0.818329
-0.573742,-0.828401
-0.559593,-0.838231
-0.545278,-0.847816
-0.5308,-0.857154
-0.516163,-0.866241
-0.501372,-0.875075
-0.486432,-0.883653
-0.471346,-0.891973
-0.456119,-0.900032
-0.440756,-0.907828
-0.425262,-0.915359
-0.40964,-0.922622
-0.393895,-0.929615
-0.378033,-0.936336
-0.362058,-0.942783
-0.345974,-0.948955
-0.329786,-0.954848
-0.3135,-0.960463
-0.297119,-0.965796
-0.280649,-0.970847
-0.264095,-0.975614
-0.247462,-0.980095
-0.230754,-0.98429
-0.213976,-0.988196
-0.197134,-0.991813
-0.180232,-0.99514
-0.163276,-0.998176
-0.14627,-1.00092
-0.129219,-1.00337
-0.112129,-1.00553
-0.0950051,-1.00739
-0.0778513,-1.00896
-0.0606733,-1.01023
-0.0434761,-1.0112
-0.0262648,-1.01189
-0.00904448,-1.01227
0.00817971,-1.01236
0.0254027,-1.01215
0.0426194,-1.01164
0.0598246,-1.01084
0.0770134,-1.00975
0.0941806,-1.00835
0.111321,-1.00667
0.12843,-1.00469
0.145502,-1.00241
0.162532,-0.99984
0.179515,-0.996977
0.196446,-0.993824
0.21332,-0.990379
0.230132,-0.986645
0.246878,-0.982622
0.263551,-0.978311
0.280148,-0.973714
0.296662,-0.968833
0.313091,-0.963668
0.329427,-0.958221
0.345668,-0.952494
0.361807,-0.946488
0.37784,-0.940206
0.393762,-0.933648
0.409569,-0.926818
0.425256,-0.919717
0.440819,-0.912347
0.456252,-0.904711
0.471551,-0.89681
0.486711,-0.888647
0.501729,-0.880225
0.516599,-0.871545
0.531318,-0.862611
0.54588,-0.853425
0.560282,-0.84399
0.57452,-0.834309
0.588588,-0.824384
0.602483,-0.814218
0.616201,-0.803815
0.629738,-0.793178
0.64309,-0.78231
0.656252,-0.771213
0.669221,-0.759892
0.681993,-0.748349
0.694565,-0.736588
0.706932,-0.724613
0.719091,-0.712427
0.731038,-0.700034
0.74277,-0.687436
0.754283,-0.674639
0.765574,-0.661646
0.776639,-0.648461
0.787476,-0.635087
0.798081,-0.621529
0.808451,-0.607791
0.818582,-0.593876
0.828472,-0.579789
0.838119,-0.565535
0.847518,-0.551116
0.856667,-0.536538
0.865565,-0.521805
0.874207,-0.506921
0.882591,-0.491891
0.890715,-0.476718
0.898577,-0.461409
0.906174,-0.445966
0.913503,-0.430395
0.920564,-0.414701
0.927353,-0.398887
0.933869,-0.382959
0.940109,-0.366922
0.946073,-0.350779
0.951757,-0.334537
0.957161,-0.318199
0.962283,-0.301771
0.967121,-0.285257
0.971674,-0.268663
0.97594,-0.251993
0.979919,-0.235252
0.983609,-0.218445
0.987008,-0.201577
0.990117,-0.184654
0.992934,-0.16768
0.995458,-0.15066
0.997689,-0.133599
0.999625,-0.116503
1.00127,-0.0993756
1.00261,-0.082223
1.00366,-0.0650499
1.00442,-0.0478615
1.00488,-0.0306628
1.00504,-0.0134589
1.00491,0.00374502
1.00448,0.0209439
1.00375,0.0381327
1.00273,0.0553063
1.00141,0.0724595
0.9998,0.0895874
0.997893,0.106685
0.995691,0.123747
0.993196,0.140768
0.990408,0.157743
0.987329,0.174668
0.983958,0.191537
0.980297,0.208346
0.976347,0.225089
0.97211,0.241761
0.967586,0.258357
0.962777,0.274873
0.957684,0.291304
0.952309,0.307644
0.946654,0.32389
0.940719,0.340035
0.934507,0.356076
0.92802,0.372007
0.92126,0.387824
0.914228,0.403522
0.906927,0.419096
0.899359,0.434542
0.891525,0.449856
0.88343,0.465032
0.875074,0.480067
0.86646,0.494955
0.857592,0.509692
0.84847,0.524275
0.839099,0.538698
0.829481,0.552958
0.819619,0.56705
0.809516,0.580969
0.799174,0.594713
0.788597,0.608276
0.777789,0.621655
0.766751,0.634846
0.755488,0.647845
0.744002,0.660648
0.732298,0.673251
0.720379,0.68565
0.708247,0.697842
0.695908,0.709824
0.683364,0.721591
0.670619,0.73314
0.657677,0.744468
0.644542,0.755571
0.631217,0.766447
0.617708,0.777091
0.604016,0.787501
0.590148,0.797674
0.576106,0.807606
0.561896,0.817295
0.547521,0.826737
0.532985,0.835931
0.518292,0.844873
0.503448,0.85356
0.488457,0.861991
0.473323,0.870162
0.45805,0.878071
0.442643,0.885716
0.427106,0.893094
0.411445,0.900203
0.395663,0.907042
0.379766,0.913608
0.363759,0.919899
0.347645,0.925914
0.33143,0.93165
0.315118,0.937106
0.298715,0.94228
0.282225,0.947171
0.265654,0.951777
0.249005,0.956097
0.232284,0.96013
0.215496,0.963874
0.198647,0.967328
0.18174,0.970491
0.164781,0.973363
0.147775,0.975943
0.130726,0.978229
0.113641,0.980221
0.0965245,0.981918
0.0793808,0.983321
0.0622153,0.984428
0.0450332,0.985239
0.0278396,0.985754
0.0106395,0.985973
-0.00656192,0.985896
-0.0237596,0.985522
-0.0409484,0.984852
-0.0581233,0.983887
-0.0752791,0.982625
-0.0924109,0.981068
-0.109513,0.979217
-0.126582,0.977071
-0.143611,0.974631
-0.160595,0.971899
-0.17753,0.968874
-0.194411,0.965559
-0.211232,0.961952
-0.227989,0.958057
-0.244676,0.953874
-0.261289,0.949404
-0.277823,0.944648
-0.294272,0.939608
-0.310633,0.934286
-0.3269,0.928683
-0.343068,0.9228
-0.359132,0.91664
-0.375088,0.910204
-0.390931,0.903494
-0.406656,0.896512
-0.422259,0.88926
-0.437735,0.881741
-0.45308,0.873956
-0.468288,0.865908
-0.483356,0.857599
-0.498278,0.849032
-0.513051,0.840209
-0.52767,0.831133
-0.542131,0.821806
-0.556429,0.812232
-0.570561,0.802413
-0.584521,0.792351
-0.598306,0.782051
-0.611913,0.771515
-0.625335,0.760746
-0.638571,0.749747
-0.651616,0.738522
-0.664465,0.727074
-0.677116,0.715406
-0.689564,0.703522
-0.701806,0.691426
-0.713838,0.67912
-0.725656,0.666608
-0.737258,0.653895
-0.748639,0.640984
-0.759796,0.627879
-0.770727,0.614583
-0.781426,0.601101
-0.791893,0.587436
-0.802123,0.573593
-0.812113,0.559576
-0.82186,0.545389
-0.831362,0.531036
-0.840616,0.516522
-0.849618,0.50185
-0.858367,0.487025
-0.866859,0.472051
-0.875093,0.456933
-0.883065,0.441676
-0.890774,0.426283
-0.898216,0.41076
-0.905391,0.39511
-0.912295,0.37934
-0.918927,0.363452
-0.925284,0.347453
-0.931366,0.331346
-0.937169,0.315137
-0.942692,0.29883
-0.947934,0.28243
-0.952894,0.265942
-0.957568,0.249371
-0.961957,0.232722
-0.966059,0.215999
-0.969873,0.199208
-0.973397,0.182354
-0.97663,0.165441
-0.979572,0.148475
-0.982222,0.131461
-0.984579,0.114403
-0.986642,0.0973073
-0.98841,0.0801782
-0.989883,0.0630209
-0.991061,0.0458406
-0.991943,0.0286424
-0.992529,0.0114313
-0.992819,-0.0057876
-0.992812,-0.0230091
-0.99251,-0.0402282
-0.991911,-0.0574398
-0.991015,-0.0746387
-0.989825,-0.0918199
-0.988338,-0.108978
-0.986557,-0.126109
-0.984481,-0.143206
-0.982111,-0.160266
-0.979448,-0.177282
-0.976493,-0.19425
-0.973246,-0.211165
-0.969709,-0.228022
-0.965882,-0.244816
-0.961767,-0.261541
-0.957364,-0.278194
-0.952676,-0.294768
-0.947703,-0.31126
-0.942447,-0.327663
-0.936909,-0.343974
-0.931092,-0.360188
-0.924997,-0.376299
-0.918625,-0.392303
-0.911979,-0.408195
-0.905061,-0.423971
-0.897872,-0.439626
-0.890414,-0.455154
-0.882691,-0.470553
-0.874704,-0.485816
-0.866455,-0.500939
-0.857948,-0.515919
-0.849183,-0.53075
-0.840165,-0.545429
-0.830896,-0.55995
-0.821379,-0.57431
-0.811615,-0.588504
-0.801609,-0.602528
-0.791363,-0.616377
-0.78088,-0.630049
-0.770164,-0.643539
-0.759217,-0.656842
-0.748043,-0.669955
-0.736645,-0.682874
-0.725026,-0.695595
-0.71319,-0.708114
-0.701141,-0.720428
-0.688881,-0.732533
-0.676415,-0.744425
-0.663746,-0.756102
-0.650878,-0.767558
-0.637815,-0.778792
-0.624561,-0.789799
-0.611119,-0.800577
-0.597494,-0.811122
-0.583689,-0.821431
-0.56971,-0.831501
-0.555559,-0.841329
-0.541241,-0.850913
-0.52676,-0.860248
-0.512121,-0.869333
-0.497327,-0.878166
-0.482384,-0.886742
-0.467296,-0.89506
-0.452067,-0.903117
-0.436701,-0.910911
-0.421204,-0.91844
-0.405579,-0.925701
-0.389832,-0.932692
-0.373967,-0.939412
-0.357989,-0.945857
-0.341902,-0.952027
-0.325712,-0.957919
-0.309423,-0.963532
-0.293039,-0.968863
-0.276567,-0.973912
-0.26001,-0.978677
-0.243373,-0.983157
-0.226662,-0.987349
-0.209882,-0.991254
-0.193037,-0.994869
-0.176132,-0.998194
-0.159173,-1.00123
-0.142164,-1.00397
-0.12511,-1.00642
-0.108017,-1.00857
-0.0908894,-1.01043
-0.0737325,-1.012
-0.0565513,-1.01327
-0.039351,-1.01424
-0.0221365,-1.01492
-0.00491297,-1.0153
0.0123145,-1.01539
0.0295407,-1.01518
0.0467606,-1.01467
0.0639692,-1.01387
0.0811612,-1.01277
0.0983317,-1.01138
0.115476,-1.00969
0.132588,-1.0077
0.149663,-1.00543
0.166696,-1.00285
0.183683,-0.99999
0.200617,-0.996834
0.217495,-0.993388
0.234311,-0.989651
0.251059,-0.985626
0.267736,-0.981313
0.284336,-0.976714
0.300855,-0.97183
0.317286,-0.966663
0.333626,-0.961214
0.34987,-0.955485
0.366013,-0.949477
0.382049,-0.943192
0.397976,-0.936632
0.413786,-0.9298
0.429477,-0.922696
0.445043,-0.915324
0.460479,-0.907685
0.475782,-0.899782
0.490946,-0.891617
0.505967,-0.883192
0.520841,-0.87451
0.535563,-0.865573
0.550129,-0.856385
0.564535,-0.846947
0.578776,-0.837263
0.592848,-0.827336
0.606746,-0.817168
0.620468,-0.806762
0.634008,-0.796122
0.647363,-0.785251
0.660529,-0.774152
0.673502,-0.762828
0.686278,-0.751282
0.698853,-0.739519
0.711223,-0.727541
0.723386,-0.715352
0.735336,-0.702956
0.747072,-0.690356
0.758589,-0.677556
0.769883,-0.66456
0.780952,-0.651372
0.791792,-0.637996
0.802401,-0.624435
0.812774,-0.610694
0.822909,-0.596776
0.832803,-0.582686
0.842452,-0.568429
0.851855,-0.554007
0.861008,-0.539426
0.869909,-0.52469
0.878554,-0.509803
0.886942,-0.49477
0.89507,-0.479594
0.902935,-0.464282
0.910535,-0.448836
0.917868,-0.433262
0.924932,-0.417565
0.931725,-0.401748
0.938244,-0.385817
0.944488,-0.369777
0.950455,-0.353631
0.956143,-0.337385
0.96155,-0.321045
0.966675,-0.304613
0.971516,-0.288097
0.976073,-0.271499
0.980342,-0.254826
0.984324,-0.238082
0.988017,-0.221272
0.991421,-0.204401
0.994533,-0.187475
0.997353,-0.170497
0.99988,-0.153474
1.00211,-0.13641
1.00405,-0.11931
1.0057,-0.10218
1.00705,-0.0850243
1.0081,-0.067848
1.00886,-0.0506563
1.00932,-0.0334544
1.00949,-0.0162472
1.00936,0.000959998
1.00893,0.0181622
1.00821,0.0353543
1.00719,0.0525312
1.00588,0.0696878
1.00427,0.086819
1.00236,0.10392
1.00017,0.120985
0.997673,0.138009
0.994889,0.154988
0.991812,0.171917
0.988444,0.188789
0.984787,0.205601
0.98084,0.222347
0.976606,0.239023
0.972085,0.255623
0.967279,0.272143
0.962189,0.288577
0.956817,0.304921
0.951165,0.321169
0.945233,0.337318
0.939024,0.353362
0.93254,0.369297
0.925783,0.385117
0.918754,0.400819
0.911456,0.416397
0.903891,0.431847
0.89606,0.447164
0.887968,0.462344
0.879615,0.477382
0.871004,0.492274
0.862138,0.507015
0.85302,0.521602
0.843652,0.536028
0.834037,0.550292
0.824177,0.564387
0.814077,0.578311
0.803738,0.592058
0.793164,0.605625
0.782358,0.619008
0.771323,0.632203
0.760062,0.645205
0.74858,0.658012
0.736878,0.670619
0.724961,0.683022
0.712833,0.695218
0.700496,0.707204
0.687954,0.718975
0.675212,0.730528
0.662273,0.74186
0.64914,0.752967
0.635818,0.763847
0.622311,0.774495
0.608622,0.784909
0.594756,0.795086
0.580717,0.805022
0.566509,0.814715
0.552136,0.824162
0.537603,0.833359
0.522913,0.842305
0.508071,0.850997
0.493082,0.859431
0.47795,0.867607
0.462679,0.87552
0.447274,0.883169
0.43174,0.890551
0.416081,0.897665
0.400301,0.904508
0.384407,0.911078
0.368401,0.917374
0.352289,0.923393
0.336076,0.929133
0.319767,0.934593
0.303366,0.939771
0.286878,0.944667
0.270308,0.949277
0.253661,0.953601
0.236942,0.957638
0.220156,0.961387
0.203308,0.964845
0.186403,0.968013
0.169446,0.970889
0.152442,0.973473
0.135395,0.975764
0.118312,0.97776
0.101197,0.979462
0.0840547,0.980869
0.0668909,0.98198
0.0497104,0.982796
0.0325184,0.983315
0.0153198,0.983539
-0.00188005,0.983466
-0.0190762,0.983096
-0.0362635,0.982431
-0.0534369,0.98147
-0.0705913,0.980213
-0.0877216,0.97866
-0.104823,0.976813
-0.12189,0.974672
-0.138917,0.972237
-0.1559,0.969509
-0.172834,0.966488
-0.189713,0.963177
-0.206533,0.959575
-0.223289,0.955684
-0.239975,0.951505
-0.256587,0.94704
-0.273119,0.942288
-0.289568,0.937253
-0.305927,0.931935
-0.322192,0.926336
-0.338359,0.920458
-0.354422,0.914302
-0.370377,0.907871
-0.386219,0.901165
-0.401944,0.894188
-0.417545,0.88694
-0.43302,0.879425
-0.448364,0.871645
-0.463571,0.863601
-0.478638,0.855297
-0.493559,0.846734
-0.508331,0.837916
-0.522949,0.828844
-0.537409,0.819522
-0.551706,0.809952
-0.565837,0.800137
-0.579796,0.79008
-0.593581,0.779784
-0.607186,0.769253
-0.620608,0.758488
-0.633843,0.747494
-0.646887,0.736273
-0.659735,0.724829
-0.672385,0.713166
-0.684833,0.701286
-0.697074,0.689194
-0.709105,0.676892
-0.720923,0.664385
-0.732523,0.651677
-0.743904,0.63877
-0.75506,0.625669
-0.76599,0.612378
-0.776689,0.5989
-0.787155,0.58524
-0.797384,0.571401
-0.807373,0.557389
-0.81712,0.543206
-0.826621,0.528857
-0.835874,0.514347
-0.844876,0.499679
-0.853624,0.484859
-0.862116,0.46989
-0.870349,0.454776
-0.878321,0.439523
-0.886029,0.424135
-0.893471,0.408616
-0.900645,0.392971
-0.907548,0.377204
-0.91418,0.361321
-0.920537,0.345326
-0.926617,0.329224
-0.93242,0.313019
-0.937943,0.296716
-0.943185,0.280321
-0.948144,0.263837
-0.952818,0.247271
-0.957207,0.230626
-0.961308,0.213907
-0.965121,0.197121
-0.968645,0.180271
-0.971878,0.163363
-0.97482,0.146401
-0.977469,0.129391
-0.979826,0.112337
-0.981888,0.0952457
-0.983656,0.0781209
-0.985129,0.0609679
-0.986307,0.0437918
-0.987189,0.0265978
-0.987774,0.00939092
-0.988064,-0.00782373
-0.988057,-0.025041
-0.987754,-0.0422559
-0.987155,-0.0594633
-0.98626,-0.076658
-0.985069,-0.093835
-0.983582,-0.110989
-0.981801,-0.128116
-0.979725,-0.145209
-0.977355,-0.162264
-0.974692,-0.179276
-0.971737,-0.196241
-0.96849,-0.213152
-0.964952,-0.230004
-0.961125,-0.246794
-0.95701,-0.263516
-0.952608,-0.280164
-0.947919,-0.296734
-0.942946,-0.313222
-0.93769,-0.329622
-0.932153,-0.345929
-0.926336,-0.362138
-0.92024,-0.378246
-0.913869,-0.394246
-0.907223,-0.410134
-0.900304,-0.425906
-0.893115,-0.441557
-0.885658,-0.457082
-0.877935,-0.472476
-0.869948,-0.487735
-0.861699,-0.502855
-0.853192,-0.517831
-0.844428,-0.532659
-0.83541,-0.547333
-0.826141,-0.561851
-0.816623,-0.576207
-0.80686,-0.590397
-0.796854,-0.604418
-0.786608,-0.618264
-0.776125,-0.631932
-0.765409,-0.645418
-0.754462,-0.658718
-0.743288,-0.671827
-0.73189,-0.684743
-0.720271,-0.69746
-0.708435,-0.709976
-0.696386,-0.722287
-0.684126,-0.734388
-0.67166,-0.746277
-0.658992,-0.75795
-0.646124,-0.769403
-0.633061,-0.780634
-0.619806,-0.791638
-0.606365,-0.802412
-0.59274,-0.812954
-0.578935,-0.82326
-0.564955,-0.833327
-0.550804,-0.843152
-0.536486,-0.852732
-0.522005,-0.862064
-0.507366,-0.871146
-0.492572,-0.879975
-0.477629,-0.888549
-0.462541,-0.896863
-0.447311,-0.904918
-0.431946,-0.912709
-0.416448,-0.920235
-0.400823,-0.927493
-0.385076,-0.934481
-0.369211,-0.941197
-0.353232,-0.94764
-0.337146,-0.953806
-0.320955,-0.959695
-0.304665,-0.965305
-0.288282,-0.970634
-0.271809,-0.97568
-0.255251,-0.980442
-0.238614,-0.984918
-0.221903,-0.989108
-0.205122,-0.99301
-0.188276,-0.996622
-0.171371,-0.999944
-0.154411,-1.00298
-0.137402,-1.00571
-0.120348,-1.00816
-0.103254,-1.01031
-0.0861258,-1.01217
-0.0689683,-1.01373
-0.0517865,-1.015
-0.0345854,-1.01597
-0.0173702,-1.01665
-0.000146004,-1.01703
0.0170822,-1.01711
0.0343091,-1.0169
0.0515299,-1.01639
0.0687392,-1.01558
0.0859321,-1.01448
0.103103,-1.01308
0.120248,-1.01139
0.137361,-1.0094
0.154437,-1.00712
0.171472,-1.00455
0.188459,-1.00168
0.205395,-0.998521
0.222273,-0.995071
0.23909,-0.991331
0.25584,-0.987303
0.272518,-0.982987
0.289119,-0.978385
0.305638,-0.973499
0.322071,-0.968328
0.338412,-0.962876
0.354657,-0.957144
0.370801,-0.951133
0.386839,-0.944845
0.402766,-0.938282
0.418578,-0.931447
0.43427,-0.92434
0.449837,-0.916965
0.465275,-0.909323
0.480578,-0.901416
0.495744,-0.893248
0.510766,-0.884819
0.525642,-0.876134
0.540365,-0.867194
0.554932,-0.858003
0.569339,-0.848562
0.583581,-0.838875
0.597655,-0.828944
0.611555,-0.818773
0.625278,-0.808364
0.63882,-0.79772
0.652176,-0.786846
0.665343,-0.775743
0.678317,-0.764416
0.691095,-0.752867
0.703671,-0.7411
0.716043,-0.729118
0.728207,-0.716926
0.740159,-0.704526
0.751896,-0.691923
0.763414,-0.67912
0.77471,-0.66612
0.78578,-0.652928
0.796622,-0.639548
0.807232,-0.625984
0.817606,-0.612239
0.827743,-0.598317
0.837638,-0.584224
0.847289,-0.569963
0.856693,-0.555537
0.865847,-0.540953
0.874749,-0.526213
0.883396,-0.511322
0.891785,-0.496285
0.899914,-0.481106
0.907781,-0.465789
0.915383,-0.45034
0.922717,-0.434762
0.929782,-0.41906
0.936576,-0.40324
0.943097,-0.387305
0.949342,-0.37126
0.95531,-0.355111
0.960999,-0.338861
0.966408,-0.322517
0.971534,-0.306081
0.976377,-0.28956
0.980934,-0.272959
0.985205,-0.256282
0.989189,-0.239534
0.992883,-0.22272
0.996287,-0.205845
0.999401,-0.188914
1.00222,-0.171933
1.00475,-0.154905
1.00699,-0.137837
1.00893,-0.120734
1.01057,-0.103599
1.01192,-0.0864391
1.01298,-0.0692587
1.01374,-0.0520628
1.0142,-0.0348567
1.01437,-0.0176454
1.01424,-0.000433945
1.01381,0.0167725
1.01309,0.0339688
1.01207,0.0511499
1.01076,0.0683106
1.00915,0.0854461
1.00725,0.102551
1.00505,0.11962
1.00256,0.136649
0.999778,0.153632
0.996702,0.170565
0.993336,0.187442
0.989679,0.204258
0.985733,0.221009
0.9815,0.237688
0.97698,0.254293
0.972175,0.270816
0.967086,0.287255
0.961715,0.303603
0.956063,0.319856
0.950132,0.336009
0.943924,0.352058
0.937441,0.367997
0.930685,0.383821
0.923656,0.399527
0.916359,0.41511
0.908795,0.430564
0.900965,0.445885
0.892873,0.461069
0.884521,0.476112
0.875911,0.491008
0.867046,0.505754
0.857928,0.520344
0.848561,0.534776
0.838946,0.549043
0.829088,0.563143
0.818988,0.577071
0.808649,0.590823
0.798076,0.604394
0.787271,0.617781
0.776236,0.63098
0.764976,0.643987
0.753494,0.656798
0.741793,0.66941
0.729877,0.681817
0.717749,0.694018
0.705412,0.706008
0.692871,0.717783
0.68013,0.729341
0.667191,0.740677
0.654059,0.751789
0.640737,0.762673
0.62723,0.773325
0.613542,0.783744
0.599677,0.793925
0.585638,0.803865
0.57143,0.813563
0.557057,0.823014
0.542524,0.832216
0.527835,0.841166
0.512993,0.849862
0.498005,0.858301
0.482873,0.866481
0.467602,0.874399
0.452198,0.882052
0.436664,0.889439
0.421005,0.896557
0.405226,0.903405
0.389331,0.909979
0.373325,0.916279
0.357214,0.922302
0.341001,0.928047
0.324691,0.933512
0.30829,0.938695
0.291802,0.943594
0.275233,0.948209
0.258586,0.952538
0.241867,0.95658
0.225081,0.960332
0.208233,0.963795
0.191328,0.966968
0.17437,0.969849
0.157366,0.972437
0.140319,0.974732
0.123236,0.976733
0.10612,0.978439
0.0889781,0.97985
0.071814,0.980966
0.0546333,0.981786
0.0374409,0.98231
0.0202421,0.982538
0.00304182,0.98247
-0.0141547,0.982105
-0.0313425,0.981444
-0.0485163,0.980487
-0.0656711,0.979235
-0.0828019,0.977687
-0.0999035,0.975844
-0.116971,0.973707
-0.133999,0.971276
-0.150983,0.968553
-0.167917,0.965537
-0.184797,0.96223
-0.201618,0.958633
-0.218374,0.954746
-0.235061,0.950572
-0.251673,0.946111
-0.268206,0.941364
-0.284656,0.936333
-0.301016,0.931019
-0.317282,0.925425
-0.33345,0.919551
-0.349514,0.9134
-0.36547,0.906972
-0.381312,0.900271
-0.397038,0.893298
-0.412641,0.886055
-0.428116,0.878544
-0.443461,0.870768
-0.458669,0.862729
-0.473737,0.854429
-0.488659,0.84587
-0.503432,0.837056
-0.518052,0.827989
-0.532512,0.818671
-0.546811,0.809105
-0.560943,0.799295
-0.574903,0.789242
-0.588689,0.778951
-0.602295,0.768423
-0.615719,0.757663
-0.628955,0.746673
-0.642,0.735456
-0.65485,0.724017
-0.667501,0.712358
-0.67995,0.700482
-0.692192,0.688394
-0.704225,0.676097
-0.716044,0.663594
-0.727646,0.650889
-0.739028,0.637986
-0.750186,0.62489
-0.761117,0.611602
-0.771817,0.598129
-0.782284,0.584473
-0.792515,0.570638
-0.802506,0.55663
-0.812254,0.542451
-0.821757,0.528107
-0.831011,0.5136
-0.840015,0.498937
-0.848765,0.48412
-0.857258,0.469155
-0.865493,0.454045
-0.873466,0.438796
-0.881175,0.423412
-0.888619,0.407897
-0.895795,0.392256
-0.9027,0.376493
-0.909333,0.360614
-0.915691,0.344623
-0.921774,0.328525
-0.927578,0.312324
-0.933103,0.296025
-0.938346,0.279633
-0.943307,0.263154
-0.947983,0.246591
-0.952373,0.22995
-0.956476,0.213236
-0.960291,0.196453
-0.963817,0.179607
-0.967052,0.162702
-0.969995,0.145744
-0.972646,0.128738
-0.975004,0.111689
-0.977069,0.0946008
-0.978838,0.0774797
-0.980313,0.0603305
-0.981493,0.0431583
-0.982376,0.0259681
-0.982964,0.00876495
-0.983255,-0.00844593
-0.983251,-0.0256595
-0.982949,-0.0428706
-0.982352,-0.0600743
-0.981459,-0.0772653
-0.98027,-0.0944385
-0.978785,-0.111589
-0.977005,-0.128712
-0.974931,-0.145801
-0.972563,-0.162853
-0.969902,-0.179861
-0.966949,-0.196822
-0.963704,-0.213729
-0.960168,-0.230578
-0.956343,-0.247364
-0.95223,-0.264082
-0.947829,-0.280727
-0.943143,-0.297294
-0.938172,-0.313778
-0.932918,-0.330174
-0.927383,-0.346478
-0.921567,-0.362684
-0.915474,-0.378787
-0.909105,-0.394784
-0.902461,-0.410669
-0.895544,-0.426437
-0.888357,-0.442084
-0.880902,-0.457606
-0.873181,-0.472997
-0.865196,-0.488253
-0.856949,-0.503369
-0.848444,-0.518342
-0.839682,-0.533166
-0.830666,-0.547837
-0.821399,-0.562351
-0.811883,-0.576704
-0.802122,-0.590891
-0.792118,-0.604908
-0.781874,-0.618751
-0.771394,-0.632415
-0.76068,-0.645898
-0.749735,-0.659194
-0.738563,-0.672301
-0.727167,-0.685213
-0.71555,-0.697927
-0.703717,-0.71044
-0.691669,-0.722747
-0.679412,-0.734846
-0.666948,-0.746731
-0.654281,-0.758401
-0.641416,-0.769851
-0.628355,-0.781078
-0.615102,-0.792079
-0.601663,-0.802851
-0.58804,-0.813389
-0.574237,-0.823692
-0.560259,-0.833756
-0.54611,-0.843578
-0.531794,-0.853155
-0.517316,-0.862484
-0.502678,-0.871564
-0.487887,-0.88039
-0.472946,-0.88896
-0.457859,-0.897272
-0.442632,-0.905323
-0.427268,-0.913111
-0.411773,-0.920634
-0.39615,-0.927889
-0.380405,-0.934875
-0.364542,-0.941588
-0.348565,-0.948028
-0.33248,-0.954192
-0.316292,-0.960078
-0.300004,-0.965685
-0.283622,-0.971011
-0.267151,-0.976054
-0.250596,-0.980814
-0.233961,-0.985287
-0.217251,-0.989474
-0.200472,-0.993373
-0.183628,-0.996983
-0.166725,-1.0003
-0.149767,-1.00333
-0.132759,-1.00607
-0.115707,-1.00851
-0.098615,-1.01066
-0.0814886,-1.01251
-0.0643328,-1.01407
-0.0471527,-1.01534
-0.0299534,-1.01631
-0.0127399,-1.01698
0.00448265,-1.01736
0.0217092,-1.01744
0.0389345,-1.01722
0.0561536,-1.01671
0.0733614,-1.0159
0.0905527,-1.0148
0.107722,-1.0134
0.124866,-1.0117
0.141977,-1.00971
0.159052,-1.00743
0.176085,-1.00485
0.193071,-1.00198
0.210005,-0.998823
0.226882,-0.99537
0.243697,-0.991628
0.260446,-0.987598
0.277122,-0.983279
0.293722,-0.978675
0.31024,-0.973786
0.326672,-0.968613
0.343012,-0.963158
0.359255,-0.957423
0.375398,-0.95141
0.391434,-0.945119
0.40736,-0.938554
0.423171,-0.931716
0.438862,-0.924607
0.454428,-0.917229
0.469864,-0.909584
0.485167,-0.901675
0.500332,-0.893504
0.515353,-0.885073
0.530227,-0.876385
0.54495,-0.867443
0.559516,-0.858249
0.573922,-0.848805
0.588163,-0.839115
0.602235,-0.829182
0.616135,-0.819008
0.629857,-0.808596
0.643397,-0.79795
0.656753,-0.787073
0.669919,-0.775967
0.682893,-0.764637
0.695669,-0.753085
0.708244,-0.741316
0.720616,-0.729331
0.732779,-0.717136
0.74473,-0.704734
0.756466,-0.692127
0.767983,-0.679321
0.779278,-0.666319
0.790348,-0.653124
0.801189,-0.639741
0.811798,-0.626174
0.822172,-0.612426
0.832307,-0.598501
0.842202,-0.584405
0.851852,-0.57014
0.861255,-0.555712
0.870409,-0.541124
0.87931,-0.526381
0.887956,-0.511487
0.896345,-0.496447
0.904473,-0.481265
0.912339,-0.465945
0.91994,-0.450493
0.927274,-0.434912
0.934338,-0.419207
0.941131,-0.403383
0.947651,-0.387445
0.953896,-0.371397
0.959863,-0.355244
0.965551,-0.338991
0.970959,-0.322643
0.976085,-0.306205
0.980926,-0.28968
0.985483,-0.273076
0.989753,-0.256395
0.993736,-0.239643
0.99743,-0.222826
1.00083,-0.205948
1.00395,-0.189014
1.00677,-0.172029
1.00929,-0.154998
1.01153,-0.137926
1.01347,-0.120819
1.01511,-0.103681
1.01646,-0.0865174
1.01752,-0.0693333
1.01828,-0.0521339
1.01874,-0.0349242
1.01891,-0.0177092
1.01878,-0.000494177
1.01835,0.0167159
1.01763,0.0339158
1.01661,0.0511006
1.01529,0.068265
1.01368,0.0854041
1.01178,0.102513
1.00958,0.119586
1.00709,0.136618
1.0043,0.153605
1.00123,0.170542
0.99786,0.187422
0.994202,0.204242
0.990256,0.220996
0.986021,0.23768
0.9815,0.254288
0.976694,0.270816
0.971604,0.287258
0.966232,0.30361
0.960579,0.319867
0.954647,0.336023
0.948438,0.352076
0.941953,0.368018
0.935195,0.383847
0.928166,0.399557
0.920868,0.415143
0.913302,0.430601
0.905471,0.445926
0.897378,0.461114
0.889024,0.47616
0.880413,0.49106
0.871546,0.50581
0.862427,0.520404
0.853059,0.534839
0.843443,0.549111
0.833583,0.563215
0.823481,0.577146
0.813142,0.590902
0.802567,0.604477
0.79176,0.617868
0.780724,0.631071
0.769463,0.644082
0.757979,0.656896
0.746277,0.669512
0.734359,0.681923
0.72223,0.694127
0.709892,0.706121
0.697349,0.7179
0.684606,0.729462
0.671665,0.740802
0.658532,0.751917
0.645209,0.762805
0.6317,0.773461
0.618011,0.783884
0.604143,0.794068
0.590103,0.804013
0.575894,0.813714
0.561519,0.823169
0.546984,0.832375
0.532293,0.841329
0.51745,0.850029
0.50246,0.858472
0.487326,0.866655
0.472054,0.874576
0.456648,0.882234
0.441112,0.889624
0.425451,0.896746
0.40967,0.903597
0.393774,0.910176
0.377767,0.916479
0.361653,0.922506
0.345439,0.928255
0.329127,0.933723
0.312724,0.93891
0.296235,0.943813
0.279663,0.948432
0.263014,0.952764
0.246294,0.95681
0.229506,0.960566
0.212656,0.964033
0.195749,0.967209
0.178789,0.970093
0.161783,0.972685
0.144735,0.974984
0.127649,0.976989
0.110532,0.978699
0.0933875,0.980114
0.0762215,0.981233
0.0590387,0.982057
0.0418443,0.982585
0.0246434,0.982816
0.00744114,0.982751
-0.00975746,0.98239
-0.0269473,0.981733
-0.0441232,0.98078
-0.0612801,0.979531
-0.078413,0.977986
-0.0955168,0.976147
-0.112586,0.974014
-0.129617,0.971587
-0.146602,0.968867
-0.163539,0.965855
-0.180421,0.962551
-0.197244,0.958958
-0.214002,0.955075
-0.230692,0.950904
-0.247306,0.946446
-0.263842,0.941703
-0.280293,0.936676
-0.296656,0.931366
-0.312924,0.925775
-0.329094,0.919904
-0.345161,0.913756
-0.361119,0.907332
-0.376965,0.900635
-0.392692,0.893665
-0.408298,0.886426
-0.423776,0.878918
-0.439123,0.871146
-0.454334,0.86311
-0.469404,0.854813
-0.484329,0.846258
-0.499104,0.837447
-0.513726,0.828383
-0.52819,0.819069
-0.542491,0.809506
-0.556625,0.799699
-0.570589,0.78965
-0.584377,0.779362
-0.597986,0.768837
-0.611412,0.75808
-0.624651,0.747094
-0.637699,0.73588
-0.650551,0.724444
-0.663205,0.712788
-0.675657,0.700916
-0.687902,0.688831
-0.699937,0.676537
-0.711759,0.664037
-0.723364,0.651335
-0.734749,0.638436
-0.74591,0.625342
-0.756844,0.612058
-0.767547,0.598587
-0.778017,0.584934
-0.788251,0.571103
-0.798244,0.557098
-0.807996,0.542922
-0.817502,0.52858
-0.826759,0.514077
-0.835765,0.499416
-0.844518,0.484603
-0.853015,0.46964
-0.861252,0.454534
-0.869229,0.439287
-0.876941,0.423906
-0.884388,0.408394
-0.891567,0.392756
-0.898475,0.376996
-0.905111,0.36112
-0.911473,0.345131
-0.917558,0.329036
-0.923366,0.312837
-0.928894,0.296541
-0.93414,0.280153
-0.939104,0.263676
-0.943783,0.247116
-0.948177,0.230477
-0.952283,0.213765
-0.956101,0.196985
-0.95963,0.180142
-0.962868,0.16324
-0.965815,0.146285
-0.968469,0.129281
-0.97083,0.112234
-0.972898,0.0951487
-0.974671,0.0780302
-0.976149,0.0608835
-0.977331,0.0437138
-0.978218,0.026526
-0.978809,0.00932538
-0.979104,-0.00788305
-0.979102,-0.0250942
-0.978805,-0.0423029
-0.978211,-0.0595041
-0.97732,-0.0766927
-0.976135,-0.0938636
-0.974653,-0.111012
-0.972877,-0.128132
-0.970806,-0.145219
-0.968442,-0.162269
-0.965784,-0.179275
-0.962834,-0.196233
-0.959592,-0.213138
-0.95606,-0.229985
-0.952238,-0.246768
-0.948128,-0.263484
-0.943731,-0.280127
-0.939048,-0.296691
-0.93408,-0.313173
-0.928829,-0.329567
-0.923297,-0.345868
-0.917485,-0.362072
-0.911396,-0.378173
-0.905029,-0.394168
-0.898389,-0.410051
-0.891475,-0.425817
-0.884292,-0.441462
-0.87684,-0.456981
-0.869122,-0.47237
-0.861141,-0.487624
-0.852897,-0.502738
-0.844395,-0.517708
-0.835637,-0.53253
-0.826624,-0.5472
-0.817361,-0.561712
-0.807848,-0.576062
-0.798091,-0.590247
-0.78809,-0.604262
-0.77785,-0.618103
-0.767372,-0.631766
-0.756662,-0.645247
-0.74572,-0.658541
-0.734552,-0.671645
-0.723159,-0.684556
-0.711546,-0.697268
-0.699715,-0.709779
-0.687672,-0.722084
-0.675417,-0.734181
-0.662957,-0.746064
-0.650294,-0.757732
-0.637431,-0.76918
-0.624374,-0.780406
-0.611125,-0.791405
-0.597689,-0.802174
-0.584069,-0.812711
-0.57027,-0.823012
-0.556295,-0.833074
-0.54215,-0.842894
-0.527837,-0.85247
-0.513362,-0.861797
-0.498728,-0.870875
-0.48394,-0.879699
-0.469002,-0.888268
-0.453919,-0.896578
-0.438695,-0.904628
-0.423335,-0.912414
-0.407843,-0.919935
-0.392224,-0.927189
-0.376482,-0.934172
-0.360622,-0.940884
-0.344649,-0.947322
-0.328567,-0.953485
-0.312382,-0.959369
-0.296097,-0.964975
-0.279719,-0.970299
-0.263251,-0.975341
-0.246699,-0.980099
-0.230067,-0.984571
-0.213361,-0.988756
-0.196585,-0.992654
-0.179745,-0.996262
-0.162845,-0.99958
-0.14589,-1.00261
-0.128885,-1.00534
-0.111836,-1.00778
-0.0947477,-1.00993
-0.0776246,-1.01178
-0.060472,-1.01334
-0.0432951,-1.01461
-0.026099,-1.01557
-0.00888863,-1.01625
0.00833076,-1.01662
0.0255541,-1.0167
0.0427763,-1.01648
0.0599923,-1.01597
0.077197,-1.01516
0.0943852,-1.01405
0.111552,-1.01265
0.128692,-1.01096
0.1458,-1.00897
0.162872,-1.00668
0.179902,-1.0041
0.196885,-1.00123
0.213816,-0.99807
0.23069,-0.994617
0.247503,-0.990873
0.264248,-0.986841
0.280922,-0.982522
0.297518,-0.977916
0.314034,-0.973026
0.330462,-0.967852
0.346799,-0.962396
0.36304,-0.95666
0.37918,-0.950645
0.395214,-0.944353
0.411137,-0.937787
0.426945,-0.930947
0.442633,-0.923837
0.458196,-0.916458
0.47363,-0.908812
0.48893,-0.900902
0.504092,-0.892729
0.519111,-0.884297
0.533982,-0.875608
0.548702,-0.866665
0.563266,-0.857469
0.577669,-0.848024
0.591908,-0.838333
0.605977,-0.828398
0.619874,-0.818223
0.633594,-0.80781
0.647132,-0.797163
0.660485,-0.786284
0.673649,-0.775178
0.68662,-0.763846
0.699393,-0.752293
0.711967,-0.740522
0.724335,-0.728536
0.736496,-0.71634
0.748445,-0.703936
0.760178,-0.691328
0.771693,-0.678521
0.782986,-0.665517
0.794053,-0.652321
0.804892,-0.638936
0.815499,-0.625368
0.82587,-0.611618
0.836004,-0.597692
0.845896,-0.583595
0.855544,-0.569329
0.864945,-0.554899
0.874096,-0.540309
0.882995,-0.525565
0.891639,-0.51067
0.900026,-0.495628
0.908152,-0.480444
0.916015,-0.465123
0.923614,-0.449668
0.930946,-0.434086
0.938008,-0.418379
0.944799,-0.402554
0.951317,-0.386614
0.957559,-0.370565
0.963524,-0.35441
0.96921,-0.338156
0.974616,-0.321806
0.979739,-0.305365
0.984579,-0.288839
0.989134,-0.272233
0.993402,-0.25555
0.997382,-0.238797
1.00107,-0.221977
1.00448,-0.205097
1.00759,-0.188161
1.0104,-0.171174
1.01293,-0.154142
1.01516,-0.137068
1.0171,-0.119959
1.01874,-0.102819
1.02009,-0.0856533
1.02114,-0.0684672
1.0219,-0.0512658
1.02236,-0.034054
1.02252,-0.016837
1.02239,0.000380165
1.02196,0.0175923
1.02124,0.0347944
1.02022,0.0519813
1.0189,0.0691479
1.01729,0.0862891
1.01538,0.1034
1.01318,0.120475
1.01069,0.13751
1.0079,0.154499
1.00482,0.171438
1.00145,0.18832
0.997792,0.205143
0.993843,0.221899
0.989606,0.238585
0.985082,0.255195
0.980274,0.271725
0.975181,0.28817
0.969807,0.304524
0.964152,0.320783
0.958217,0.336942
0.952006,0.352997
0.945519,0.368942
0.938759,0.384773
0.931727,0.400485
0.924426,0.416074
0.916858,0.431534
0.909024,0.446862
0.900929,0.462052
0.892573,0.477101
0.883959,0.492003
0.87509,0.506755
0.865968,0.521352
0.856597,0.53579
0.846978,0.550063
0.837116,0.56417
0.827012,0.578104
0.81667,0.591862
0.806092,0.605439
0.795283,0.618833
0.784244,0.632038
0.77298,0.645051
0.761494,0.657869
0.749789,0.670486
0.737868,0.6829
0.725736,0.695107
0.713395,0.707103
0.70085,0.718885
0.688104,0.730448
0.67516,0.741791
0.662024,0.752909
0.648698,0.763799
0.635187,0.774458
0.621494,0.784883
0.607624,0.79507
0.593581,0.805017
0.579369,0.81472
0.564991,0.824178
0.550454,0.833386
0.53576,0.842343
0.520914,0.851045
0.50592,0.85949
0.490783,0.867676
0.475508,0.875599
0.460099,0.883259
0.44456,0.890652
0.428897,0.897777
0.413113,0.90463
0.397213,0.911211
0.381203,0.917517
0.365086,0.923546
0.348869,0.929297
0.332554,0.934768
0.316148,0.939957
0.299656,0.944862
0.283081,0.949483
0.266429,0.953818
0.249705,0.957866
0.232914,0.961624
0.216061,0.965093
0.199151,0.968272
0.182188,0.971159
0.165179,0.973753
0.148127,0.976054
0.131039,0.978061
0.113918,0.979773
0.0967706,0.98119
0.0796014,0.982312
0.0624154,0.983138
0.0452178,0.983668
0.0280137,0.983901
0.0108082,0.983839
-0.00639366,0.98348
-0.0235867,0.982825
-0.0407659,0.981874
-0.0579261,0.980627
-0.0750623,0.979085
-0.0921693,0.977248
-0.109242,0.975117
-0.126276,0.972692
-0.143265,0.969974
-0.160205,0.966964
-0.17709,0.963663
-0.193916,0.960071
-0.210678,0.95619
-0.227371,0.952022
-0.243989,0.947566
-0.260528,0.942825
-0.276983,0.9378
-0.293348,0.932492
-0.30962,0.926903
-0.325794,0.921034
-0.341864,0.914888
-0.357825,0.908467
-0.373674,0.901771
-0.389405,0.894803
-0.405014,0.887566
-0.420496,0.880061
-0.435846,0.87229
-0.45106,0.864256
-0.466134,0.855961
-0.481062,0.847408
-0.495842,0.838599
-0.510467,0.829537
-0.524934,0.820225
-0.539238,0.810664
-0.553376,0.800859
-0.567343,0.790812
-0.581135,0.780525
-0.594748,0.770003
-0.608177,0.759248
-0.62142,0.748263
-0.634471,0.737051
-0.647327,0.725617
-0.659985,0.713962
-0.67244,0.702092
-0.684689,0.690009
-0.696728,0.677716
-0.708553,0.665218
-0.720162,0.652518
-0.73155,0.639621
-0.742715,0.626529
-0.753652,0.613246
-0.76436,0.599777
-0.774833,0.586126
-0.785071,0.572296
-0.795068,0.558292
-0.804823,0.544118
-0.814333,0.529778
-0.823594,0.515276
-0.832604,0.500617
-0.841361,0.485805
-0.849861,0.470844
-0.858102,0.455739
-0.866082,0.440494
-0.873799,0.425114
-0.881249,0.409604
-0.888432,0.393967
-0.895344,0.378209
-0.901984,0.362334
-0.908349,0.346347
-0.914439,0.330252
-0.92025,0.314055
-0.925782,0.297761
-0.931032,0.281373
-0.936,0.264897
-0.940683,0.248339
-0.94508,0.231701
-0.94919,0.214991
-0.953012,0.198212
-0.956545,0.18137
-0.959787,0.164469
-0.962737,0.147515
-0.965396,0.130512
-0.967761,0.113466
-0.969832,0.0963819
-0.971609,0.0792644
-0.973091,0.0621187
-0.974278,0.04495
-0.975169,0.0277632
-0.975764,0.0105635
-0.976062,-0.00664396
-0.976065,-0.0238542
-0.975771,-0.041062
-0.97518,-0.0582623
-0.974294,-0.07545
-0.973112,-0.0926201
-0.971635,-0.109767
-0.969863,-0.126887
-0.967796,-0.143973
-0.965435,-0.161022
-0.962781,-0.178027
-0.959835,-0.194985
-0.956597,-0.211889
-0.953069,-0.228735
-0.949251,-0.245518
-0.945145,-0.262233
-0.940752,-0.278875
-0.936073,-0.295439
-0.931109,-0.31192
-0.925862,-0.328314
-0.920334,-0.344614
-0.914526,-0.360817
-0.90844,-0.376918
-0.902078,-0.392912
-0.895441,-0.408795
-0.888532,-0.42456
-0.881352,-0.440205
-0.873904,-0.455724
-0.86619,-0.471112
-0.858213,-0.486365
-0.849973,-0.501479
-0.841475,-0.516449
-0.83272,-0.531271
-0.823712,-0.54594
-0.814452,-0.560451
-0.804944,-0.574802
-0.79519,-0.588986
-0.785193,-0.603001
-0.774957,-0.616841
-0.764483,-0.630504
-0.753776,-0.643984
-0.742839,-0.657278
-0.731674,-0.670382
-0.720285,-0.683292
-0.708676,-0.696004
-0.69685,-0.708515
-0.68481,-0.72082
-0.672559,-0.732916
-0.660103,-0.7448
-0.647443,-0.756467
-0.634585,-0.767916
-0.621531,-0.779141
-0.608286,-0.79014
-0.594854,-0.800909
-0.581238,-0.811445
-0.567443,-0.821746
-0.553472,-0.831808
-0.53933,-0.841628
-0.525021,-0.851204
-0.51055,-0.860531
-0.49592,-0.869608
-0.481136,-0.878433
-0.466202,-0.887001
-0.451123,-0.895311
-0.435902,-0.903361
-0.420546,-0.911147
-0.405058,-0.918669
-0.389442,-0.925922
-0.373704,-0.932906
-0.357848,-0.939618
-0.341878,-0.946056
-0.325801,-0.952218
-0.309619,-0.958103
-0.293338,-0.963708
-0.276964,-0.969032
-0.2605,-0.974074
-0.243951,-0.978832
-0.227324,-0.983305
-0.210621,-0.98749
-0.193849,-0.991388
-0.177012,-0.994996
-0.160116,-0.998314
-0.143165,-1.00134
-0.126164,-1.00408
-0.109119,-1.00652
-0.0920337,-1.00867
-0.0749143,-1.01052
-0.0577654,-1.01208
-0.0405922,-1.01334
-0.0233997,-1.01431
-0.00619303,-1.01498
0.0110227,-1.01536
0.0282424,-1.01544
0.045461,-1.01522
0.0626733,-1.01471
0.0798744,-1.0139
0.097059,-1.01279
0.114222,-1.01139
0.131359,-1.0097
0.148463,-1.0077
0.165531,-1.00542
0.182558,-1.00284
0.199537,-0.999972
0.216465,-0.996809
0.233335,-0.993356
0.250144,-0.989613
0.266886,-0.985581
0.283556,-0.981262
0.30015,-0.976657
0.316661,-0.971767
0.333086,-0.966593
0.34942,-0.961138
0.365658,-0.955402
0.381794,-0.949387
0.397824,-0.943096
0.413744,-0.93653
0.429549,-0.929691
0.445233,-0.922581
0.460793,-0.915202
0.476224,-0.907557
0.49152,-0.899647
0.506679,-0.891475
0.521694,-0.883044
0.536563,-0.874355
0.551279,-0.865412
0.56584,-0.856216
0.58024,-0.846772
0.594475,-0.837081
0.608542,-0.827147
0.622435,-0.816972
0.636152,-0.80656
0.649687,-0.795913
0.663037,-0.785035
0.676197,-0.773928
0.689165,-0.762597
0.701936,-0.751045
0.714506,-0.739274
0.726871,-0.727289
0.739029,-0.715093
0.750975,-0.702689
0.762706,-0.690082
0.774217,-0.677275
0.785507,-0.664272
0.796572,-0.651076
0.807407,-0.637692
0.818011,-0.624123
0.82838,-0.610374
0.83851,-0.596449
0.848399,-0.582351
0.858045,-0.568086
0.867443,-0.553656
0.876591,-0.539067
0.885488,-0.524323
0.894129,-0.509428
0.902512,-0.494386
0.910635,-0.479203
0.918496,-0.463881
0.926092,-0.448427
0.933421,-0.432845
0.940481,-0.417139
0.947269,-0.401314
0.953784,-0.385374
0.960023,-0.369325
0.965986,-0.35317
0.971669,-0.336916
0.977072,-0.320566
0.982193,-0.304126
0.98703,-0.2876
0.991582,-0.270993
0.995847,-0.254311
0.999825,-0.237558
1.00351,-0.220738
1.00691,-0.203858
1.01002,-0.186922
1.01284,-0.169935
1.01536,-0.152903
1.01759,-0.135829
1.01952,-0.11872
1.02116,-0.10158
1.02251,-0.0844139
1.02356,-0.0672277
1.02431,-0.0500261
1.02477,-0.0328141
1.02493,-0.0155969
1.0248,0.00162038
1.02437,0.0188327
1.02364,0.036035
1.02262,0.0532222
1.0213,0.070389
1.01968,0.0875306
1.01777,0.104642
1.01557,0.121717
1.01307,0.138752
1.01028,0.155742
1.0072,0.172681
1.00383,0.189564
1.00017,0.206387
0.996215,0.223143
0.991975,0.23983
0.987449,0.256441
0.982638,0.272971
0.977543,0.289416
0.972165,0.305771
0.966507,0.32203
0.96057,0.33819
0.954356,0.354245
0.947867,0.370191
0.941103,0.386022
0.934069,0.401735
0.926765,0.417324
0.919194,0.432785
0.911358,0.448113
0.903259,0.463304
0.8949,0.478354
0.886284,0.493257
0.877412,0.508009
0.868288,0.522607
0.858913,0.537045
0.849292,0.55132
0.839426,0.565426
0.82932,0.579361
0.818974,0.59312
0.808394,0.606698
0.797581,0.620092
0.78654,0.633298
0.775273,0.646312
0.763784,0.65913
0.752075,0.671749
0.740152,0.684163
0.728016,0.696371
0.715673,0.708368
0.703124,0.72015
0.690375,0.731715
0.677429,0.743058
0.664289,0.754177
0.65096,0.765068
0.637446,0.775727
0.62375,0.786153
0.609877,0.796341
0.59583,0.806288
0.581615,0.815993
0.567234,0.825451
0.552693,0.83466
0.537996,0.843617
0.523146,0.85232
0.50815,0.860766
0.49301,0.868952
0.477731,0.876877
0.462319,0.884537
0.446776,0.891931
0.431109,0.899056
0.415322,0.905911
0.399419,0.912492
0.383406,0.918799
0.367286,0.924829
0.351065,0.93058
0.334747,0.936052
0.318337,0.941241
0.301841,0.946148
0.285263,0.950769
0.268608,0.955105
0.25188,0.959153
0.235086,0.962912
0.218229,0.966382
0.201315,0.969561
0.184349,0.972449
0.167336,0.975043
0.150281,0.977345
0.133189,0.979352
0.116065,0.981065
0.0989135,0.982483
0.0817407,0.983605
0.0645511,0.984432
0.0473499,0.984962
0.0301421,0.985197
0.012933,0.985135
-0.00427253,0.984776
-0.0214692,0.984122
-0.0386521,0.983171
-0.055816,0.981925
-0.0729558,0.980383
-0.0900665,0.978547
-0.107143,0.976416
-0.12418,0.973992
-0.141173,0.971274
-0.158117,0.968265
-0.175006,0.964964
-0.191836,0.961373
-0.208601,0.957493
-0.225297,0.953324
-0.241919,0.948869
-0.258462,0.944128
-0.274921,0.939103
-0.29129,0.933796
-0.307566,0.928207
-0.323743,0.922339
-0.339817,0.916194
-0.355782,0.909772
-0.371635,0.903077
-0.387369,0.89611
-0.402982,0.888872
-0.418468,0.881367
-0.433822,0.873597
-0.44904,0.865563
-0.464117,0.857269
-0.47905,0.848716
-0.493832,0.839908
-0.508462,0.830846
-0.522932,0.821533
-0.537241,0.811973
-0.551382,0.802168
-0.565353,0.792121
-0.579149,0.781835
-0.592765,0.771312
-0.606199,0.760557
-0.619445,0.749573
-0.6325,0.738361
-0.64536,0.726927
-0.658022,0.715273
-0.670481,0.703402
-0.682733,0.691319
-0.694776,0.679027
-0.706606,0.666529
-0.718218,0.653829
-0.72961,0.640932
-0.740779,0.62784
-0.75172,0.614557
-0.762431,0.601088
-0.772909,0.587437
-0.78315,0.573607
-0.793151,0.559603
-0.80291,0.545429
-0.812423,0.531089
-0.821689,0.516587
-0.830703,0.501928
-0.839463,0.487116
-0.847967,0.472155
-0.856212,0.45705
-0.864196,0.441805
-0.871917,0.426425
-0.879371,0.410914
-0.886558,0.395277
-0.893474,0.379519
-0.900117,0.363643
-0.906487,0.347656
-0.91258,0.331562
-0.918396,0.315364
-0.923931,0.29907
-0.929185,0.282682
-0.934157,0.266206
-0.938844,0.249647
-0.943245,0.233009
-0.947359,0.216298
-0.951185,0.199519
-0.954722,0.182676
-0.957968,0.165775
-0.960922,0.148821
-0.963584,0.131818
-0.965953,0.114771
-0.968029,0.0976864
-0.96981,0.0805685
-0.971296,0.0634223
-0.972486,0.046253
-0.973381,0.0290657
-0.97398,0.0118655
-0.974282,-0.00534259
-0.974288,-0.0225534
-0.973998,-0.0397618
-0.973412,-0.0569628
-0.97253,-0.0741512
-0.971352,-0.0913219
-0.969878,-0.10847
-0.96811,-0.12559
-0.966047,-0.142677
-0.96369,-0.159727
-0.96104,-0.176733
-0.958098,-0.193691
-0.954864,-0.210596
-0.95134,-0.227443
-0.947526,-0.244227
-0.943424,-0.260943
-0.939034,-0.277586
-0.934359,-0.29415
-0.929399,-0.310632
-0.924156,-0.327027
-0.918632,-0.343328
-0.912828,-0.359533
-0.906746,-0.375635
-0.900387,-0.39163
-0.893754,-0.407513
-0.886849,-0.423279
-0.879673,-0.438925
-0.872229,-0.454445
-0.864519,-0.469834
-0.856545,-0.485089
-0.848309,-0.500204
-0.839815,-0.515175
-0.831064,-0.529998
-0.822059,-0.544668
-0.812803,-0.559181
-0.803299,-0.573532
-0.793549,-0.587718
-0.783556,-0.601734
-0.773323,-0.615576
-0.762853,-0.62924
-0.75215,-0.642721
-0.741216,-0.656017
-0.730055,-0.669122
-0.71867,-0.682033
-0.707065,-0.694747
-0.695242,-0.707259
-0.683205,-0.719565
-0.670959,-0.731663
-0.658506,-0.743548
-0.64585,-0.755217
-0.632995,-0.766666
-0.619945,-0.777893
-0.606704,-0.788893
-0.593275,-0.799664
-0.579663,-0.810202
-0.565871,-0.820505
-0.551904,-0.830568
-0.537766,-0.84039
-0.523461,-0.849966
-0.508993,-0.859296
-0.494366,-0.868374
-0.479585,-0.8772
-0.464655,-0.88577
-0.449579,-0.894082
-0.434363,-0.902133
-0.41901,-0.909921
-0.403525,-0.917444
-0.387913,-0.924699
-0.372178,-0.931684
-0.356326,-0.938398
-0.34036,-0.944838
-0.324285,-0.951002
-0.308107,-0.956888
-0.29183,-0.962495
-0.275459,-0.967821
-0.258998,-0.972865
-0.242453,-0.977624
-0.225829,-0.982098
-0.20913,-0.986286
-0.192361,-0.990185
-0.175528,-0.993795
-0.158635,-0.997115
-0.141687,-1.00014
-0.12469,-1.00288
-0.107648,-1.00532
-0.090566,-1.00747
-0.0734499,-1.00933
-0.0563044,-1.01089
-0.0391345,-1.01215
-0.0219453,-1.01312
-0.00474199,-1.0138
0.0124704,-1.01418
0.0296868,-1.01426
0.0469021,-1.01404
0.0641112,-1.01353
0.0813089,-1.01272
0.0984903,-1.01162
0.11565,-1.01022
0.132783,-1.00853
0.149885,-1.00654
0.16695,-1.00426
0.183973,-1.00168
0.200949,-0.998811
0.217873,-0.99565
0.234741,-0.992199
0.251546,-0.988458
0.268285,-0.984428
0.284952,-0.980111
0.301542,-0.975508
0.318051,-0.970619
0.334473,-0.965448
0.350803,-0.959994
0.367038,-0.95426
0.383171,-0.948248
0.399198,-0.941959
0.415115,-0.935394
0.430916,-0.928557
0.446598,-0.921449
0.462155,-0.914073
0.477582,-0.906429
0.492876,-0.898521
0.508031,-0.890351
0.523044,-0.881922
0.537909,-0.873235
0.552623,-0.864294
0.56718,-0.855101
0.581577,-0.845658
0.59581,-0.83597
0.609873,-0.826037
0.623764,-0.815865
0.637477,-0.805454
0.651009,-0.794809
0.664356,-0.783933
0.677514,-0.772829
0.690479,-0.7615
0.703247,-0.749949
0.715814,-0.738181
0.728177,-0.726198
0.740332,-0.714003
0.752275,-0.701602
0.764003,-0.688997
0.775512,-0.676192
0.786799,-0.66319
0.79786,-0.649997
0.808693,-0.636614
0.819294,-0.623048
0.82966,-0.609301
0.839788,-0.595378
0.849675,-0.581282
0.859317,-0.567018
0.868713,-0.552591
0.877859,-0.538004
0.886752,-0.523262
0.895391,-0.508368
0.903772,-0.493329
0.911892,-0.478147
0.919751,-0.462828
0.927344,-0.447376
0.93467,-0.431796
0.941727,-0.416092
0.948513,-0.400268
0.955025,-0.38433
0.961263,-0.368283
0.967222,-0.352131
0.972904,-0.335878
0.978304,-0.31953
0.983422,-0.303092
0.988257,-0.286568
0.992807,-0.269963
0.99707,-0.253282
1.00104,-0.236531
1.00473,-0.219714
1.00813,-0.202835
1.01123,-0.185901
1.01405,-0.168916
1.01657,-0.151885
1.01879,-0.134813
1.02073,-0.117705
1.02237,-0.100567
1.02371,-0.0834031
1.02476,-0.0662187
1.02551,-0.0490187
1.02596,-0.0318084
1.02612,-0.0145929
1.02598,0.00262279
1.02555,0.0198335
1.02482,0.0370342
1.0238,0.0542198
1.02247,0.0713851
1.02086,0.0885251
1.01895,0.105635
1.01674,0.122709
1.01424,0.139742
1.01145,0.15673
1.00837,0.173668
1.00499,0.190549
1.00133,0.207371
0.997372,0.224126
0.99313,0.240811
0.988602,0.25742
0.983789,0.273949
0.978691,0.290393
0.973312,0.306746
0.967651,0.323005
0.961712,0.339163
0.955496,0.355217
0.949004,0.371161
0.942238,0.386992
0.935202,0.402703
0.927895,0.418291
0.920322,0.433751
0.912484,0.449078
0.904383,0.464268
0.896021,0.479316
0.887402,0.494218
0.878528,0.508969
0.869401,0.523566
0.860025,0.538003
0.850401,0.552276
0.840533,0.566382
0.830424,0.580316
0.820076,0.594073
0.809493,0.607651
0.798678,0.621044
0.787635,0.634249
0.776365,0.647262
0.764873,0.660079
0.753163,0.672696
0.741236,0.68511
0.729098,0.697316
0.716752,0.709312
0.704201,0.721094
0.691449,0.732657
0.6785,0.744
0.665358,0.755118
0.652027,0.766008
0.63851,0.776666
0.624811,0.787091
0.610935,0.797278
0.596886,0.807225
0.582668,0.816928
0.568285,0.826385
0.553741,0.835594
0.539041,0.84455
0.524189,0.853252
0.509189,0.861697
0.494046,0.869883
0.478765,0.877806
0.46335,0.885466
0.447805,0.892859
0.432135,0.899983
0.416345,0.906836
0.400439,0.913417
0.384422,0.919723
0.368299,0.925752
0.352075,0.931503
0.335755,0.936973
0.319342,0.942162
0.302843,0.947068
0.286262,0.951688
0.269603,0.956023
0.252873,0.96007
0.236075,0.963829
0.219216,0.967297
0.202299,0.970476
0.18533,0.973362
0.168314,0.975956
0.151255,0.978256
0.13416,0.980263
0.117033,0.981975
0.0998783,0.983392
0.0827023,0.984513
0.0655095,0.985339
0.0483051,0.985868
0.0310941,0.986101
0.0138817,0.986038
-0.00332697,0.985679
-0.0205269,0.985023
-0.037713,0.984072
-0.0548802,0.982825
-0.0720233,0.981282
-0.0891372,0.979445
-0.106217,0.977313
-0.123258,0.974887
-0.140254,0.972169
-0.157201,0.969158
-0.174093,0.965856
-0.190926,0.962264
-0.207695,0.958382
-0.224395,0.954213
-0.24102,0.949756
-0.257566,0.945014
-0.274028,0.939988
-0.290401,0.93468
-0.30668,0.92909
-0.322861,0.923221
-0.338938,0.917074
-0.354906,0.910651
-0.370762,0.903955
-0.386501,0.896986
-0.402116,0.889748
-0.417605,0.882241
-0.432963,0.87447
-0.448184,0.866435
-0.463265,0.858139
-0.478201,0.849585
-0.492987,0.840775
-0.50762,0.831712
-0.522094,0.822398
-0.536406,0.812836
-0.550551,0.80303
-0.564525,0.792981
-0.578324,0.782694
-0.591944,0.77217
-0.605381,0.761413
-0.618631,0.750427
-0.631689,0.739214
-0.644553,0.727779
-0.657218,0.716123
-0.66968,0.704251
-0.681936,0.692166
-0.693982,0.679873
-0.705815,0.667373
-0.717431,0.654672
-0.728827,0.641773
-0.739999,0.628679
-0.750943,0.615395
-0.761658,0.601925
-0.772139,0.588272
-0.782383,0.57444
-0.792388,0.560435
-0.802151,0.546259
-0.811667,0.531917
-0.820936,0.517414
-0.829954,0.502753
-0.838717,0.487939
-0.847225,0.472977
-0.855474,0.45787
-0.863461,0.442623
-0.871185,0.427241
-0.878643,0.411729
-0.885832,0.39609
-0.892752,0.38033
-0.899399,0.364453
-0.905772,0.348464
-0.911869,0.332368
-0.917687,0.316169
-0.923226,0.299872
-0.928484,0.283482
-0.933459,0.267005
-0.938149,0.250444
-0.942554,0.233804
-0.946671,0.217092
-0.950501,0.20031
-0.954041,0.183466
-0.95729,0.166563
-0.960248,0.149606
-0.962913,0.132601
-0.965286,0.115553
-0.967365,0.0984665
-0.969149,0.0813465
-0.970638,0.0641984
-0.971832,0.0470272
-0.97273,0.0298379
-0.973332,0.0126356
-0.973638,-0.00457444
-0.973648,-0.0217873
-0.973361,-0.0389977
-0.972778,-0.0562007
-0.971899,-0.0733912
-0.970725,-0.090564
-0.969254,-0.107714
-0.967489,-0.124836
-0.96543,-0.141926
-0.963076,-0.158977
-0.96043,-0.175986
-0.95749,-0.192946
-0.95426,-0.209853
-0.950739,-0.226702
-0.946928,-0.243489
-0.942829,-0.260207
-0.938443,-0.276852
-0.933771,-0.293419
-0.928814,-0.309903
-0.923575,-0.3263
-0.918054,-0.342604
-0.912253,-0.35881
-0.906174,-0.374914
-0.899819,-0.390912
-0.893189,-0.406797
-0.886287,-0.422566
-0.879114,-0.438215
-0.871673,-0.453737
-0.863966,-0.469129
-0.855995,-0.484386
-0.847763,-0.499503
-0.839272,-0.514477
-0.830524,-0.529302
-0.821522,-0.543975
-0.812269,-0.55849
-0.802768,-0.572844
-0.793021,-0.587033
-0.783031,-0.601051
-0.772801,-0.614896
-0.762335,-0.628562
-0.751634,-0.642046
-0.740704,-0.655344
-0.729545,-0.668452
-0.718163,-0.681366
-0.706561,-0.694082
-0.694741,-0.706597
-0.682707,-0.718906
-0.670464,-0.731007
-0.658014,-0.742895
-0.645361,-0.754566
-0.632509,-0.766019
-0.619462,-0.777248
-0.606223,-0.788251
-0.592797,-0.799025
-0.579188,-0.809566
-0.565399,-0.819871
-0.551435,-0.829937
-0.537299,-0.839762
-0.522997,-0.849341
-0.508531,-0.858673
-0.493908,-0.867755
-0.47913,-0.876584
-0.464202,-0.885157
-0.449129,-0.893472
-0.433915,-0.901526
-0.418565,-0.909317
-0.403083,-0.916843
-0.387473,-0.924101
-0.371741,-0.931089
-0.355891,-0.937806
-0.339928,-0.944248
-0.323856,-0.950415
-0.307681,-0.956305
-0.291406,-0.961915
-0.275037,-0.967244
-0.258579,-0.972291
-0.242037,-0.977053
-0.225415,-0.98153
-0.208718,-0.985721
-0.191952,-0.989623
-0.175121,-0.993236
-0.15823,-0.996559
-0.141285,-0.999591
-0.12429,-1.00233
-0.107251,-1.00478
-0.0901714,-1.00693
-0.0730577,-1.00879
-0.0559145,-1.01035
-0.0387469,-1.01162
-0.0215601,-1.01259
-0.0043591,-1.01327
0.012851,-1.01365
0.0300651,-1.01374
0.0472781,-1.01352
0.0644849,-1.01302
0.0816804,-1.01221
0.0988595,-1.01111
0.116017,-1.00972
0.133148,-1.00803
0.150247,-1.00604
0.16731,-1.00376
0.184331,-1.00119
0.201305,-0.998322
0.218227,-0.995165
0.235093,-0.991717
0.251896,-0.987979
0.268633,-0.983952
0.285297,-0.979638
0.301885,-0.975038
0.318392,-0.970153
0.334812,-0.964985
0.35114,-0.959534
0.367372,-0.953804
0.383504,-0.947795
0.399529,-0.941509
0.415444,-0.934948
0.431243,-0.928114
0.446922,-0.921009
0.462477,-0.913636
0.477903,-0.905996
0.493194,-0.898091
0.508348,-0.889924
0.523358,-0.881498
0.538222,-0.872815
0.552933,-0.863877
0.567489,-0.854687
0.581884,-0.845248
0.596114,-0.835563
0.610176,-0.825634
0.624065,-0.815464
0.637776,-0.805057
0.651307,-0.794416
0.664652,-0.783543
0.677808,-0.772442
0.690771,-0.761116
0.703537,-0.749569
0.716102,-0.737803
0.728463,-0.725824
0.740616,-0.713633
0.752557,-0.701235
0.764283,-0.688633
0.775791,-0.675831
0.787076,-0.662833
0.798136,-0.649643
0.808967,-0.636264
0.819566,-0.622701
0.829931,-0.608957
0.840057,-0.595037
0.849942,-0.580945
0.859582,-0.566685
0.868976,-0.55226
0.878121,-0.537677
0.887012,-0.522938
0.895649,-0.508048
0.904029,-0.493012
0.912148,-0.477833
0.920004,-0.462518
0.927596,-0.447069
0.934921,-0.431492
0.941976,-0.415791
0.948761,-0.399971
0.955271,-0.384036
0.961507,-0.367992
0.967466,-0.351843
0.973145,-0.335594
0.978544,-0.319249
0.983661,-0.302814
0.988494,-0.286293
0.993042,-0.269692
0.997304,-0.253015
1.00128,-0.236266
1.00496,-0.219452
1.00836,-0.202577
1.01146,-0.185646
1.01427,-0.168664
1.01679,-0.151636
1.01902,-0.134568
1.02095,-0.117463
1.02259,-0.100328
1.02393,-0.0831673
1.02498,-0.065986
1.02573,-0.0487892
1.02618,-0.031582
