0,0
-2.41562e-08,-4.25861e-08
-9.64171e-08,-1.70148e-07
-2.16773e-07,-3.82923e-07
-3.8508e-07,-6.8091e-07
-6.01228e-07,-1.06417e-06
-8.65107e-07,-1.53276e-06
-1.17661e-06,-2.08675e-06
-1.53588e-06,-2.72666e-06
-1.94233e-06,-3.45166e-06
-2.39607e-06,-4.26223e-06
-2.89699e-06,-5.15843e-06
-3.44499e-06,-6.14032e-06
-4.03995e-06,-7.20795e-06
-4.68177e-06,-8.36139e-06
-5.37034e-06,-9.60069e-06
-6.10555e-06,-1.09259e-05
-6.88728e-06,-1.23371e-05
-7.71545e-06,-1.38343e-05
-8.58992e-06,-1.54177e-05
-9.5106e-06,-1.70872e-05
-1.04774e-05,-1.88429e-05
-1.14902e-05,-2.06849e-05
-1.25488e-05,-2.26132e-05
-1.36533e-05,-2.46279e-05
-1.48034e-05,-2.6729e-05
-1.5999e-05,-2.89166e-05
-1.72393e-05,-3.11892e-05
-1.85257e-05,-3.355e-05
-1.98574e-05,-3.59975e-05
-2.12342e-05,-3.85317e-05
-2.2656e-05,-4.11526e-05
-2.41228e-05,-4.38605e-05
-2.56344e-05,-4.66552e-05
-2.71907e-05,-4.95369e-05
-2.87916e-05,-5.25057e-05
-3.04369e-05,-5.55615e-05
-3.21267e-05,-5.87045e-05
-3.38608e-05,-6.19347e-05
-3.5639e-05,-6.52522e-05
-3.74614e-05,-6.86569e-05
-3.93276e-05,-7.21491e-05
-4.12378e-05,-7.57287e-05
-4.31917e-05,-7.93957e-05
-4.51893e-05,-8.31504e-05
-4.72304e-05,-8.69926e-05
-4.93149e-05,-9.09225e-05
-5.14428e-05,-9.49402e-05
-5.3614e-05,-9.90456e-05
-5.58282e-05,-0.000103239
-5.80855e-05,-0.00010752
-6.03857e-05,-0.000111889
-6.27287e-05,-0.000116346
-6.51144e-05,-0.000120892
-6.75427e-05,-0.000125525
-7.00135e-05,-0.000130247
-7.25268e-05,-0.000135057
-7.50823e-05,-0.000139955
-7.768e-05,-0.000144941
-8.03197e-05,-0.000150016
-8.30015e-05,-0.00015518
-8.57251e-05,-0.000160432
-8.84905e-05,-0.000165773
-9.12976e-05,-0.000171202
-9.41462e-05,-0.00017672
-9.70363e-05,-0.000182327
-9.99678e-05,-0.000188023
-0.00010294,-0.000193808
-0.000105954,-0.000199681
-0.000109009,-0.000205644
-0.000112105,-0.000211696
-0.000115242,-0.000217837
-0.000118419,-0.000224067
-0.000121637,-0.000230386
-0.000124895,-0.000236795
-0.000128194,-0.000243294
-0.000131534,-0.000249881
-0.000134913,-0.000256559
-0.000138333,-0.000263325
-0.000141792,-0.000270182
-0.000145292,-0.000277128
-0.000148831,-0.000284164
-0.00015241,-0.00029129
-0.000156028,-0.000298506
-0.000159686,-0.000305811
-0.000163384,-0.000313207
-0.00016712,-0.000320693
-0.000170896,-0.000328269
-0.000174711,-0.000335935
-0.000178564,-0.000343691
-0.000182457,-0.000351538
-0.000186388,-0.000359475
-0.000190358,-0.000367503
-0.000194367,-0.000375621
-0.000198414,-0.00038383
-0.000202499,-0.00039213
-0.000206622,-0.00040052
-0.000210784,-0.000409001
-0.000214984,-0.000417573
-0.000219221,-0.000426235
-0.000223496,-0.000434989
-0.000227809,-0.000443834
-0.00023216,-0.00045277
-0.000236548,-0.000461797
-0.000240973,-0.000470915
-0.000245435,-0.000480125
-0.000249935,-0.000489426
-0.000254472,-0.000498818
-0.000259045,-0.000508302
-0.000263656,-0.000517877
-0.000268303,-0.000527544
-0.000272987,-0.000537303
-0.000277707,-0.000547154
-0.000282464,-0.000557096
-0.000287257,-0.00056713
-0.000292086,-0.000577257
-0.000296951,-0.000587475
-0.000301852,-0.000597785
-0.000306789,-0.000608188
-0.000311762,-0.000618683
-0.00031677,-0.00062927
-0.000321814,-0.000639949
-0.000326893,-0.000650721
-0.000332008,-0.000661585
-0.000337158,-0.000672542
-0.000342342,-0.000683592
-0.000347562,-0.000694734
-0.000352817,-0.000705969
-0.000358106,-0.000717297
-0.00036343,-0.000728717
-0.000368788,-0.000740231
-0.000374181,-0.000751838
-0.000379608,-0.000763537
-0.000385069,-0.00077533
-0.000390565,-0.000787217
-0.000396094,-0.000799196
-0.000401657,-0.000811269
-0.000407254,-0.000823435
-0.000412884,-0.000835695
-0.000418548,-0.000848048
-0.000424245,-0.000860495
-0.000429976,-0.000873036
-0.000435739,-0.000885671
-0.000441536,-0.000898399
-0.000447365,-0.000911221
-0.000453228,-0.000924138
-0.000459123,-0.000937148
-0.00046505,-0.000950252
-0.00047101,-0.000963451
-0.000477002,-0.000976744
-0.000483027,-0.000990131
-0.000489083,-0.00100361
-0.000495172,-0.00101719
-0.000501292,-0.00103086
-0.000507444,-0.00104462
-0.000513628,-0.00105848
-0.000519843,-0.00107244
-0.000526089,-0.00108649
-0.000532367,-0.00110063
-0.000538676,-0.00111487
-0.000545016,-0.00112921
-0.000551386,-0.00114363
-0.000557788,-0.00115816
-0.00056422,-0.00117278
-0.000570682,-0.00118749
-0.000577175,-0.0012023
-0.000583698,-0.00121721
-0.000590252,-0.00123221
-0.000596835,-0.00124731
-0.000603448,-0.0012625
-0.000610091,-0.00127779
-0.000616764,-0.00129317
-0.000623466,-0.00130865
-0.000630197,-0.00132423
-0.000636958,-0.0013399
-0.000643748,-0.00135566
-0.000650567,-0.00137153
-0.000657414,-0.00138749
-0.000664291,-0.00140354
-0.000671196,-0.0014197
-0.000678129,-0.00143594
-0.000685091,-0.00145229
-0.000692081,-0.00146873
-0.000699099,-0.00148527
-0.000706145,-0.0015019
-0.000713219,-0.00151863
-0.000720321,-0.00153546
-0.00072745,-0.00155239
-0.000734607,-0.00156941
-0.000741791,-0.00158653
-0.000749002,-0.00160374
-0.00075624,-0.00162105
-0.000763505,-0.00163846
-0.000770797,-0.00165597
-0.000778115,-0.00167357
-0.00078546,-0.00169128
-0.000792832,-0.00170907
-0.000800229,-0.00172697
-0.000807653,-0.00174496
-0.000815103,-0.00176306
-0.000822578,-0.00178124
-0.000830085,-0.00179954
-0.000837611,-0.00181793
-0.000845163,-0.00183641
-0.000852741,-0.00185499
-0.000860343,-0.00187367
-0.000867971,-0.00189245
-0.000875623,-0.00191132
-0.0008833,-0.00193029
-0.000891002,-0.00194936
-0.000898728,-0.00196853
-0.000906479,-0.0019878
-0.000914253,-0.00200716
-0.000922052,-0.00202663
-0.000929875,-0.00204619
-0.000937721,-0.00206585
-0.000945591,-0.00208561
-0.000953484,-0.00210547
-0.000961401,-0.00212543
-0.000969341,-0.00214548
-0.000977304,-0.00216564
-0.000985289,-0.00218589
-0.000993298,-0.00220624
-0.00100133,-0.00222669
-0.00100938,-0.00224724
-0.00101746,-0.00226789
-0.00102556,-0.00228864
-0.00103368,-0.00230949
-0.00104182,-0.00233044
-0.00104998,-0.00235148
-0.00105817,-0.00237263
-0.00106637,-0.00239387
-0.0010746,-0.00241522
-0.00108285,-0.00243666
-0.00109112,-0.00245821
-0.00109941,-0.00247985
-0.00110772,-0.00250159
-0.00111606,-0.00252344
-0.00112441,-0.00254538
-0.00113278,-0.00256742
-0.00114118,-0.00258956
-0.00114959,-0.00261181
-0.00115802,-0.00263415
-0.00116647,-0.00265659
-0.00117495,-0.00267913
-0.00118344,-0.00270178
-0.00119195,-0.00272452
-0.00120048,-0.00274736
-0.00120903,-0.00277031
-0.00121759,-0.00279335
-0.00122618,-0.00281649
-0.00123478,-0.00283974
-0.00124341,-0.00286308
-0.00125205,-0.00288653
-0.00126071,-0.00291007
-0.00126938,-0.00293372
-0.00127808,-0.00295747
-0.00128679,-0.00298132
-0.00129552,-0.00300527
-0.00130427,-0.00302932
-0.00131303,-0.00305347
-0.00132181,-0.00307772
-0.00133061,-0.00310207
-0.00133942,-0.00312652
-0.00134825,-0.00315108
-0.0013571,-0.00317573
-0.00136596,-0.00320049
-0.00137484,-0.00322534
-0.00138374,-0.0032503
-0.00139265,-0.00327536
-0.00140158,-0.00330052
-0.00141052,-0.00332579
-0.00141947,-0.00335115
-0.00142845,-0.00337661
-0.00143743,-0.00340218
-0.00144644,-0.00342785
-0.00145545,-0.00345362
-0.00146448,-0.00347949
-0.00147353,-0.00350546
-0.00148259,-0.00353153
-0.00149166,-0.00355771
-0.00150075,-0.00358398
-0.00150985,-0.00361036
-0.00151897,-0.00363684
-0.00152809,-0.00366342
-0.00153723,-0.00369011
-0.00154639,-0.00371689
-0.00155556,-0.00374378
-0.00156474,-0.00377077
-0.00157393,-0.00379786
-0.00158314,-0.00382505
-0.00159235,-0.00385234
-0.00160158,-0.00387974
-0.00161082,-0.00390724
-0.00162008,-0.00393484
-0.00162934,-0.00396254
-0.00163862,-0.00399034
-0.00164791,-0.00401825
-0.00165721,-0.00404626
-0.00166652,-0.00407437
-0.00167584,-0.00410258
-0.00168517,-0.00413089
-0.00169452,-0.00415931
-0.00170387,-0.00418783
-0.00171323,-0.00421645
-0.00172261,-0.00424517
-0.00173199,-0.004274
-0.00174139,-0.00430293
-0.00175079,-0.00433196
-0.0017602,-0.00436109
-0.00176962,-0.00439033
-0.00177906,-0.00441966
-0.0017885,-0.0044491
-0.00179795,-0.00447865
-0.0018074,-0.00450829
-0.00181687,-0.00453804
-0.00182635,-0.00456789
-0.00183583,-0.00459784
-0.00184532,-0.0046279
-0.00185482,-0.00465805
-0.00186433,-0.00468831
-0.00187384,-0.00471868
-0.00188337,-0.00474914
-0.0018929,-0.00477971
-0.00190243,-0.00481038
-0.00191198,-0.00484115
-0.00192153,-0.00487203
-0.00193109,-0.004903
-0.00194065,-0.00493408
-0.00195022,-0.00496527
-0.0019598,-0.00499655
-0.00196938,-0.00502794
-0.00197897,-0.00505943
-0.00198857,-0.00509103
-0.00199817,-0.00512273
-0.00200778,-0.00515453
-0.00201739,-0.00518643
-0.00202701,-0.00521843
-0.00203663,-0.00525054
-0.00204626,-0.00528275
-0.00205589,-0.00531507
-0.00206553,-0.00534748
-0.00207517,-0.00538
-0.00208481,-0.00541262
-0.00209446,-0.00544535
-0.00210412,-0.00547818
-0.00211377,-0.00551111
-0.00212343,-0.00554414
-0.0021331,-0.00557728
-0.00214277,-0.00561052
-0.00215244,-0.00564386
-0.00216211,-0.0056773
-0.00217179,-0.00571085
-0.00218147,-0.0057445
-0.00219116,-0.00577826
-0.00220084,-0.00581211
-0.00221053,-0.00584607
-0.00222022,-0.00588014
-0.00222991,-0.0059143
-0.00223961,-0.00594857
-0.0022493,-0.00598294
-0.002259,-0.00601742
-0.0022687,-0.00605199
-0.0022784,-0.00608667
-0.0022881,-0.00612146
-0.00229781,-0.00615634
-0.00230751,-0.00619133
-0.00231722,-0.00622642
-0.00232692,-0.00626162
-0.00233663,-0.00629692
-0.00234633,-0.00633232
-0.00235604,-0.00636782
-0.00236575,-0.00640343
-0.00237545,-0.00643914
-0.00238516,-0.00647495
-0.00239486,-0.00651087
-0.00240457,-0.00654689
-0.00241427,-0.00658301
-0.00242398,-0.00661924
-0.00243368,-0.00665556
-0.00244338,-0.00669199
-0.00245308,-0.00672853
-0.00246278,-0.00676517
-0.00247248,-0.00680191
-0.00248217,-0.00683875
-0.00249187,-0.00687569
-0.00250156,-0.00691274
-0.00251125,-0.0069499
-0.00252094,-0.00698715
-0.00253062,-0.00702451
-0.00254031,-0.00706197
-0.00254999,-0.00709953
-0.00255966,-0.0071372
-0.00256934,-0.00717497
-0.00257901,-0.00721284
-0.00258867,-0.00725082
-0.00259834,-0.0072889
-0.002608,-0.00732708
-0.00261766,-0.00736537
-0.00262731,-0.00740375
-0.00263696,-0.00744225
-0.00264661,-0.00748084
-0.00265625,-0.00751954
-0.00266588,-0.00755834
-0.00267552,-0.00759724
-0.00268514,-0.00763625
-0.00269477,-0.00767535
-0.00270438,-0.00771457
-0.002714,-0.00775388
-0.0027236,-0.0077933
-0.00273321,-0.00783282
-0.0027428,-0.00787244
-0.00275239,-0.00791217
-0.00276198,-0.007952
-0.00277156,-0.00799193
-0.00278113,-0.00803197
-0.0027907,-0.00807211
-0.00280026,-0.00811235
-0.00280981,-0.0081527
-0.00281936,-0.00819314
-0.0028289,-0.00823369
-0.00283844,-0.00827435
-0.00284796,-0.0083151
-0.00285748,-0.00835596
-0.002867,-0.00839693
-0.0028765,-0.00843799
-0.002886,-0.00847916
-0.00289549,-0.00852043
-0.00290497,-0.00856181
-0.00291445,-0.00860328
-0.00292391,-0.00864487
-0.00293337,-0.00868655
-0.00294282,-0.00872833
-0.00295226,-0.00877022
-0.00296169,-0.00881222
-0.00297112,-0.00885431
-0.00298053,-0.00889651
-0.00298994,-0.00893881
-0.00299933,-0.00898121
-0.00300872,-0.00902372
-0.0030181,-0.00906633
-0.00302747,-0.00910904
-0.00303683,-0.00915186
-0.00304617,-0.00919478
-0.00305551,-0.0092378
-0.00306484,-0.00928093
-0.00307416,-0.00932415
-0.00308347,-0.00936748
-0.00309276,-0.00941092
-0.00310205,-0.00945445
-0.00311133,-0.00949809
-0.00312059,-0.00954184
-0.00312984,-0.00958568
-0.00313909,-0.00962963
-0.00314832,-0.00967368
-0.00315754,-0.00971783
-0.00316674,-0.00976209
-0.00317594,-0.00980645
-0.00318512,-0.00985091
-0.0031943,-0.00989548
-0.00320346,-0.00994015
-0.0032126,-0.00998492
-0.00322174,-0.0100298
-0.00323086,-0.0100748
-0.00323997,-0.0101199
-0.00324907,-0.010165
-0.00325815,-0.0102103
-0.00326722,-0.0102557
-0.00327628,-0.0103012
-0.00328532,-0.0103468
-0.00329435,-0.0103925
-0.00330337,-0.0104383
-0.00331237,-0.0104842
-0.00332136,-0.0105302
-0.00333034,-0.0105763
-0.0033393,-0.0106225
-0.00334824,-0.0106689
-0.00335717,-0.0107153
-0.00336609,-0.0107618
-0.00337499,-0.0108084
-0.00338388,-0.0108551
-0.00339275,-0.010902
-0.00340161,-0.0109489
-0.00341045,-0.0109959
-0.00341927,-0.0110431
-0.00342808,-0.0110903
-0.00343688,-0.0111377
-0.00344566,-0.0111851
-0.00345442,-0.0112327
-0.00346317,-0.0112803
-0.0034719,-0.0113281
-0.00348061,-0.0113759
-0.00348931,-0.0114239
-0.00349798,-0.011472
-0.00350665,-0.0115201
-0.00351529,-0.0115684
-0.00352392,-0.0116168
-0.00353253,-0.0116653
-0.00354113,-0.0117139
-0.0035497,-0.0117625
-0.00355826,-0.0118113
-0.0035668,-0.0118602
-0.00357532,-0.0119092
-0.00358382,-0.0119583
-0.00359231,-0.0120075
-0.00360078,-0.0120568
-0.00360923,-0.0121062
-0.00361766,-0.0121557
-0.00362607,-0.0122053
-0.00363446,-0.012255
-0.00364283,-0.0123048
-0.00365119,-0.0123547
-0.00365952,-0.0124048
-0.00366784,-0.0124549
-0.00367613,-0.0125051
-0.00368441,-0.0125555
-0.00369266,-0.0126059
-0.0037009,-0.0126564
-0.00370911,-0.0127071
-0.0037173,-0.0127578
-0.00372548,-0.0128087
-0.00373363,-0.0128596
-0.00374176,-0.0129107
-0.00374987,-0.0129618
-0.00375796,-0.0130131
-0.00376603,-0.0130644
-0.00377407,-0.0131159
-0.0037821,-0.0131675
-0.0037901,-0.0132191
-0.00379808,-0.0132709
-0.00380604,-0.0133228
-0.00381397,-0.0133748
-0.00382189,-0.0134268
-0.00382978,-0.013479
-0.00383765,-0.0135313
-0.00384549,-0.0135837
-0.00385331,-0.0136362
-0.00386111,-0.0136888
-0.00386889,-0.0137415
-0.00387664,-0.0137943
-0.00388437,-0.0138472
-0.00389207,-0.0139002
-0.00389976,-0.0139533
-0.00390741,-0.0140066
-0.00391504,-0.0140599
-0.00392265,-0.0141133
-0.00393024,-0.0141668
-0.00393779,-0.0142204
-0.00394533,-0.0142742
-0.00395284,-0.014328
-0.00396032,-0.0143819
-0.00396778,-0.014436
-0.00397521,-0.0144901
-0.00398262,-0.0145444
-0.00399,-0.0145987
-0.00399735,-0.0146532
-0.00400468,-0.0147077
-0.00401198,-0.0147624
-0.00401926,-0.0148171
-0.00402651,-0.014872
-0.00403373,-0.014927
-0.00404093,-0.014982
-0.0040481,-0.0150372
-0.00405524,-0.0150925
-0.00406235,-0.0151478
-0.00406944,-0.0152033
-0.0040765,-0.0152589
-0.00408353,-0.0153146
-0.00409053,-0.0153704
-0.00409751,-0.0154263
-0.00410445,-0.0154822
-0.00411137,-0.0155383
-0.00411826,-0.0155945
-0.00412512,-0.0156508
-0.00413195,-0.0157072
-0.00413875,-0.0157638
-0.00414552,-0.0158204
-0.00415227,-0.0158771
-0.00415898,-0.0159339
-0.00416566,-0.0159908
-0.00417232,-0.0160478
-0.00417894,-0.0161049
-0.00418553,-0.0161622
-0.00419209,-0.0162195
-0.00419863,-0.0162769
-0.00420513,-0.0163345
-0.0042116,-0.0163921
-0.00421804,-0.0164498
-0.00422444,-0.0165077
-0.00423082,-0.0165656
-0.00423716,-0.0166236
-0.00424348,-0.0166818
-0.00424976,-0.01674
-0.004256,-0.0167984
-0.00426222,-0.0168569
-0.0042684,-0.0169154
-0.00427455,-0.0169741
-0.00428067,-0.0170328
-0.00428676,-0.0170917
-0.00429281,-0.0171507
-0.00429883,-0.0172097
-0.00430481,-0.0172689
-0.00431076,-0.0173282
-0.00431668,-0.0173875
-0.00432257,-0.017447
-0.00432841,-0.0175066
-0.00433423,-0.0175663
-0.00434001,-0.0176261
-0.00434576,-0.0176859
-0.00435147,-0.0177459
-0.00435714,-0.017806
-0.00436278,-0.0178662
-0.00436839,-0.0179265
-0.00437396,-0.0179869
-0.00437949,-0.0180474
-0.00438499,-0.018108
-0.00439045,-0.0181687
-0.00439588,-0.0182295
-0.00440127,-0.0182904
-0.00440662,-0.0183514
-0.00441194,-0.0184125
-0.00441722,-0.0184737
-0.00442246,-0.018535
-0.00442767,-0.0185964
-0.00443283,-0.018658
-0.00443796,-0.0187196
-0.00444306,-0.0187813
-0.00444811,-0.0188431
-0.00445313,-0.018905
-0.00445811,-0.0189671
-0.00446305,-0.0190292
-0.00446795,-0.0190914
-0.00447281,-0.0191537
-0.00447763,-0.0192161
-0.00448242,-0.0192787
-0.00448716,-0.0193413
-0.00449187,-0.019404
-0.00449653,-0.0194669
-0.00450116,-0.0195298
-0.00450575,-0.0195928
-0.00451029,-0.019656
-0.0045148,-0.0197192
-0.00451926,-0.0197825
-0.00452369,-0.019846
-0.00452807,-0.0199095
-0.00453241,-0.0199731
-0.00453672,-0.0200369
-0.00454098,-0.0201007
-0.00454519,-0.0201647
-0.00454937,-0.0202287
-0.00455351,-0.0202928
-0.0045576,-0.0203571
-0.00456165,-0.0204214
-0.00456566,-0.0204859
-0.00456963,-0.0205504
-0.00457355,-0.0206151
-0.00457743,-0.0206798
-0.00458127,-0.0207446
-0.00458506,-0.0208096
-0.00458881,-0.0208746
-0.00459252,-0.0209398
-0.00459618,-0.021005
-0.0045998,-0.0210704
-0.00460338,-0.0211358
-0.00460691,-0.0212013
-0.0046104,-0.021267
-0.00461384,-0.0213327
-0.00461723,-0.0213986
-0.00462059,-0.0214645
-0.00462389,-0.0215306
-0.00462716,-0.0215967
-0.00463037,-0.0216629
-0.00463354,-0.0217293
-0.00463667,-0.0217957
-0.00463975,-0.0218623
-0.00464278,-0.0219289
-0.00464577,-0.0219956
-0.00464871,-0.0220625
-0.0046516,-0.0221294
-0.00465445,-0.0221964
-0.00465725,-0.0222636
-0.00466,-0.0223308
-0.00466271,-0.0223981
-0.00466537,-0.0224655
-0.00466798,-0.0225331
-0.00467054,-0.0226007
-0.00467306,-0.0226684
-0.00467552,-0.0227362
-0.00467794,-0.0228042
-0.00468031,-0.0228722
-0.00468263,-0.0229403
-0.00468491,-0.0230085
-0.00468713,-0.0230768
-0.00468931,-0.0231452
-0.00469143,-0.0232137
-0.00469351,-0.0232824
-0.00469553,-0.0233511
-0.00469751,-0.0234199
-0.00469944,-0.0234888
-0.00470131,-0.0235578
-0.00470314,-0.0236269
-0.00470492,-0.023696
-0.00470664,-0.0237653
-0.00470832,-0.0238347
-0.00470994,-0.0239042
-0.00471151,-0.0239738
-0.00471303,-0.0240435
-0.0047145,-0.0241132
-0.00471592,-0.0241831
-0.00471729,-0.0242531
-0.00471861,-0.0243232
-0.00471987,-0.0243933
-0.00472108,-0.0244636
-0.00472224,-0.0245339
-0.00472334,-0.0246044
-0.0047244,-0.0246749
-0.0047254,-0.0247456
-0.00472634,-0.0248163
-0.00472724,-0.0248872
-0.00472808,-0.0249581
-0.00472887,-0.0250291
-0.0047296,-0.0251003
-0.00473028,-0.0251715
-0.00473091,-0.0252428
-0.00473148,-0.0253142
-0.004732,-0.0253857
-0.00473246,-0.0254573
-0.00473287,-0.025529
-0.00473323,-0.0256008
-0.00473353,-0.0256727
-0.00473377,-0.0257447
-0.00473396,-0.0258168
-0.00473409,-0.025889
-0.00473417,-0.0259612
-0.00473419,-0.0260336
-0.00473416,-0.0261061
-0.00473407,-0.0261786
-0.00473393,-0.0262513
-0.00473373,-0.026324
-0.00473347,-0.0263968
-0.00473316,-0.0264698
-0.00473279,-0.0265428
-0.00473236,-0.0266159
-0.00473187,-0.0266891
-0.00473133,-0.0267625
-0.00473073,-0.0268359
-0.00473008,-0.0269094
-0.00472936,-0.026983
-0.00472859,-0.0270566
-0.00472776,-0.0271304
-0.00472687,-0.0272043
-0.00472593,-0.0272783
-0.00472492,-0.0273523
-0.00472386,-0.0274265
-0.00472274,-0.0275007
-0.00472156,-0.0275751
-0.00472032,-0.0276495
-0.00471903,-0.027724
-0.00471767,-0.0277987
-0.00471625,-0.0278734
-0.00471478,-0.0279482
-0.00471324,-0.0280231
-0.00471165,-0.0280981
-0.00470999,-0.0281731
-0.00470828,-0.0282483
-0.0047065,-0.0283236
-0.00470466,-0.0283989
-0.00470277,-0.0284744
-0.00470081,-0.0285499
-0.00469879,-0.0286256
-0.00469672,-0.0287013
-0.00469458,-0.0287771
-0.00469237,-0.028853
-0.00469011,-0.028929
-0.00468779,-0.0290051
-0.0046854,-0.0290813
-0.00468296,-0.0291576
-0.00468045,-0.029234
-0.00467788,-0.0293104
-0.00467524,-0.029387
-0.00467255,-0.0294636
-0.00466979,-0.0295404
-0.00466697,-0.0296172
-0.00466409,-0.0296941
-0.00466114,-0.0297711
-0.00465813,-0.0298482
-0.00465506,-0.0299254
-0.00465192,-0.0300026
-0.00464872,-0.03008
-0.00464546,-0.0301575
-0.00464213,-0.030235
-0.00463874,-0.0303127
-0.00463529,-0.0303904
-0.00463177,-0.0304682
-0.00462819,-0.0305461
-0.00462454,-0.0306241
-0.00462083,-0.0307022
-0.00461705,-0.0307804
-0.00461321,-0.0308586
-0.00460931,-0.030937
-0.00460534,-0.0310154
-0.0046013,-0.031094
-0.0045972,-0.0311726
-0.00459303,-0.0312513
-0.0045888,-0.0313301
-0.0045845,-0.031409
-0.00458014,-0.0314879
-0.00457571,-0.031567
-0.00457121,-0.0316462
-0.00456665,-0.0317254
-0.00456202,-0.0318047
-0.00455732,-0.0318842
-0.00455256,-0.0319637
-0.00454773,-0.0320433
-0.00454284,-0.0321229
-0.00453787,-0.0322027
-0.00453284,-0.0322826
-0.00452775,-0.0323625
-0.00452258,-0.0324425
-0.00451735,-0.0325227
-0.00451205,-0.0326029
-0.00450668,-0.0326832
-0.00450124,-0.0327635
-0.00449574,-0.032844
-0.00449016,-0.0329246
-0.00448452,-0.0330052
-0.00447881,-0.0330859
-0.00447304,-0.0331668
-0.00446719,-0.0332477
-0.00446127,-0.0333287
-0.00445529,-0.0334097
-0.00444923,-0.0334909
-0.00444311,-0.0335721
-0.00443692,-0.0336535
-0.00443065,-0.0337349
-0.00442432,-0.0338164
-0.00441792,-0.033898
-0.00441145,-0.0339797
-0.0044049,-0.0340615
-0.00439829,-0.0341433
-0.00439161,-0.0342252
-0.00438486,-0.0343073
-0.00437803,-0.0343894
-0.00437114,-0.0344716
-0.00436417,-0.0345538
-0.00435713,-0.0346362
-0.00435003,-0.0347187
-0.00434285,-0.0348012
-0.0043356,-0.0348838
-0.00432828,-0.0349665
-0.00432088,-0.0350493
-0.00431342,-0.0351322
-0.00430588,-0.0352151
-0.00429827,-0.0352982
-0.00429059,-0.0353813
-0.00428283,-0.0354645
-0.00427501,-0.0355478
-0.00426711,-0.0356312
-0.00425914,-0.0357147
-0.00425109,-0.0357982
-0.00424297,-0.0358818
-0.00423478,-0.0359655
-0.00422652,-0.0360493
-0.00421818,-0.0361332
-0.00420977,-0.0362172
-0.00420128,-0.0363012
-0.00419273,-0.0363854
-0.00418409,-0.0364696
-0.00417539,-0.0365539
-0.00416661,-0.0366383
-0.00415775,-0.0367227
-0.00414882,-0.0368073
-0.00413982,-0.0368919
-0.00413074,-0.0369766
-0.00412159,-0.0370614
-0.00411236,-0.0371463
-0.00410305,-0.0372312
-0.00409368,-0.0373163
-0.00408422,-0.0374014
-0.00407469,-0.0374866
-0.00406509,-0.0375719
-0.00405541,-0.0376573
-0.00404565,-0.0377427
-0.00403582,-0.0378283
-0.00402591,-0.0379139
-0.00401592,-0.0379996
-0.00400586,-0.0380854
-0.00399572,-0.0381712
-0.00398551,-0.0382572
-0.00397522,-0.0383432
-0.00396485,-0.0384293
-0.0039544,-0.0385155
-0.00394388,-0.0386017
-0.00393328,-0.0386881
-0.0039226,-0.0387745
-0.00391184,-0.038861
-0.00390101,-0.0389476
-0.0038901,-0.0390343
-0.00387911,-0.039121
-0.00386804,-0.0392078
-0.0038569,-0.0392948
-0.00384567,-0.0393817
-0.00383437,-0.0394688
-0.00382299,-0.039556
-0.00381153,-0.0396432
-0.00379999,-0.0397305
-0.00378837,-0.0398179
-0.00377667,-0.0399053
-0.0037649,-0.0399929
-0.00375304,-0.0400805
-0.0037411,-0.0401682
-0.00372909,-0.040256
-0.00371699,-0.0403439
-0.00370481,-0.0404318
-0.00369256,-0.0405198
-0.00368022,-0.0406079
-0.00366781,-0.0406961
-0.00365531,-0.0407844
-0.00364273,-0.0408727
-0.00363007,-0.0409611
-0.00361733,-0.0410496
-0.00360451,-0.0411382
-0.00359161,-0.0412268
-0.00357862,-0.0413155
-0.00356556,-0.0414043
-0.00355241,-0.0414932
-0.00353918,-0.0415822
-0.00352587,-0.0416712
-0.00351247,-0.0417603
-0.003499,-0.0418495
-0.00348544,-0.0419388
-0.0034718,-0.0420281
-0.00345808,-0.0421176
-0.00344427,-0.0422071
-0.00343038,-0.0422966
-0.00341641,-0.0423863
-0.00340235,-0.042476
-0.00338821,-0.0425658
-0.00337399,-0.0426557
-0.00335968,-0.0427457
-0.0033453,-0.0428357
-0.00333082,-0.0429258
-0.00331626,-0.043016
-0.00330162,-0.0431062
-0.00328689,-0.0431966
-0.00327208,-0.043287
-0.00325719,-0.0433775
-0.00324221,-0.043468
-0.00322714,-0.0435587
-0.00321199,-0.0436494
-0.00319676,-0.0437402
-0.00318144,-0.043831
-0.00316603,-0.043922
-0.00315054,-0.044013
-0.00313496,-0.0441041
-0.0031193,-0.0441952
-0.00310355,-0.0442865
-0.00308771,-0.0443778
-0.00307179,-0.0444692
-0.00305578,-0.0445606
-0.00303969,-0.0446522
-0.0030235,-0.0447438
-0.00300723,-0.0448355
-0.00299088,-0.0449272
-0.00297444,-0.045019
-0.00295791,-0.0451109
-0.00294129,-0.0452029
-0.00292458,-0.045295
-0.00290779,-0.0453871
-0.00289091,-0.0454793
-0.00287394,-0.0455715
-0.00285688,-0.0456639
-0.00283974,-0.0457563
-0.0028225,-0.0458488
-0.00280518,-0.0459413
-0.00278777,-0.046034
-0.00277027,-0.0461267
-0.00275268,-0.0462194
-0.002735,-0.0463123
-0.00271724,-0.0464052
-0.00269938,-0.0464982
-0.00268143,-0.0465912
-0.0026634,-0.0466844
-0.00264527,-0.0467776
-0.00262706,-0.0468708
-0.00260875,-0.0469642
-0.00259036,-0.0470576
-0.00257187,-0.0471511
-0.00255329,-0.0472446
-0.00253463,-0.0473382
-0.00251587,-0.0474319
-0.00249702,-0.0475257
-0.00247808,-0.0476195
-0.00245905,-0.0477134
-0.00243992,-0.0478074
-0.00242071,-0.0479015
-0.0024014,-0.0479956
-0.002382,-0.0480898
-0.00236252,-0.048184
-0.00234293,-0.0482783
-0.00232326,-0.0483727
-0.00230349,-0.0484672
-0.00228363,-0.0485617
-0.00226368,-0.0486563
-0.00224364,-0.048751
-0.0022235,-0.0488457
-0.00220327,-0.0489405
-0.00218295,-0.0490354
-0.00216253,-0.0491303
-0.00214202,-0.0492253
-0.00212142,-0.0493204
-0.00210072,-0.0494155
-0.00207993,-0.0495107
-0.00205905,-0.049606
-0.00203807,-0.0497013
-0.002017,-0.0497967
-0.00199583,-0.0498922
-0.00197457,-0.0499878
-0.00195321,-0.0500834
-0.00193176,-0.050179
-0.00191021,-0.0502748
-0.00188857,-0.0503706
-0.00186684,-0.0504665
-0.001845,-0.0505624
-0.00182308,-0.0506584
-0.00180105,-0.0507545
-0.00177894,-0.0508506
-0.00175672,-0.0509468
-0.00173441,-0.0510431
-0.00171201,-0.0511394
-0.0016895,-0.0512358
-0.0016669,-0.0513322
-0.00164421,-0.0514288
-0.00162142,-0.0515253
-0.00159853,-0.051622
-0.00157554,-0.0517187
-0.00155246,-0.0518155
-0.00152928,-0.0519123
-0.00150601,-0.0520092
-0.00148263,-0.0521062
-0.00145916,-0.0522032
-0.00143559,-0.0523003
-0.00141192,-0.0523975
-0.00138816,-0.0524947
-0.0013643,-0.052592
-0.00134034,-0.0526893
-0.00131628,-0.0527867
-0.00129212,-0.0528842
-0.00126786,-0.0529817
-0.00124351,-0.0530793
-0.00121905,-0.053177
-0.0011945,-0.0532747
-0.00116985,-0.0533725
-0.0011451,-0.0534703
-0.00112025,-0.0535682
-0.0010953,-0.0536662
-0.00107025,-0.0537642
-0.00104511,-0.0538623
-0.00101986,-0.0539604
-0.000994511,-0.0540586
-0.000969064,-0.0541569
-0.000943516,-0.0542552
-0.000917868,-0.0543536
-0.00089212,-0.054452
-0.000866272,-0.0545505
-0.000840323,-0.0546491
-0.000814273,-0.0547477
-0.000788122,-0.0548464
-0.000761871,-0.0549451
-0.000735519,-0.0550439
-0.000709065,-0.0551428
-0.000682511,-0.0552417
-0.000655855,-0.0553406
-0.000629097,-0.0554397
-0.000602238,-0.0555388
-0.000575277,-0.0556379
-0.000548215,-0.0557371
-0.00052105,-0.0558364
-0.000493784,-0.0559357
-0.000466415,-0.056035
-0.000438944,-0.0561345
-0.000411371,-0.0562339
-0.000383695,-0.0563335
-0.000355917,-0.0564331
-0.000328036,-0.0565327
-0.000300053,-0.0566324
-0.000271966,-0.0567322
-0.000243777,-0.056832
-0.000215484,-0.0569319
-0.000187088,-0.0570318
-0.000158589,-0.0571318
-0.000129987,-0.0572319
-0.000101281,-0.0573319
-7.24711e-05,-0.0574321
-4.35577e-05,-0.0575323
-1.45406e-05,-0.0576326
1.45805e-05,-0.0577329
4.38057e-05,-0.0578332
7.31349e-05,-0.0579336
0.000102568,-0.0580341
0.000132106,-0.0581346
0.000161748,-0.0582352
0.000191495,-0.0583359
0.000221346,-0.0584365
0.000251303,-0.0585373
0.000281363,-0.0586381
0.000311529,-0.0587389
0.0003418,-0.0588398
0.000372176,-0.0589407
0.000402657,-0.0590417
0.000433243,-0.0591428
0.000463935,-0.0592439
0.000494732,-0.059345
0.000525635,-0.0594462
0.000556644,-0.0595475
0.000587758,-0.0596488
0.000618978,-0.0597501
0.000650304,-0.0598515
0.000681736,-0.059953
0.000713274,-0.0600545
0.000744919,-0.060156
0.000776669,-0.0602576
0.000808526,-0.0603593
0.00084049,-0.060461
0.00087256,-0.0605628
0.000904737,-0.0606645
0.00093702,-0.0607664
0.00096941,-0.0608683
0.00100191,-0.0609702
0.00103451,-0.0610722
0.00106722,-0.0611743
0.00110004,-0.0612764
0.00113297,-0.0613785
0.001166,-0.0614807
0.00119914,-0.0615829
0.00123239,-0.0616852
0.00126574,-0.0617875
0.00129921,-0.0618899
0.00133278,-0.0619923
0.00136646,-0.0620948
0.00140024,-0.0621973
0.00143414,-0.0622998
0.00146814,-0.0624024
0.00150225,-0.0625051
0.00153647,-0.0626078
0.0015708,-0.0627105
0.00160523,-0.0628133
0.00163978,-0.0629161
0.00167443,-0.063019
0.00170919,-0.0631219
0.00174406,-0.0632249
0.00177904,-0.0633279
0.00181413,-0.0634309
0.00184932,-0.063534
0.00188463,-0.0636371
0.00192004,-0.0637403
0.00195556,-0.0638436
0.0019912,-0.0639468
0.00202694,-0.0640501
0.00206279,-0.0641535
0.00209875,-0.0642569
0.00213482,-0.0643603
0.002171,-0.0644638
0.00220729,-0.0645673
0.00224369,-0.0646709
0.0022802,-0.0647745
0.00231681,-0.0648781
0.00235354,-0.0649818
0.00239038,-0.0650856
0.00242733,-0.0651893
0.00246439,-0.0652931
0.00250156,-0.065397
0.00253883,-0.0655009
0.00257622,-0.0656048
0.00261372,-0.0657088
0.00265133,-0.0658128
0.00268905,-0.0659169
0.00272688,-0.0660209
0.00276482,-0.0661251
0.00280288,-0.0662293
0.00284104,-0.0663335
0.00287931,-0.0664377
0.0029177,-0.066542
0.00295619,-0.0666463
0.0029948,-0.0667507
0.00303352,-0.0668551
0.00307234,-0.0669595
0.00311128,-0.067064
0.00315033,-0.0671685
0.0031895,-0.0672731
0.00322877,-0.0673777
0.00326815,-0.0674823
0.00330765,-0.067587
0.00334726,-0.0676917
0.00338698,-0.0677964
0.00342681,-0.0679012
0.00346675,-0.068006
0.00350681,-0.0681108
0.00354697,-0.0682157
0.00358725,-0.0683206
0.00362764,-0.0684256
0.00366815,-0.0685306
0.00370876,-0.0686356
0.00374949,-0.0687407
0.00379033,-0.0688458
0.00383128,-0.0689509
0.00387234,-0.0690561
0.00391352,-0.0691613
0.0039548,-0.0692665
0.0039962,-0.0693718
0.00403772,-0.0694771
0.00407934,-0.0695824
0.00412108,-0.0696878
0.00416293,-0.0697932
0.0042049,-0.0698986
0.00424697,-0.0700041
0.00428916,-0.0701095
0.00433146,-0.0702151
0.00437388,-0.0703206
0.00441641,-0.0704262
0.00445905,-0.0705319
0.0045018,-0.0706375
0.00454467,-0.0707432
0.00458765,-0.0708489
0.00463075,-0.0709547
0.00467395,-0.0710605
0.00471728,-0.0711663
0.00476071,-0.0712721
0.00480426,-0.071378
0.00484792,-0.0714839
0.00489169,-0.0715899
0.00493558,-0.0716958
0.00497958,-0.0718018
0.0050237,-0.0719079
0.00506793,-0.0720139
0.00511227,-0.07212
0.00515673,-0.0722261
0.0052013,-0.0723323
0.00524599,-0.0724385
0.00529079,-0.0725447
0.0053357,-0.0726509
0.00538073,-0.0727572
0.00542587,-0.0728634
0.00547113,-0.0729698
0.0055165,-0.0730761
0.00556199,-0.0731825
0.00560759,-0.0732889
0.0056533,-0.0733953
0.00569913,-0.0735018
0.00574507,-0.0736082
0.00579113,-0.0737147
0.0058373,-0.0738213
0.00588359,-0.0739278
0.00592999,-0.0740344
0.00597651,-0.074141
0.00602314,-0.0742477
0.00606989,-0.0743544
0.00611675,-0.074461
0.00616373,-0.0745678
0.00621082,-0.0746745
0.00625802,-0.0747813
0.00630535,-0.0748881
0.00635278,-0.0749949
0.00640034,-0.0751017
0.006448,-0.0752086
0.00649579,-0.0753155
0.00654369,-0.0754224
0.0065917,-0.0755293
0.00663983,-0.0756363
0.00668807,-0.0757433
0.00673643,-0.0758503
0.00678491,-0.0759573
0.0068335,-0.0760644
0.00688221,-0.0761715
0.00693103,-0.0762786
0.00697997,-0.0763857
0.00702903,-0.0764928
0.0070782,-0.0766
0.00712749,-0.0767072
0.00717689,-0.0768144
0.00722641,-0.0769216
0.00727605,-0.0770289
0.0073258,-0.0771362
0.00737567,-0.0772435
0.00742565,-0.0773508
0.00747575,-0.0774581
0.00752597,-0.0775655
0.0075763,-0.0776729
0.00762675,-0.0777803
0.00767732,-0.0778877
0.007728,-0.0779951
0.0077788,-0.0781026
0.00782972,-0.0782101
0.00788075,-0.0783176
0.0079319,-0.0784251
0.00798317,-0.0785326
0.00803455,-0.0786402
0.00808605,-0.0787478
0.00813767,-0.0788554
0.00818941,-0.078963
0.00824126,-0.0790706
0.00829323,-0.0791782
0.00834531,-0.0792859
0.00839751,-0.0793936
0.00844983,-0.0795013
0.00850227,-0.079609
0.00855483,-0.0797167
0.0086075,-0.0798245
0.00866029,-0.0799323
0.00871319,-0.0800401
0.00876622,-0.0801479
0.00881936,-0.0802557
0.00887262,-0.0803635
0.008926,-0.0804714
0.00897949,-0.0805792
0.00903311,-0.0806871
0.00908684,-0.080795
0.00914068,-0.0809029
0.00919465,-0.0810108
0.00924873,-0.0811188
0.00930294,-0.0812267
0.00935726,-0.0813347
0.00941169,-0.0814427
0.00946625,-0.0815507
0.00952092,-0.0816587
0.00957572,-0.0817667
0.00963063,-0.0818747
0.00968565,-0.0819828
0.0097408,-0.0820909
0.00979607,-0.0821989
0.00985145,-0.082307
0.00990695,-0.0824151
0.00996257,-0.0825232
0.0100183,-0.0826314
0.0100742,-0.0827395
0.0101301,-0.0828477
0.0101862,-0.0829558
0.0102425,-0.083064
0.0102988,-0.0831722
0.0103552,-0.0832804
0.0104118,-0.0833886
0.0104685,-0.0834968
0.0105253,-0.083605
0.0105822,-0.0837133
0.0106393,-0.0838215
0.0106964,-0.0839298
0.0107537,-0.084038
0.0108111,-0.0841463
0.0108686,-0.0842546
0.0109263,-0.0843629
0.010984,-0.0844712
0.0110419,-0.0845795
0.0110999,-0.0846878
0.011158,-0.0847961
0.0112163,-0.0849045
0.0112746,-0.0850128
0.0113331,-0.0851212
0.0113917,-0.0852295
0.0114504,-0.0853379
0.0115093,-0.0854463
0.0115682,-0.0855547
0.0116273,-0.0856631
0.0116865,-0.0857715
0.0117458,-0.0858799
0.0118052,-0.0859883
0.0118648,-0.0860967
0.0119244,-0.0862051
0.0119842,-0.0863135
0.0120442,-0.0864219
0.0121042,-0.0865304
0.0121643,-0.0866388
0.0122246,-0.0867473
0.012285,-0.0868557
0.0123455,-0.0869642
0.0124061,-0.0870726
0.0124669,-0.0871811
0.0125278,-0.0872896
0.0125888,-0.087398
0.0126499,-0.0875065
0.0127111,-0.087615
0.0127724,-0.0877235
0.0128339,-0.0878319
0.0128955,-0.0879404
0.0129572,-0.0880489
0.0130191,-0.0881574
0.013081,-0.0882659
0.0131431,-0.0883744
0.0132053,-0.0884829
0.0132676,-0.0885914
0.01333,-0.0886999
0.0133926,-0.0888084
0.0134553,-0.0889169
0.0135181,-0.0890254
0.013581,-0.0891339
0.013644,-0.0892424
0.0137072,-0.0893509
0.0137704,-0.0894594
0.0138338,-0.0895679
0.0138974,-0.0896764
0.013961,-0.0897849
0.0140248,-0.0898934
0.0140886,-0.0900018
0.0141526,-0.0901103
0.0142168,-0.0902188
0.014281,-0.0903273
0.0143454,-0.0904358
0.0144099,-0.0905443
0.0144745,-0.0906528
0.0145392,-0.0907613
0.014604,-0.0908697
0.014669,-0.0909782
0.0147341,-0.0910867
0.0147993,-0.0911951
0.0148646,-0.0913036
0.0149301,-0.0914121
0.0149957,-0.0915205
0.0150614,-0.091629
0.0151272,-0.0917374
0.0151931,-0.0918459
0.0152592,-0.0919543
0.0153253,-0.0920627
0.0153916,-0.0921711
0.015458,-0.0922796
0.0155246,-0.092388
0.0155913,-0.0924964
0.015658,-0.0926048
0.0157249,-0.0927132
0.015792,-0.0928216
0.0158591,-0.0929299
0.0159264,-0.0930383
0.0159938,-0.0931467
0.0160613,-0.093255
0.0161289,-0.0933634
0.0161966,-0.0934717
0.0162645,-0.0935801
0.0163325,-0.0936884
0.0164006,-0.0937967
0.0164688,-0.093905
0.0165372,-0.0940133
0.0166057,-0.0941216
0.0166743,-0.0942299
0.016743,-0.0943381
0.0168118,-0.0944464
0.0168808,-0.0945547
0.0169499,-0.0946629
0.0170191,-0.0947711
0.0170884,-0.0948793
0.0171578,-0.0949875
0.0172274,-0.0950957
0.0172971,-0.0952039
0.0173669,-0.0953121
0.0174368,-0.0954202
0.0175069,-0.0955284
0.017577,-0.0956365
0.0176473,-0.0957447
0.0177177,-0.0958528
0.0177883,-0.0959609
0.0178589,-0.0960689
0.0179297,-0.096177
0.0180006,-0.0962851
0.0180716,-0.0963931
0.0181427,-0.0965011
0.018214,-0.0966091
0.0182854,-0.0967171
0.0183568,-0.0968251
0.0184285,-0.0969331
0.0185002,-0.0970411
0.0185721,-0.097149
0.018644,-0.0972569
0.0187161,-0.0973648
0.0187884,-0.0974727
0.0188607,-0.0975806
0.0189332,-0.0976884
0.0190057,-0.0977963
0.0190784,-0.0979041
0.0191513,-0.0980119
0.0192242,-0.0981197
0.0192973,-0.0982275
0.0193705,-0.0983352
0.0194438,-0.098443
0.0195172,-0.0985507
0.0195907,-0.0986584
0.0196644,-0.0987661
0.0197382,-0.0988737
0.0198121,-0.0989814
0.0198861,-0.099089
0.0199603,-0.0991966
0.0200345,-0.0993042
0.0201089,-0.0994118
0.0201834,-0.0995193
0.0202581,-0.0996268
0.0203328,-0.0997343
0.0204077,-0.0998418
0.0204826,-0.0999493
0.0205578,-0.100057
0.020633,-0.100164
0.0207083,-0.100272
0.0207838,-0.100379
0.0208594,-0.100486
0.0209351,-0.100594
0.0210109,-0.100701
0.0210868,-0.100808
0.0211629,-0.100915
0.0212391,-0.101023
0.0213154,-0.10113
0.0213918,-0.101237
0.0214684,-0.101344
0.021545,-0.101451
0.0216218,-0.101559
0.0216987,-0.101666
0.0217757,-0.101773
0.0218528,-0.10188
0.0219301,-0.101987
0.0220075,-0.102094
0.022085,-0.102201
0.0221626,-0.102308
0.0222403,-0.102415
0.0223182,-0.102522
0.0223961,-0.102628
0.0224742,-0.102735
0.0225524,-0.102842
0.0226308,-0.102949
0.0227092,-0.103056
0.0227878,-0.103162
0.0228664,-0.103269
0.0229452,-0.103376
0.0230242,-0.103482
0.0231032,-0.103589
0.0231823,-0.103696
0.0232616,-0.103802
0.023341,-0.103909
0.0234205,-0.104015
0.0235001,-0.104122
0.0235799,-0.104228
0.0236598,-0.104335
0.0237397,-0.104441
0.0238198,-0.104547
0.0239,-0.104654
0.0239804,-0.10476
0.0240608,-0.104866
0.0241414,-0.104972
0.0242221,-0.105079
0.0243029,-0.105185
0.0243838,-0.105291
0.0244648,-0.105397
0.024546,-0.105503
0.0246273,-0.105609
0.0247087,-0.105715
0.0247902,-0.105821
0.0248718,-0.105927
0.0249535,-0.106033
0.0250354,-0.106139
0.0251174,-0.106245
0.0251995,-0.106351
0.0252817,-0.106456
0.025364,-0.106562
0.0254464,-0.106668
0.025529,-0.106774
0.0256117,-0.106879
0.0256944,-0.106985
0.0257773,-0.10709
0.0258604,-0.107196
0.0259435,-0.107302
0.0260268,-0.107407
0.0261101,-0.107512
0.0261936,-0.107618
0.0262772,-0.107723
0.0263609,-0.107829
0.0264448,-0.107934
0.0265287,-0.108039
0.0266128,-0.108144
0.026697,-0.10825
0.0267813,-0.108355
0.0268657,-0.10846
0.0269502,-0.108565
0.0270348,-0.10867
0.0271196,-0.108775
0.0272045,-0.10888
0.0272894,-0.108985
0.0273745,-0.10909
0.0274598,-0.109195
0.0275451,-0.109299
0.0276305,-0.109404
0.0277161,-0.109509
0.0278018,-0.109614
0.0278875,-0.109718
0.0279735,-0.109823
0.0280595,-0.109927
0.0281456,-0.110032
0.0282318,-0.110136
0.0283182,-0.110241
0.0284047,-0.110345
0.0284913,-0.11045
0.028578,-0.110554
0.0286648,-0.110658
0.0287517,-0.110762
0.0288387,-0.110867
0.0289259,-0.110971
0.0290132,-0.111075
0.0291005,-0.111179
0.029188,-0.111283
0.0292757,-0.111387
0.0293634,-0.111491
0.0294512,-0.111595
0.0295392,-0.111699
0.0296272,-0.111803
0.0297154,-0.111906
0.0298037,-0.11201
0.0298921,-0.112114
0.0299806,-0.112218
0.0300692,-0.112321
0.0301579,-0.112425
0.0302468,-0.112528
0.0303357,-0.112632
0.0304249,-0.112735
0.0305141,-0.112839
0.0306034,-0.112942
0.0306928,-0.113045
0.0307823,-0.113148
0.0308719,-0.113252
0.0309617,-0.113355
0.0310515,-0.113458
0.0311415,-0.113561
0.0312316,-0.113664
0.0313217,-0.113767
0.031412,-0.11387
0.0315025,-0.113973
0.031593,-0.114076
0.0316836,-0.114178
0.0317744,-0.114281
0.0318652,-0.114384
0.0319562,-0.114487
0.0320473,-0.114589
0.0321384,-0.114692
0.0322297,-0.114794
0.0323211,-0.114897
0.0324127,-0.114999
0.0325043,-0.115101
0.032596,-0.115204
0.0326879,-0.115306
0.0327798,-0.115408
0.0328719,-0.11551
0.0329641,-0.115612
0.0330564,-0.115714
0.0331488,-0.115816
0.0332413,-0.115918
0.0333339,-0.11602
0.0334266,-0.116122
0.0335195,-0.116224
0.0336124,-0.116326
0.0337055,-0.116427
0.0337986,-0.116529
0.0338919,-0.116631
0.0339853,-0.116732
0.0340788,-0.116834
0.0341724,-0.116935
0.0342661,-0.117037
0.0343599,-0.117138
0.0344538,-0.117239
0.0345478,-0.117341
0.034642,-0.117442
0.0347362,-0.117543
0.0348306,-0.117644
0.034925,-0.117745
0.0350196,-0.117846
0.0351143,-0.117947
0.0352091,-0.118048
0.035304,-0.118149
0.035399,-0.118249
0.0354941,-0.11835
0.0355893,-0.118451
0.0356846,-0.118551
0.0357801,-0.118652
0.0358756,-0.118752
0.0359713,-0.118853
0.036067,-0.118953
0.0361629,-0.119053
0.0362589,-0.119154
0.0363549,-0.119254
0.0364511,-0.119354
0.0365474,-0.119454
0.0366438,-0.119554
0.0367403,-0.119654
0.0368369,-0.119754
0.0369336,-0.119854
0.0370304,-0.119954
0.0371274,-0.120054
0.0372244,-0.120153
0.0373215,-0.120253
0.0374188,-0.120353
0.0375161,-0.120452
0.0376136,-0.120552
0.0377111,-0.120651
0.0378088,-0.12075
0.0379066,-0.12085
0.0380045,-0.120949
0.0381024,-0.121048
0.0382005,-0.121147
0.0382987,-0.121246
0.038397,-0.121345
0.0384954,-0.121444
0.0385939,-0.121543
0.0386925,-0.121642
0.0387913,-0.121741
0.0388901,-0.121839
0.038989,-0.121938
0.039088,-0.122037
0.0391872,-0.122135
0.0392864,-0.122234
0.0393857,-0.122332
0.0394852,-0.12243
0.0395847,-0.122529
0.0396844,-0.122627
0.0397841,-0.122725
0.039884,-0.122823
0.039984,-0.122921
0.040084,-0.123019
0.0401842,-0.123117
0.0402845,-0.123215
0.0403849,-0.123313
0.0404853,-0.123411
0.0405859,-0.123508
0.0406866,-0.123606
0.0407874,-0.123703
0.0408883,-0.123801
0.0409893,-0.123898
0.0410904,-0.123996
0.0411916,-0.124093
0.0412929,-0.12419
0.0413943,-0.124287
0.0414958,-0.124384
0.0415974,-0.124481
0.0416991,-0.124578
0.0418009,-0.124675
0.0419028,-0.124772
0.0420048,-0.124869
0.0421069,-0.124966
0.0422091,-0.125062
0.0423115,-0.125159
0.0424139,-0.125255
0.0425164,-0.125352
0.042619,-0.125448
0.0427217,-0.125544
0.0428246,-0.125641
0.0429275,-0.125737
0.0430305,-0.125833
0.0431336,-0.125929
0.0432368,-0.126025
0.0433402,-0.126121
0.0434436,-0.126217
0.0435471,-0.126313
0.0436507,-0.126408
0.0437545,-0.126504
0.0438583,-0.126599
0.0439622,-0.126695
0.0440662,-0.12679
0.0441704,-0.126886
0.0442746,-0.126981
0.0443789,-0.127076
0.0444833,-0.127171
0.0445878,-0.127267
0.0446925,-0.127362
0.0447972,-0.127457
0.044902,-0.127551
0.0450069,-0.127646
0.0451119,-0.127741
0.045217,-0.127836
0.0453222,-0.12793
0.0454275,-0.128025
0.0455329,-0.128119
0.0456384,-0.128214
0.045744,-0.128308
0.0458497,-0.128402
0.0459555,-0.128496
0.0460614,-0.12859
0.0461674,-0.128684
0.0462735,-0.128778
0.0463797,-0.128872
0.046486,-0.128966
0.0465923,-0.12906
0.0466988,-0.129154
0.0468054,-0.129247
0.0469121,-0.129341
0.0470188,-0.129434
0.0471257,-0.129528
0.0472326,-0.129621
0.0473397,-0.129714
0.0474468,-0.129807
0.0475541,-0.1299
0.0476614,-0.129993
0.0477689,-0.130086
0.0478764,-0.130179
0.047984,-0.130272
0.0480917,-0.130365
0.0481996,-0.130457
0.0483075,-0.13055
0.0484155,-0.130642
0.0485236,-0.130735
0.0486318,-0.130827
0.0487401,-0.130919
0.0488484,-0.131011
0.0489569,-0.131104
0.0490655,-0.131196
0.0491742,-0.131288
0.0492829,-0.131379
0.0493918,-0.131471
0.0495007,-0.131563
0.0496098,-0.131655
0.0497189,-0.131746
0.0498281,-0.131838
0.0499375,-0.131929
0.0500469,-0.13202
0.0501564,-0.132112
0.050266,-0.132203
0.0503757,-0.132294
0.0504854,-0.132385
0.0505953,-0.132476
0.0507053,-0.132567
0.0508154,-0.132658
0.0509255,-0.132748
0.0510358,-0.132839
0.0511461,-0.132929
0.0512565,-0.13302
0.051367,-0.13311
0.0514776,-0.133201
0.0515883,-0.133291
0.0516991,-0.133381
0.05181,-0.133471
0.051921,-0.133561
0.0520321,-0.133651
0.0521432,-0.133741
0.0522545,-0.13383
0.0523658,-0.13392
0.0524772,-0.13401
0.0525887,-0.134099
0.0527003,-0.134189
0.052812,-0.134278
0.0529238,-0.134367
0.0530357,-0.134456
0.0531476,-0.134545
0.0532597,-0.134634
0.0533718,-0.134723
0.0534841,-0.134812
0.0535964,-0.134901
0.0537088,-0.13499
0.0538213,-0.135078
0.0539338,-0.135167
0.0540465,-0.135255
0.0541593,-0.135344
0.0542721,-0.135432
0.054385,-0.13552
0.0544981,-0.135608
0.0546112,-0.135696
0.0547244,-0.135784
0.0548376,-0.135872
0.054951,-0.13596
0.0550645,-0.136047
0.055178,-0.136135
0.0552916,-0.136222
0.0554053,-0.13631
0.0555191,-0.136397
0.055633,-0.136484
0.055747,-0.136571
0.055861,-0.136659
0.0559752,-0.136745
0.0560894,-0.136832
0.0562037,-0.136919
0.0563181,-0.137006
0.0564326,-0.137093
0.0565471,-0.137179
0.0566618,-0.137266
0.0567765,-0.137352
0.0568913,-0.137438
0.0570062,-0.137524
0.0571212,-0.137611
0.0572363,-0.137697
0.0573514,-0.137782
0.0574666,-0.137868
0.057582,-0.137954
0.0576974,-0.13804
0.0578128,-0.138125
0.0579284,-0.138211
0.0580441,-0.138296
0.0581598,-0.138382
0.0582756,-0.138467
0.0583915,-0.138552
0.0585075,-0.138637
0.0586235,-0.138722
0.0587396,-0.138807
0.0588559,-0.138892
0.0589722,-0.138976
0.0590885,-0.139061
0.059205,-0.139145
0.0593215,-0.13923
0.0594382,-0.139314
0.0595549,-0.139398
0.0596716,-0.139483
0.0597885,-0.139567
0.0599055,-0.139651
0.0600225,-0.139734
0.0601396,-0.139818
0.0602567,-0.139902
0.060374,-0.139986
0.0604913,-0.140069
0.0606088,-0.140152
0.0607263,-0.140236
0.0608438,-0.140319
0.0609615,-0.140402
0.0610792,-0.140485
0.061197,-0.140568
0.0613149,-0.140651
0.0614329,-0.140734
0.0615509,-0.140817
0.061669,-0.140899
0.0617872,-0.140982
0.0619055,-0.141064
0.0620238,-0.141146
0.0621422,-0.141229
0.0622607,-0.141311
0.0623793,-0.141393
0.062498,-0.141475
0.0626167,-0.141556
0.0627355,-0.141638
0.0628544,-0.14172
0.0629733,-0.141801
0.0630923,-0.141883
0.0632114,-0.141964
0.0633306,-0.142046
0.0634499,-0.142127
0.0635692,-0.142208
0.0636886,-0.142289
0.0638081,-0.14237
0.0639276,-0.142451
0.0640472,-0.142531
0.0641669,-0.142612
0.0642867,-0.142692
0.0644065,-0.142773
0.0645265,-0.142853
0.0646464,-0.142933
0.0647665,-0.143014
0.0648866,-0.143094
0.0650068,-0.143174
0.0651271,-0.143253
0.0652475,-0.143333
0.0653679,-0.143413
0.0654884,-0.143492
0.0656089,-0.143572
0.0657296,-0.143651
0.0658503,-0.14373
0.065971,-0.14381
0.0660919,-0.143889
0.0662128,-0.143968
0.0663338,-0.144047
0.0664548,-0.144125
0.066576,-0.144204
0.0666972,-0.144283
0.0668184,-0.144361
0.0669398,-0.14444
0.0670612,-0.144518
0.0671826,-0.144596
0.0673042,-0.144674
0.0674258,-0.144752
0.0675475,-0.14483
0.0676692,-0.144908
0.067791,-0.144986
0.0679129,-0.145063
0.0680348,-0.145141
0.0681569,-0.145218
0.0682789,-0.145295
0.0684011,-0.145373
0.0685233,-0.14545
0.0686456,-0.145527
0.068768,-0.145604
0.0688904,-0.145681
0.0690129,-0.145757
0.0691354,-0.145834
0.069258,-0.14591
0.0693807,-0.145987
0.0695035,-0.146063
0.0696263,-0.146139
0.0697491,-0.146216
0.0698721,-0.146292
0.0699951,-0.146368
0.0701182,-0.146443
0.0702413,-0.146519
0.0703645,-0.146595
0.0704878,-0.14667
0.0706111,-0.146746
0.0707345,-0.146821
0.070858,-0.146896
0.0709815,-0.146971
0.0711051,-0.147046
0.0712287,-0.147121
0.0713524,-0.147196
0.0714762,-0.147271
0.0716,-0.147346
0.0717239,-0.14742
0.0718479,-0.147495
0.0719719,-0.147569
0.072096,-0.147643
0.0722201,-0.147717
0.0723444,-0.147791
0.0724686,-0.147865
0.072593,-0.147939
0.0727173,-0.148013
0.0728418,-0.148086
0.0729663,-0.14816
0.0730909,-0.148233
0.0732155,-0.148306
0.0733402,-0.14838
0.073465,-0.148453
0.0735898,-0.148526
0.0737147,-0.148599
0.0738396,-0.148671
0.0739646,-0.148744
0.0740896,-0.148817
0.0742147,-0.148889
0.0743399,-0.148962
0.0744651,-0.149034
0.0745904,-0.149106
0.0747158,-0.149178
0.0748412,-0.14925
0.0749666,-0.149322
0.0750921,-0.149394
0.0752177,-0.149466
0.0753433,-0.149537
0.075469,-0.149609
0.0755948,-0.14968
0.0757206,-0.149751
0.0758464,-0.149822
0.0759724,-0.149893
0.0760983,-0.149964
0.0762244,-0.150035
0.0763505,-0.150106
0.0764766,-0.150177
0.0766028,-0.150247
0.076729,-0.150317
0.0768553,-0.150388
0.0769817,-0.150458
0.0771081,-0.150528
0.0772346,-0.150598
0.0773611,-0.150668
0.0774877,-0.150738
0.0776143,-0.150808
0.077741,-0.150877
0.0778678,-0.150947
0.0779946,-0.151016
0.0781214,-0.151085
0.0782483,-0.151154
0.0783753,-0.151224
0.0785023,-0.151293
0.0786294,-0.151361
0.0787565,-0.15143
0.0788837,-0.151499
0.0790109,-0.151567
0.0791381,-0.151636
0.0792655,-0.151704
0.0793929,-0.151772
0.0795203,-0.15184
0.0796478,-0.151909
0.0797753,-0.151976
0.0799029,-0.152044
0.0800305,-0.152112
0.0801582,-0.15218
0.0802859,-0.152247
0.0804137,-0.152314
0.0805416,-0.152382
0.0806695,-0.152449
0.0807974,-0.152516
0.0809254,-0.152583
0.0810534,-0.15265
0.0811815,-0.152717
0.0813096,-0.152783
0.0814378,-0.15285
0.0815661,-0.152916
0.0816944,-0.152983
0.0818227,-0.153049
0.0819511,-0.153115
0.0820795,-0.153181
0.082208,-0.153247
0.0823365,-0.153313
0.0824651,-0.153378
0.0825937,-0.153444
0.0827224,-0.153509
0.0828511,-0.153575
0.0829799,-0.15364
0.0831087,-0.153705
0.0832375,-0.15377
0.0833664,-0.153835
0.0834954,-0.1539
0.0836244,-0.153965
0.0837534,-0.154029
0.0838825,-0.154094
0.0840117,-0.154158
0.0841408,-0.154222
0.0842701,-0.154287
0.0843993,-0.154351
0.0845287,-0.154415
0.084658,-0.154479
0.0847874,-0.154542
0.0849169,-0.154606
0.0850464,-0.15467
0.0851759,-0.154733
0.0853055,-0.154796
0.0854351,-0.15486
0.0855648,-0.154923
0.0856945,-0.154986
0.0858243,-0.155049
0.0859541,-0.155111
0.086084,-0.155174
0.0862138,-0.155237
0.0863438,-0.155299
0.0864738,-0.155361
0.0866038,-0.155424
0.0867338,-0.155486
0.086864,-0.155548
0.0869941,-0.15561
0.0871243,-0.155672
0.0872545,-0.155733
0.0873848,-0.155795
0.0875151,-0.155856
0.0876455,-0.155918
0.0877759,-0.155979
0.0879063,-0.15604
0.0880368,-0.156101
0.0881673,-0.156162
0.0882979,-0.156223
0.0884285,-0.156284
0.0885591,-0.156344
0.0886898,-0.156405
0.0888205,-0.156465
0.0889512,-0.156525
0.089082,-0.156586
0.0892129,-0.156646
0.0893438,-0.156706
0.0894747,-0.156766
0.0896056,-0.156825
0.0897366,-0.156885
0.0898676,-0.156944
0.0899987,-0.157004
0.0901298,-0.157063
0.090261,-0.157122
0.0903922,-0.157181
0.0905234,-0.15724
0.0906546,-0.157299
0.0907859,-0.157358
0.0909173,-0.157417
0.0910486,-0.157475
0.09118,-0.157533
0.0913115,-0.157592
0.0914429,-0.15765
0.0915745,-0.157708
0.091706,-0.157766
0.0918376,-0.157824
0.0919692,-0.157882
0.0921009,-0.157939
0.0922326,-0.157997
0.0923643,-0.158054
0.092496,-0.158112
0.0926278,-0.158169
0.0927597,-0.158226
0.0928915,-0.158283
0.0930234,-0.15834
0.0931554,-0.158396
0.0932873,-0.158453
0.0934193,-0.15851
0.0935514,-0.158566
0.0936834,-0.158622
0.0938155,-0.158678
0.0939477,-0.158735
0.0940798,-0.15879
0.094212,-0.158846
0.0943443,-0.158902
0.0944765,-0.158958
0.0946088,-0.159013
0.0947412,-0.159069
0.0948735,-0.159124
0.0950059,-0.159179
0.0951383,-0.159234
0.0952708,-0.159289
0.0954033,-0.159344
0.0955358,-0.159399
0.0956683,-0.159453
0.0958009,-0.159508
0.0959335,-0.159562
0.0960661,-0.159617
0.0961988,-0.159671
0.0963315,-0.159725
0.0964642,-0.159779
0.096597,-0.159833
0.0967298,-0.159886
0.0968626,-0.15994
0.0969954,-0.159993
0.0971283,-0.160047
0.0972612,-0.1601
0.0973941,-0.160153
0.0975271,-0.160206
0.09766,-0.160259
0.097793,-0.160312
0.0979261,-0.160365
0.0980591,-0.160417
0.0981922,-0.16047
0.0983253,-0.160522
0.0984585,-0.160574
0.0985917,-0.160627
0.0987249,-0.160679
0.0988581,-0.160731
0.0989913,-0.160782
0.0991246,-0.160834
0.0992579,-0.160886
0.0993912,-0.160937
0.0995246,-0.160988
0.099658,-0.16104
0.0997914,-0.161091
0.0999248,-0.161142
0.100058,-0.161193
0.100192,-0.161243
0.100325,-0.161294
0.100459,-0.161345
0.100592,-0.161395
0.100726,-0.161445
0.100859,-0.161496
0.100993,-0.161546
0.101127,-0.161596
0.10126,-0.161646
0.101394,-0.161695
0.101528,-0.161745
0.101661,-0.161795
0.101795,-0.161844
0.101929,-0.161893
0.102063,-0.161942
0.102197,-0.161992
0.10233,-0.16204
0.102464,-0.162089
0.102598,-0.162138
0.102732,-0.162187
0.102866,-0.162235
0.103,-0.162284
0.103134,-0.162332
0.103268,-0.16238
0.103402,-0.162428
0.103536,-0.162476
0.10367,-0.162524
0.103804,-0.162572
0.103938,-0.162619
0.104072,-0.162667
0.104206,-0.162714
0.10434,-0.162761
0.104475,-0.162808
0.104609,-0.162855
0.104743,-0.162902
0.104877,-0.162949
0.105011,-0.162996
0.105145,-0.163042
0.10528,-0.163089
0.105414,-0.163135
0.105548,-0.163181
0.105683,-0.163227
0.105817,-0.163273
0.105951,-0.163319
0.106086,-0.163365
0.10622,-0.163411
0.106354,-0.163456
0.106489,-0.163501
0.106623,-0.163547
0.106758,-0.163592
0.106892,-0.163637
0.107026,-0.163682
0.107161,-0.163727
0.107295,-0.163772
0.10743,-0.163816
0.107564,-0.163861
0.107699,-0.163905
0.107833,-0.163949
0.107968,-0.163993
0.108103,-0.164037
0.108237,-0.164081
0.108372,-0.164125
0.108506,-0.164169
0.108641,-0.164212
0.108776,-0.164256
0.10891,-0.164299
0.109045,-0.164342
0.109179,-0.164386
0.109314,-0.164429
0.109449,-0.164471
0.109583,-0.164514
0.109718,-0.164557
0.109853,-0.164599
0.109988,-0.164642
0.110122,-0.164684
0.110257,-0.164726
0.110392,-0.164768
0.110527,-0.16481
0.110661,-0.164852
0.110796,-0.164894
0.110931,-0.164936
0.111066,-0.164977
0.1112,-0.165019
0.111335,-0.16506
0.11147,-0.165101
0.111605,-0.165142
0.11174,-0.165183
0.111875,-0.165224
0.112009,-0.165264
0.112144,-0.165305
0.112279,-0.165346
0.112414,-0.165386
0.112549,-0.165426
0.112684,-0.165466
0.112819,-0.165506
0.112953,-0.165546
0.113088,-0.165586
0.113223,-0.165626
0.113358,-0.165665
0.113493,-0.165705
0.113628,-0.165744
0.113763,-0.165783
0.113898,-0.165822
0.114033,-0.165861
0.114168,-0.1659
0.114303,-0.165939
0.114437,-0.165978
0.114572,-0.166016
0.114707,-0.166055
0.114842,-0.166093
0.114977,-0.166131
0.115112,-0.166169
0.115247,-0.166207
0.115382,-0.166245
0.115517,-0.166283
0.115652,-0.16632
0.115787,-0.166358
0.115922,-0.166395
0.116057,-0.166432
0.116192,-0.16647
0.116327,-0.166507
0.116462,-0.166543
0.116597,-0.16658
0.116732,-0.166617
0.116867,-0.166654
0.117002,-0.16669
0.117137,-0.166726
0.117272,-0.166763
0.117407,-0.166799
0.117541,-0.166835
0.117676,-0.166871
0.117811,-0.166907
0.117946,-0.166942
0.118081,-0.166978
0.118216,-0.167013
0.118351,-0.167049
0.118486,-0.167084
0.118621,-0.167119
0.118756,-0.167154
0.118891,-0.167189
0.119026,-0.167224
0.119161,-0.167258
0.119296,-0.167293
0.119431,-0.167327
0.119566,-0.167361
0.119701,-0.167396
0.119835,-0.16743
0.11997,-0.167464
0.120105,-0.167498
0.12024,-0.167531
0.120375,-0.167565
0.12051,-0.167599
0.120645,-0.167632
0.12078,-0.167665
0.120915,-0.167698
0.12105,-0.167731
0.121184,-0.167764
0.121319,-0.167797
0.121454,-0.16783
0.121589,-0.167863
0.121724,-0.167895
0.121859,-0.167928
0.121994,-0.16796
0.122128,-0.167992
0.122263,-0.168024
0.122398,-0.168056
0.122533,-0.168088
0.122668,-0.16812
0.122802,-0.168151
0.122937,-0.168183
0.123072,-0.168214
0.123207,-0.168245
0.123341,-0.168276
0.123476,-0.168308
0.123611,-0.168338
0.123746,-0.168369
0.12388,-0.1684
0.124015,-0.168431
0.12415,-0.168461
0.124284,-0.168491
0.124419,-0.168522
0.124554,-0.168552
0.124688,-0.168582
0.124823,-0.168612
0.124958,-0.168642
0.125092,-0.168671
0.125227,-0.168701
0.125362,-0.16873
0.125496,-0.16876
0.125631,-0.168789
0.125765,-0.168818
0.1259,-0.168847
0.126034,-0.168876
0.126169,-0.168905
0.126304,-0.168934
0.126438,-0.168962
0.126573,-0.168991
0.126707,-0.169019
0.126842,-0.169048
0.126976,-0.169076
0.12711,-0.169104
0.127245,-0.169132
0.127379,-0.169159
0.127514,-0.169187
0.127648,-0.169215
0.127783,-0.169242
0.127917,-0.16927
0.128051,-0.169297
0.128186,-0.169324
0.12832,-0.169351
0.128454,-0.169378
0.128589,-0.169405
0.128723,-0.169432
0.128857,-0.169458
0.128991,-0.169485
0.129126,-0.169511
0.12926,-0.169537
0.129394,-0.169564
0.129528,-0.16959
0.129662,-0.169616
0.129796,-0.169641
0.129931,-0.169667
0.130065,-0.169693
0.130199,-0.169718
0.130333,-0.169744
0.130467,-0.169769
0.130601,-0.169794
0.130735,-0.169819
0.130869,-0.169844
0.131003,-0.169869
0.131137,-0.169894
0.131271,-0.169918
0.131405,-0.169943
0.131539,-0.169967
0.131673,-0.169992
0.131807,-0.170016
0.131941,-0.17004
0.132074,-0.170064
0.132208,-0.170088
0.132342,-0.170112
0.132476,-0.170135
0.13261,-0.170159
0.132743,-0.170182
0.132877,-0.170206
0.133011,-0.170229
0.133145,-0.170252
0.133278,-0.170275
0.133412,-0.170298
0.133546,-0.170321
0.133679,-0.170343
0.133813,-0.170366
0.133946,-0.170388
0.13408,-0.170411
0.134214,-0.170433
0.134347,-0.170455
0.134481,-0.170477
0.134614,-0.170499
0.134747,-0.170521
0.134881,-0.170542
0.135014,-0.170564
0.135148,-0.170586
0.135281,-0.170607
0.135414,-0.170628
0.135548,-0.170649
0.135681,-0.17067
0.135814,-0.170691
0.135947,-0.170712
0.136081,-0.170733
0.136214,-0.170754
0.136347,-0.170774
0.13648,-0.170795
0.136613,-0.170815
0.136746,-0.170835
0.13688,-0.170855
0.137013,-0.170875
0.137146,-0.170895
0.137279,-0.170915
0.137412,-0.170935
0.137545,-0.170954
0.137677,-0.170974
0.13781,-0.170993
0.137943,-0.171012
0.138076,-0.171031
0.138209,-0.17105
0.138342,-0.171069
0.138475,-0.171088
0.138607,-0.171107
0.13874,-0.171125
0.138873,-0.171144
0.139005,-0.171162
0.139138,-0.171181
0.139271,-0.171199
0.139403,-0.171217
0.139536,-0.171235
0.139668,-0.171253
0.139801,-0.17127
0.139933,-0.171288
0.140066,-0.171306
0.140198,-0.171323
0.140331,-0.17134
0.140463,-0.171358
0.140595,-0.171375
0.140728,-0.171392
0.14086,-0.171409
0.140992,-0.171425
0.141124,-0.171442
0.141257,-0.171459
0.141389,-0.171475
0.141521,-0.171492
0.141653,-0.171508
0.141785,-0.171524
0.141917,-0.17154
0.142049,-0.171556
0.142181,-0.171572
0.142313,-0.171588
0.142445,-0.171603
0.142577,-0.171619
0.142709,-0.171634
0.142841,-0.17165
0.142973,-0.171665
0.143104,-0.17168
0.143236,-0.171695
0.143368,-0.17171
0.143499,-0.171725
0.143631,-0.171739
0.143763,-0.171754
0.143894,-0.171768
0.144026,-0.171783
0.144157,-0.171797
0.144289,-0.171811
0.14442,-0.171825
0.144552,-0.171839
0.144683,-0.171853
0.144815,-0.171867
0.144946,-0.171881
0.145077,-0.171894
0.145208,-0.171908
0.14534,-0.171921
0.145471,-0.171934
0.145602,-0.171947
0.145733,-0.171961
0.145864,-0.171973
0.145995,-0.171986
0.146126,-0.171999
0.146257,-0.172012
0.146388,-0.172024
0.146519,-0.172037
0.14665,-0.172049
0.146781,-0.172061
0.146912,-0.172073
0.147043,-0.172085
0.147173,-0.172097
0.147304,-0.172109
0.147435,-0.172121
0.147565,-0.172132
0.147696,-0.172144
0.147826,-0.172155
0.147957,-0.172166
0.148087,-0.172178
0.148218,-0.172189
0.148348,-0.1722
0.148479,-0.172211
0.148609,-0.172221
0.148739,-0.172232
0.14887,-0.172243
0.149,-0.172253
0.14913,-0.172263
0.14926,-0.172274
0.14939,-0.172284
0.14952,-0.172294
0.14965,-0.172304
0.14978,-0.172314
0.14991,-0.172323
0.15004,-0.172333
0.15017,-0.172343
0.1503,-0.172352
0.15043,-0.172361
0.15056,-0.172371
0.150689,-0.17238
0.150819,-0.172389
0.150949,-0.172398
0.151078,-0.172407
0.151208,-0.172415
0.151337,-0.172424
0.151467,-0.172433
0.151596,-0.172441
0.151726,-0.172449
0.151855,-0.172458
0.151984,-0.172466
0.152114,-0.172474
0.152243,-0.172482
0.152372,-0.17249
0.152501,-0.172497
0.15263,-0.172505
0.152759,-0.172513
0.152888,-0.17252
0.153017,-0.172527
0.153146,-0.172535
0.153275,-0.172542
0.153404,-0.172549
0.153533,-0.172556
0.153662,-0.172563
0.15379,-0.172569
0.153919,-0.172576
0.154048,-0.172582
0.154176,-0.172589
0.154305,-0.172595
0.154433,-0.172601
0.154562,-0.172608
0.15469,-0.172614
0.154818,-0.17262
0.154947,-0.172625
0.155075,-0.172631
0.155203,-0.172637
0.155331,-0.172642
0.15546,-0.172648
0.155588,-0.172653
0.155716,-0.172658
0.155844,-0.172664
0.155972,-0.172669
0.1561,-0.172674
0.156227,-0.172678
0.156355,-0.172683
0.156483,-0.172688
0.156611,-0.172692
0.156738,-0.172697
0.156866,-0.172701
0.156994,-0.172706
0.157121,-0.17271
0.157249,-0.172714
0.157376,-0.172718
0.157504,-0.172722
0.157631,-0.172726
0.157758,-0.172729
0.157885,-0.172733
0.158013,-0.172736
0.15814,-0.17274
0.158267,-0.172743
0.158394,-0.172746
0.158521,-0.172749
0.158648,-0.172752
0.158775,-0.172755
0.158902,-0.172758
0.159028,-0.172761
0.159155,-0.172763
0.159282,-0.172766
0.159409,-0.172768
0.159535,-0.172771
0.159662,-0.172773
0.159788,-0.172775
0.159915,-0.172777
0.160041,-0.172779
0.160167,-0.172781
0.160294,-0.172783
0.16042,-0.172784
0.160546,-0.172786
0.160672,-0.172788
0.160798,-0.172789
0.160924,-0.17279
0.16105,-0.172791
0.161176,-0.172793
0.161302,-0.172794
0.161428,-0.172794
0.161554,-0.172795
0.16168,-0.172796
0.161805,-0.172797
0.161931,-0.172797
0.162056,-0.172798
0.162182,-0.172798
0.162307,-0.172798
0.162433,-0.172798
0.162558,-0.172799
0.162683,-0.172799
0.162809,-0.172798
0.162934,-0.172798
0.163059,-0.172798
0.163184,-0.172798
0.163309,-0.172797
0.163434,-0.172796
0.163559,-0.172796
0.163684,-0.172795
0.163809,-0.172794
0.163933,-0.172793
0.164058,-0.172792
0.164183,-0.172791
0.164307,-0.17279
0.164432,-0.172789
0.164556,-0.172787
0.164681,-0.172786
0.164805,-0.172784
0.16493,-0.172782
0.165054,-0.172781
0.165178,-0.172779
0.165302,-0.172777
0.165426,-0.172775
0.16555,-0.172773
0.165674,-0.17277
0.165798,-0.172768
0.165922,-0.172766
0.166046,-0.172763
0.166169,-0.172761
0.166293,-0.172758
0.166417,-0.172755
0.16654,-0.172752
0.166664,-0.172749
0.166787,-0.172746
0.166911,-0.172743
0.167034,-0.17274
0.167157,-0.172737
0.16728,-0.172733
0.167404,-0.17273
0.167527,-0.172726
0.16765,-0.172723
0.167773,-0.172719
0.167896,-0.172715
0.168019,-0.172711
0.168141,-0.172707
0.168264,-0.172703
0.168387,-0.172699
0.168509,-0.172694
0.168632,-0.17269
0.168754,-0.172686
0.168877,-0.172681
0.168999,-0.172676
0.169122,-0.172672
0.169244,-0.172667
0.169366,-0.172662
0.169488,-0.172657
0.16961,-0.172652
0.169732,-0.172647
0.169854,-0.172642
0.169976,-0.172636
0.170098,-0.172631
0.17022,-0.172625
0.170341,-0.17262
0.170463,-0.172614
0.170585,-0.172608
0.170706,-0.172603
0.170828,-0.172597
0.170949,-0.172591
0.17107,-0.172585
0.171192,-0.172578
0.171313,-0.172572
0.171434,-0.172566
0.171555,-0.172559
0.171676,-0.172553
0.171797,-0.172546
0.171918,-0.172539
0.172039,-0.172533
0.172159,-0.172526
0.17228,-0.172519
0.172401,-0.172512
0.172521,-0.172505
0.172642,-0.172498
0.172762,-0.17249
0.172883,-0.172483
0.173003,-0.172475
0.173123,-0.172468
0.173243,-0.17246
0.173364,-0.172453
0.173484,-0.172445
0.173604,-0.172437
0.173724,-0.172429
0.173843,-0.172421
0.173963,-0.172413
0.174083,-0.172405
0.174203,-0.172396
0.174322,-0.172388
0.174442,-0.17238
0.174561,-0.172371
0.174681,-0.172362
0.1748,-0.172354
0.174919,-0.172345
0.175038,-0.172336
0.175158,-0.172327
0.175277,-0.172318
0.175396,-0.172309
0.175515,-0.1723
0.175634,-0.172291
0.175752,-0.172281
0.175871,-0.172272
0.17599,-0.172262
0.176108,-0.172253
0.176227,-0.172243
0.176345,-0.172233
0.176464,-0.172223
0.176582,-0.172214
0.176701,-0.172204
0.176819,-0.172194
0.176937,-0.172183
0.177055,-0.172173
0.177173,-0.172163
0.177291,-0.172152
0.177409,-0.172142
0.177527,-0.172131
0.177644,-0.172121
0.177762,-0.17211
0.17788,-0.172099
0.177997,-0.172089
0.178115,-0.172078
0.178232,-0.172067
0.178349,-0.172056
0.178467,-0.172044
0.178584,-0.172033
0.178701,-0.172022
0.178818,-0.17201
0.178935,-0.171999
0.179052,-0.171987
0.179169,-0.171976
0.179286,-0.171964
0.179402,-0.171952
0.179519,-0.17194
0.179635,-0.171928
0.179752,-0.171916
0.179868,-0.171904
0.179985,-0.171892
0.180101,-0.17188
0.180217,-0.171867
0.180333,-0.171855
0.18045,-0.171843
0.180566,-0.17183
0.180682,-0.171817
0.180797,-0.171805
0.180913,-0.171792
0.181029,-0.171779
0.181145,-0.171766
0.18126,-0.171753
0.181376,-0.17174
0.181491,-0.171727
0.181607,-0.171714
0.181722,-0.1717
0.181837,-0.171687
0.181952,-0.171673
0.182067,-0.17166
0.182182,-0.171646
0.182297,-0.171633
0.182412,-0.171619
0.182527,-0.171605
0.182642,-0.171591
0.182756,-0.171577
0.182871,-0.171563
0.182986,-0.171549
0.1831,-0.171535
0.183214,-0.17152
0.183329,-0.171506
0.183443,-0.171492
0.183557,-0.171477
0.183671,-0.171463
0.183785,-0.171448
0.183899,-0.171433
0.184013,-0.171418
0.184127,-0.171404
0.184241,-0.171389
0.184354,-0.171374
0.184468,-0.171359
0.184581,-0.171343
0.184695,-0.171328
0.184808,-0.171313
0.184922,-0.171298
0.185035,-0.171282
0.185148,-0.171267
0.185261,-0.171251
0.185374,-0.171235
0.185487,-0.17122
0.1856,-0.171204
0.185713,-0.171188
0.185825,-0.171172
0.185938,-0.171156
0.18605,-0.17114
0.186163,-0.171124
0.186275,-0.171107
0.186388,-0.171091
0.1865,-0.171075
0.186612,-0.171058
0.186724,-0.171042
0.186836,-0.171025
0.186948,-0.171009
0.18706,-0.170992
0.187172,-0.170975
0.187284,-0.170958
0.187395,-0.170941
0.187507,-0.170924
0.187618,-0.170907
0.18773,-0.17089
0.187841,-0.170873
0.187953,-0.170856
0.188064,-0.170838
0.188175,-0.170821
0.188286,-0.170803
0.188397,-0.170786
0.188508,-0.170768
0.188619,-0.170751
0.188729,-0.170733
0.18884,-0.170715
0.188951,-0.170697
0.189061,-0.170679
0.189172,-0.170661
0.189282,-0.170643
0.189392,-0.170625
0.189503,-0.170607
0.189613,-0.170588
0.189723,-0.17057
0.189833,-0.170552
0.189943,-0.170533
0.190053,-0.170514
0.190162,-0.170496
0.190272,-0.170477
0.190382,-0.170458
0.190491,-0.17044
0.190601,-0.170421
0.19071,-0.170402
0.190819,-0.170383
0.190929,-0.170364
0.191038,-0.170344
0.191147,-0.170325
0.191256,-0.170306
0.191365,-0.170286
0.191473,-0.170267
0.191582,-0.170248
0.191691,-0.170228
0.191799,-0.170208
0.191908,-0.170189
0.192016,-0.170169
0.192125,-0.170149
0.192233,-0.170129
0.192341,-0.170109
0.192449,-0.170089
0.192557,-0.170069
0.192665,-0.170049
0.192773,-0.170029
0.192881,-0.170008
0.192989,-0.169988
0.193097,-0.169968
0.193204,-0.169947
0.193312,-0.169927
0.193419,-0.169906
0.193526,-0.169885
0.193634,-0.169865
0.193741,-0.169844
0.193848,-0.169823
0.193955,-0.169802
0.194062,-0.169781
0.194169,-0.16976
0.194275,-0.169739
0.194382,-0.169718
0.194489,-0.169697
0.194595,-0.169675
0.194702,-0.169654
0.194808,-0.169633
0.194914,-0.169611
0.195021,-0.16959
0.195127,-0.169568
0.195233,-0.169546
0.195339,-0.169525
0.195445,-0.169503
0.195551,-0.169481
0.195656,-0.169459
0.195762,-0.169437
0.195867,-0.169415
0.195973,-0.169393
0.196078,-0.169371
0.196184,-0.169349
0.196289,-0.169326
0.196394,-0.169304
0.196499,-0.169282
0.196604,-0.169259
0.196709,-0.169237
0.196814,-0.169214
0.196919,-0.169191
0.197023,-0.169169
0.197128,-0.169146
0.197232,-0.169123
0.197337,-0.1691
0.197441,-0.169077
0.197545,-0.169054
0.197649,-0.169031
0.197754,-0.169008
0.197858,-0.168985
0.197961,-0.168962
0.198065,-0.168938
0.198169,-0.168915
0.198273,-0.168892
0.198376,-0.168868
0.19848,-0.168845
0.198583,-0.168821
0.198687,-0.168797
0.19879,-0.168774
0.198893,-0.16875
0.198996,-0.168726
0.199099,-0.168702
0.199202,-0.168678
0.199305,-0.168654
0.199407,-0.16863
0.19951,-0.168606
0.199613,-0.168582
0.199715,-0.168558
0.199818,-0.168533
0.19992,-0.168509
0.200022,-0.168485
0.200124,-0.16846
0.200226,-0.168436
0.200328,-0.168411
0.20043,-0.168387
0.200532,-0.168362
0.200634,-0.168337
0.200735,-0.168312
0.200837,-0.168288
0.200938,-0.168263
0.20104,-0.168238
0.201141,-0.168213
0.201242,-0.168188
0.201343,-0.168163
0.201444,-0.168137
0.201545,-0.168112
0.201646,-0.168087
0.201747,-0.168062
0.201848,-0.168036
0.201948,-0.168011
0.202049,-0.167985
0.202149,-0.16796
0.20225,-0.167934
0.20235,-0.167909
0.20245,-0.167883
0.20255,-0.167857
0.20265,-0.167831
0.20275,-0.167805
0.20285,-0.167779
0.20295,-0.167753
0.203049,-0.167727
0.203149,-0.167701
0.203248,-0.167675
0.203348,-0.167649
0.203447,-0.167623
0.203546,-0.167597
0.203645,-0.16757
0.203744,-0.167544
0.203843,-0.167517
0.203942,-0.167491
0.204041,-0.167464
0.20414,-0.167438
0.204238,-0.167411
0.204337,-0.167385
0.204435,-0.167358
0.204534,-0.167331
0.204632,-0.167304
0.20473,-0.167277
0.204828,-0.16725
0.204926,-0.167223
0.205024,-0.167196
0.205122,-0.167169
0.205219,-0.167142
0.205317,-0.167115
0.205415,-0.167088
0.205512,-0.16706
0.205609,-0.167033
0.205707,-0.167006
0.205804,-0.166978
0.205901,-0.166951
0.205998,-0.166923
0.206095,-0.166896
0.206192,-0.166868
0.206289,-0.16684
0.206385,-0.166813
0.206482,-0.166785
0.206578,-0.166757
0.206675,-0.166729
0.206771,-0.166701
0.206867,-0.166673
0.206963,-0.166645
0.207059,-0.166617
0.207155,-0.166589
0.207251,-0.166561
0.207347,-0.166533
0.207442,-0.166505
0.207538,-0.166476
0.207633,-0.166448
0.207729,-0.16642
0.207824,-0.166391
0.207919,-0.166363
0.208014,-0.166334
0.208109,-0.166306
0.208204,-0.166277
0.208299,-0.166248
0.208394,-0.16622
0.208489,-0.166191
0.208583,-0.166162
0.208678,-0.166133
0.208772,-0.166104
0.208866,-0.166076
0.208961,-0.166047
0.209055,-0.166018
0.209149,-0.165989
0.209243,-0.165959
0.209337,-0.16593
0.20943,-0.165901
0.209524,-0.165872
0.209618,-0.165843
0.209711,-0.165813
0.209804,-0.165784
0.209898,-0.165755
0.209991,-0.165725
0.210084,-0.165696
0.210177,-0.165666
0.21027,-0.165637
0.210363,-0.165607
0.210456,-0.165578
0.210548,-0.165548
0.210641,-0.165518
0.210733,-0.165488
0.210826,-0.165459
0.210918,-0.165429
0.21101,-0.165399
0.211102,-0.165369
0.211194,-0.165339
0.211286,-0.165309
0.211378,-0.165279
0.21147,-0.165249
0.211561,-0.165219
0.211653,-0.165189
0.211744,-0.165158
0.211836,-0.165128
0.211927,-0.165098
0.212018,-0.165067
0.212109,-0.165037
0.2122,-0.165007
0.212291,-0.164976
0.212382,-0.164946
0.212473,-0.164915
0.212563,-0.164885
0.212654,-0.164854
0.212744,-0.164824
0.212835,-0.164793
0.212925,-0.164762
0.213015,-0.164731
0.213105,-0.164701
0.213195,-0.16467
0.213285,-0.164639
0.213375,-0.164608
0.213465,-0.164577
0.213554,-0.164546
0.213644,-0.164515
0.213733,-0.164484
0.213823,-0.164453
0.213912,-0.164422
0.214001,-0.164391
0.21409,-0.16436
0.214179,-0.164329
0.214268,-0.164297
0.214357,-0.164266
0.214445,-0.164235
0.214534,-0.164203
0.214622,-0.164172
0.214711,-0.164141
0.214799,-0.164109
0.214887,-0.164078
0.214975,-0.164046
0.215063,-0.164014
0.215151,-0.163983
0.215239,-0.163951
0.215327,-0.16392
0.215415,-0.163888
0.215502,-0.163856
0.21559,-0.163824
0.215677,-0.163793
0.215764,-0.163761
0.215851,-0.163729
0.215939,-0.163697
0.216026,-0.163665
0.216112,-0.163633
0.216199,-0.163601
0.216286,-0.163569
0.216373,-0.163537
0.216459,-0.163505
0.216546,-0.163473
0.216632,-0.163441
0.216718,-0.163409
0.216804,-0.163376
0.21689,-0.163344
0.216976,-0.163312
0.217062,-0.163279
0.217148,-0.163247
0.217234,-0.163215
0.217319,-0.163182
0.217405,-0.16315
0.21749,-0.163117
0.217576,-0.163085
0.217661,-0.163052
0.217746,-0.16302
0.217831,-0.162987
0.217916,-0.162955
0.218001,-0.162922
0.218086,-0.162889
0.21817,-0.162857
0.218255,-0.162824
0.218339,-0.162791
0.218424,-0.162758
0.218508,-0.162726
0.218592,-0.162693
0.218676,-0.16266
0.21876,-0.162627
0.218844,-0.162594
0.218928,-0.162561
0.219012,-0.162528
0.219095,-0.162495
0.219179,-0.162462
0.219262,-0.162429
0.219346,-0.162396
0.219429,-0.162363
0.219512,-0.16233
0.219595,-0.162296
0.219678,-0.162263
0.219761,-0.16223
0.219844,-0.162197
0.219926,-0.162163
0.220009,-0.16213
0.220091,-0.162097
0.220174,-0.162063
0.220256,-0.16203
0.220338,-0.161997
0.22042,-0.161963
0.220502,-0.16193
0.220584,-0.161896
0.220666,-0.161863
0.220748,-0.161829
0.22083,-0.161795
0.220911,-0.161762
0.220993,-0.161728
0.221074,-0.161695
0.221155,-0.161661
0.221236,-0.161627
0.221317,-0.161593
0.221398,-0.16156
0.221479,-0.161526
0.22156,-0.161492
0.221641,-0.161458
0.221721,-0.161424
0.221802,-0.161391
0.221882,-0.161357
0.221963,-0.161323
0.222043,-0.161289
0.222123,-0.161255
0.222203,-0.161221
0.222283,-0.161187
0.222363,-0.161153
0.222443,-0.161119
0.222522,-0.161085
0.222602,-0.161051
0.222681,-0.161016
0.222761,-0.160982
0.22284,-0.160948
0.222919,-0.160914
0.222998,-0.16088
0.223077,-0.160846
0.223156,-0.160811
0.223235,-0.160777
0.223314,-0.160743
0.223392,-0.160708
0.223471,-0.160674
0.223549,-0.16064
0.223627,-0.160605
0.223706,-0.160571
0.223784,-0.160536
0.223862,-0.160502
0.22394,-0.160467
0.224018,-0.160433
0.224095,-0.160398
0.224173,-0.160364
0.224251,-0.160329
0.224328,-0.160295
0.224405,-0.16026
0.224483,-0.160226
0.22456,-0.160191
0.224637,-0.160156
0.224714,-0.160122
0.224791,-0.160087
0.224868,-0.160052
0.224944,-0.160017
0.225021,-0.159983
0.225098,-0.159948
0.225174,-0.159913
0.22525,-0.159878
0.225327,-0.159843
0.225403,-0.159809
0.225479,-0.159774
0.225555,-0.159739
0.225631,-0.159704
0.225706,-0.159669
0.225782,-0.159634
0.225858,-0.159599
0.225933,-0.159564
0.226008,-0.159529
0.226084,-0.159494
0.226159,-0.159459
0.226234,-0.159424
0.226309,-0.159389
0.226384,-0.159354
0.226459,-0.159319
0.226533,-0.159284
0.226608,-0.159249
0.226682,-0.159214
0.226757,-0.159178
0.226831,-0.159143
0.226905,-0.159108
0.22698,-0.159073
0.227054,-0.159038
0.227128,-0.159002
0.227201,-0.158967
0.227275,-0.158932
0.227349,-0.158897
0.227422,-0.158861
0.227496,-0.158826
0.227569,-0.158791
0.227642,-0.158755
0.227716,-0.15872
0.227789,-0.158684
0.227862,-0.158649
0.227935,-0.158614
0.228007,-0.158578
0.22808,-0.158543
0.228153,-0.158507
0.228225,-0.158472
0.228298,-0.158436
0.22837,-0.158401
0.228442,-0.158365
0.228514,-0.15833
0.228586,-0.158294
0.228658,-0.158259
0.22873,-0.158223
0.228802,-0.158188
0.228873,-0.158152
0.228945,-0.158117
0.229016,-0.158081
0.229088,-0.158045
0.229159,-0.15801
0.22923,-0.157974
0.229301,-0.157938
0.229372,-0.157903
0.229443,-0.157867
0.229514,-0.157831
0.229584,-0.157796
0.229655,-0.15776
0.229725,-0.157724
0.229796,-0.157688
0.229866,-0.157653
0.229936,-0.157617
0.230006,-0.157581
0.230076,-0.157545
0.230146,-0.15751
0.230216,-0.157474
0.230286,-0.157438
0.230355,-0.157402
0.230425,-0.157366
0.230494,-0.15733
0.230564,-0.157295
0.230633,-0.157259
0.230702,-0.157223
0.230771,-0.157187
0.23084,-0.157151
0.230909,-0.157115
0.230977,-0.157079
0.231046,-0.157043
0.231115,-0.157007
0.231183,-0.156971
0.231251,-0.156935
0.23132,-0.156899
0.231388,-0.156863
0.231456,-0.156828
0.231524,-0.156792
0.231592,-0.156756
0.231659,-0.15672
0.231727,-0.156684
0.231795,-0.156648
0.231862,-0.156612
0.231929,-0.156575
0.231997,-0.156539
0.232064,-0.156503
0.232131,-0.156467
0.232198,-0.156431
0.232265,-0.156395
0.232332,-0.156359
0.232398,-0.156323
0.232465,-0.156287
0.232531,-0.156251
0.232598,-0.156215
0.232664,-0.156179
0.23273,-0.156143
0.232796,-0.156107
0.232862,-0.15607
0.232928,-0.156034
0.232994,-0.155998
0.23306,-0.155962
0.233126,-0.155926
0.233191,-0.15589
0.233257,-0.155854
0.233322,-0.155817
0.233387,-0.155781
0.233452,-0.155745
0.233517,-0.155709
0.233582,-0.155673
0.233647,-0.155637
0.233712,-0.1556
0.233776,-0.155564
0.233841,-0.155528
0.233905,-0.155492
0.23397,-0.155456
0.234034,-0.15542
0.234098,-0.155383
0.234162,-0.155347
0.234226,-0.155311
0.23429,-0.155275
0.234354,-0.155239
0.234418,-0.155202
0.234481,-0.155166
0.234545,-0.15513
0.234608,-0.155094
0.234671,-0.155058
0.234734,-0.155021
0.234798,-0.154985
0.23486,-0.154949
0.234923,-0.154913
0.234986,-0.154876
0.235049,-0.15484
0.235111,-0.154804
0.235174,-0.154768
0.235236,-0.154732
0.235299,-0.154695
0.235361,-0.154659
0.235423,-0.154623
0.235485,-0.154587
0.235547,-0.154551
0.235609,-0.154514
0.23567,-0.154478
0.235732,-0.154442
0.235794,-0.154406
0.235855,-0.154369
0.235916,-0.154333
0.235978,-0.154297
0.236039,-0.154261
0.2361,-0.154225
0.236161,-0.154188
0.236222,-0.154152
0.236282,-0.154116
0.236343,-0.15408
0.236403,-0.154044
0.236464,-0.154007
0.236524,-0.153971
0.236585,-0.153935
0.236645,-0.153899
0.236705,-0.153863
0.236765,-0.153827
0.236825,-0.15379
0.236884,-0.153754
0.236944,-0.153718
0.237004,-0.153682
0.237063,-0.153646
0.237122,-0.15361
0.237182,-0.153573
0.237241,-0.153537
0.2373,-0.153501
0.237359,-0.153465
0.237418,-0.153429
0.237477,-0.153393
0.237535,-0.153357
0.237594,-0.153321
0.237652,-0.153284
0.237711,-0.153248
0.237769,-0.153212
0.237827,-0.153176
0.237885,-0.15314
0.237943,-0.153104
0.238001,-0.153068
0.238059,-0.153032
0.238117,-0.152996
0.238175,-0.15296
0.238232,-0.152924
0.238289,-0.152888
0.238347,-0.152852
0.238404,-0.152816
0.238461,-0.15278
0.238518,-0.152744
0.238575,-0.152708
0.238632,-0.152672
0.238689,-0.152636
0.238745,-0.1526
0.238802,-0.152564
0.238858,-0.152528
0.238915,-0.152492
0.238971,-0.152456
0.239027,-0.15242
0.239083,-0.152384
0.239139,-0.152348
0.239195,-0.152312
0.239251,-0.152276
0.239307,-0.15224
0.239362,-0.152205
0.239418,-0.152169
0.239473,-0.152133
0.239528,-0.152097
0.239584,-0.152061
0.239639,-0.152025
0.239694,-0.15199
0.239749,-0.151954
0.239803,-0.151918
0.239858,-0.151882
0.239913,-0.151846
0.239967,-0.151811
0.240022,-0.151775
0.240076,-0.151739
0.24013,-0.151703
0.240184,-0.151668
0.240238,-0.151632
0.240292,-0.151596
0.240346,-0.151561
0.2404,-0.151525
0.240454,-0.151489
0.240507,-0.151454
0.240561,-0.151418
0.240614,-0.151383
0.240667,-0.151347
0.240721,-0.151311
0.240774,-0.151276
0.240827,-0.15124
0.24088,-0.151205
0.240932,-0.151169
0.240985,-0.151134
0.241038,-0.151098
0.24109,-0.151063
0.241143,-0.151027
0.241195,-0.150992
0.241247,-0.150956
0.241299,-0.150921
0.241351,-0.150885
0.241403,-0.15085
0.241455,-0.150815
0.241507,-0.150779
0.241558,-0.150744
0.24161,-0.150709
0.241661,-0.150673
0.241713,-0.150638
0.241764,-0.150603
0.241815,-0.150567
0.241866,-0.150532
0.241917,-0.150497
0.241968,-0.150462
0.242019,-0.150426
0.24207,-0.150391
0.24212,-0.150356
0.242171,-0.150321
0.242221,-0.150286
0.242272,-0.150251
0.242322,-0.150216
0.242372,-0.150181
0.242422,-0.150145
0.242472,-0.15011
0.242522,-0.150075
0.242571,-0.15004
0.242621,-0.150005
0.242671,-0.14997
0.24272,-0.149935
0.242769,-0.1499
0.242819,-0.149866
0.242868,-0.149831
0.242917,-0.149796
0.242966,-0.149761
0.243015,-0.149726
0.243064,-0.149691
0.243112,-0.149656
0.243161,-0.149622
0.24321,-0.149587
0.243258,-0.149552
0.243306,-0.149517
0.243355,-0.149483
0.243403,-0.149448
0.243451,-0.149413
0.243499,-0.149379
0.243547,-0.149344
0.243594,-0.149309
0.243642,-0.149275
0.24369,-0.14924
0.243737,-0.149206
0.243785,-0.149171
0.243832,-0.149137
0.243879,-0.149102
0.243926,-0.149068
0.243973,-0.149033
0.24402,-0.148999
0.244067,-0.148964
0.244114,-0.14893
0.24416,-0.148896
0.244207,-0.148861
0.244253,-0.148827
0.2443,-0.148793
0.244346,-0.148758
0.244392,-0.148724
0.244438,-0.14869
0.244484,-0.148656
0.24453,-0.148621
0.244576,-0.148587
0.244622,-0.148553
0.244668,-0.148519
0.244713,-0.148485
0.244758,-0.148451
0.244804,-0.148417
0.244849,-0.148383
0.244894,-0.148349
0.244939,-0.148315
0.244984,-0.148281
0.245029,-0.148247
0.245074,-0.148213
0.245119,-0.148179
0.245163,-0.148145
0.245208,-0.148111
0.245252,-0.148078
0.245297,-0.148044
0.245341,-0.14801
0.245385,-0.147976
0.245429,-0.147943
0.245473,-0.147909
0.245517,-0.147875
0.245561,-0.147842
0.245604,-0.147808
0.245648,-0.147775
0.245692,-0.147741
0.245735,-0.147707
0.245778,-0.147674
0.245822,-0.14764
0.245865,-0.147607
0.245908,-0.147574
0.245951,-0.14754
0.245994,-0.147507
0.246036,-0.147473
0.246079,-0.14744
0.246122,-0.147407
0.246164,-0.147374
0.246207,-0.14734
0.246249,-0.147307
0.246291,-0.147274
0.246333,-0.147241
0.246375,-0.147208
0.246417,-0.147174
0.246459,-0.147141
0.246501,-0.147108
0.246543,-0.147075
0.246584,-0.147042
0.246626,-0.147009
0.246667,-0.146976
0.246708,-0.146944
0.24675,-0.146911
0.246791,-0.146878
0.246832,-0.146845
0.246873,-0.146812
0.246914,-0.146779
0.246954,-0.146747
0.246995,-0.146714
0.247036,-0.146681
0.247076,-0.146649
0.247117,-0.146616
0.247157,-0.146583
0.247197,-0.146551
0.247237,-0.146518
0.247277,-0.146486
0.247317,-0.146453
0.247357,-0.146421
0.247397,-0.146388
0.247437,-0.146356
0.247476,-0.146324
0.247516,-0.146291
0.247555,-0.146259
0.247595,-0.146227
0.247634,-0.146194
0.247673,-0.146162
0.247712,-0.14613
0.247751,-0.146098
0.24779,-0.146066
0.247829,-0.146034
0.247867,-0.146002
0.247906,-0.14597
0.247944,-0.145938
0.247983,-0.145906
0.248021,-0.145874
0.24806,-0.145842
0.248098,-0.14581
0.248136,-0.145778
0.248174,-0.145746
0.248212,-0.145715
0.248249,-0.145683
0.248287,-0.145651
0.248325,-0.14562
0.248362,-0.145588
0.2484,-0.145556
0.248437,-0.145525
0.248474,-0.145493
0.248512,-0.145462
0.248549,-0.14543
0.248586,-0.145399
0.248623,-0.145367
0.248659,-0.145336
0.248696,-0.145305
0.248733,-0.145273
0.248769,-0.145242
0.248806,-0.145211
0.248842,-0.14518
0.248878,-0.145148
0.248915,-0.145117
0.248951,-0.145086
0.248987,-0.145055
0.249023,-0.145024
0.249059,-0.144993
0.249094,-0.144962
0.24913,-0.144931
0.249166,-0.1449
0.249201,-0.144869
0.249236,-0.144839
0.249272,-0.144808
0.249307,-0.144777
0.249342,-0.144746
0.249377,-0.144716
0.249412,-0.144685
0.249447,-0.144654
0.249482,-0.144624
0.249516,-0.144593
0.249551,-0.144563
0.249586,-0.144532
0.24962,-0.144502
0.249654,-0.144471
0.249689,-0.144441
0.249723,-0.144411
0.249757,-0.144381
0.249791,-0.14435
0.249825,-0.14432
0.249859,-0.14429
0.249892,-0.14426
0.249926,-0.14423
0.249959,-0.1442
0.249993,-0.14417
0.250026,-0.14414
0.25006,-0.14411
0.250093,-0.14408
0.250126,-0.14405
0.250159,-0.14402
0.250192,-0.14399
0.250225,-0.143961
0.250257,-0.143931
0.25029,-0.143901
0.250323,-0.143871
0.250355,-0.143842
0.250388,-0.143812
0.25042,-0.143783
0.250452,-0.143753
0.250484,-0.143724
0.250516,-0.143694
0.250548,-0.143665
0.25058,-0.143636
0.250612,-0.143607
0.250644,-0.143577
0.250675,-0.143548
0.250707,-0.143519
0.250738,-0.14349
0.25077,-0.143461
0.250801,-0.143432
0.250832,-0.143403
0.250863,-0.143374
0.250894,-0.143345
0.250925,-0.143316
0.250956,-0.143287
0.250987,-0.143258
0.251017,-0.14323
0.251048,-0.143201
0.251079,-0.143172
0.251109,-0.143144
0.251139,-0.143115
0.251169,-0.143086
0.2512,-0.143058
0.25123,-0.14303
0.25126,-0.143001
0.25129,-0.142973
0.251319,-0.142944
0.251349,-0.142916
0.251379,-0.142888
0.251408,-0.14286
0.251438,-0.142832
0.251467,-0.142803
0.251496,-0.142775
0.251526,-0.142747
0.251555,-0.142719
0.251584,-0.142691
0.251613,-0.142664
0.251642,-0.142636
0.25167,-0.142608
0.251699,-0.14258
0.251728,-0.142552
0.251756,-0.142525
0.251785,-0.142497
0.251813,-0.14247
0.251841,-0.142442
0.251869,-0.142415
0.251897,-0.142387
0.251925,-0.14236
0.251953,-0.142332
0.251981,-0.142305
0.252009,-0.142278
0.252037,-0.142251
0.252064,-0.142223
0.252092,-0.142196
0.252119,-0.142169
0.252146,-0.142142
0.252174,-0.142115
0.252201,-0.142088
0.252228,-0.142061
0.252255,-0.142035
0.252282,-0.142008
0.252309,-0.141981
0.252335,-0.141954
0.252362,-0.141928
0.252389,-0.141901
0.252415,-0.141875
0.252441,-0.141848
0.252468,-0.141822
0.252494,-0.141795
0.25252,-0.141769
0.252546,-0.141743
0.252572,-0.141716
0.252598,-0.14169
0.252624,-0.141664
0.25265,-0.141638
0.252675,-0.141612
0.252701,-0.141586
0.252726,-0.14156
0.252752,-0.141534
0.252777,-0.141508
0.252802,-0.141482
0.252827,-0.141456
0.252853,-0.141431
0.252878,-0.141405
0.252902,-0.141379
0.252927,-0.141354
0.252952,-0.141328
0.252977,-0.141303
0.253001,-0.141277
0.253026,-0.141252
0.25305,-0.141227
0.253074,-0.141201
0.253099,-0.141176
0.253123,-0.141151
0.253147,-0.141126
0.253171,-0.141101
0.253195,-0.141076
0.253219,-0.141051
0.253242,-0.141026
0.253266,-0.141001
0.25329,-0.140976
0.253313,-0.140952
0.253337,-0.140927
0.25336,-0.140902
0.253383,-0.140878
0.253406,-0.140853
0.253429,-0.140829
0.253452,-0.140804
0.253475,-0.14078
0.253498,-0.140755
0.253521,-0.140731
0.253544,-0.140707
0.253566,-0.140683
0.253589,-0.140659
0.253611,-0.140635
0.253634,-0.140611
0.253656,-0.140587
0.253678,-0.140563
0.2537,-0.140539
0.253722,-0.140515
0.253744,-0.140491
0.253766,-0.140468
0.253788,-0.140444
0.25381,-0.140421
0.253831,-0.140397
0.253853,-0.140374
0.253874,-0.14035
0.253896,-0.140327
0.253917,-0.140304
0.253938,-0.14028
0.25396,-0.140257
0.253981,-0.140234
0.254002,-0.140211
0.254023,-0.140188
0.254043,-0.140165
0.254064,-0.140142
0.254085,-0.140119
0.254106,-0.140096
0.254126,-0.140074
0.254147,-0.140051
0.254167,-0.140028
0.254187,-0.140006
0.254207,-0.139983
0.254228,-0.139961
0.254248,-0.139939
0.254268,-0.139916
0.254288,-0.139894
0.254307,-0.139872
0.254327,-0.13985
0.254347,-0.139828
0.254366,-0.139805
0.254386,-0.139783
0.254405,-0.139762
0.254425,-0.13974
0.254444,-0.139718
0.254463,-0.139696
0.254482,-0.139674
0.254501,-0.139653
0.25452,-0.139631
0.254539,-0.13961
0.254558,-0.139588
0.254577,-0.139567
0.254596,-0.139546
0.254614,-0.139524
0.254633,-0.139503
0.254651,-0.139482
0.25467,-0.139461
0.254688,-0.13944
0.254706,-0.139419
0.254724,-0.139398
0.254742,-0.139377
0.25476,-0.139356
0.254778,-0.139335
0.254796,-0.139315
0.254814,-0.139294
0.254832,-0.139274
0.254849,-0.139253
0.254867,-0.139233
0.254884,-0.139212
0.254902,-0.139192
0.254919,-0.139172
0.254936,-0.139152
0.254953,-0.139131
0.25497,-0.139111
0.254987,-0.139091
0.255004,-0.139071
0.255021,-0.139052
0.255038,-0.139032
0.255055,-0.139012
0.255071,-0.138992
0.255088,-0.138973
0.255104,-0.138953
0.255121,-0.138933
0.255137,-0.138914
0.255154,-0.138895
0.25517,-0.138875
0.255186,-0.138856
0.255202,-0.138837
0.255218,-0.138818
0.255234,-0.138799
0.25525,-0.13878
0.255265,-0.138761
0.255281,-0.138742
0.255297,-0.138723
0.255312,-0.138704
0.255328,-0.138686
0.255343,-0.138667
0.255358,-0.138648
0.255374,-0.13863
0.255389,-0.138611
0.255404,-0.138593
0.255419,-0.138575
0.255434,-0.138556
0.255449,-0.138538
0.255464,-0.13852
0.255479,-0.138502
0.255493,-0.138484
0.255508,-0.138466
0.255522,-0.138448
0.255537,-0.13843
0.255551,-0.138413
0.255566,-0.138395
0.25558,-0.138377
0.255594,-0.13836
0.255608,-0.138342
0.255622,-0.138325
0.255636,-0.138308
0.25565,-0.13829
0.255664,-0.138273
0.255678,-0.138256
0.255691,-0.138239
0.255705,-0.138222
0.255719,-0.138205
0.255732,-0.138188
0.255745,-0.138171
0.255759,-0.138155
0.255772,-0.138138
0.255785,-0.138121
0.255798,-0.138105
0.255811,-0.138088
0.255824,-0.138072
0.255837,-0.138055
0.25585,-0.138039
0.255863,-0.138023
0.255876,-0.138007
0.255888,-0.137991
0.255901,-0.137975
0.255913,-0.137959
0.255926,-0.137943
0.255938,-0.137927
0.255951,-0.137911
0.255963,-0.137895
0.255975,-0.13788
0.255987,-0.137864
0.255999,-0.137849
0.256011,-0.137833
0.256023,-0.137818
0.256035,-0.137803
0.256046,-0.137788
0.256058,-0.137772
0.25607,-0.137757
0.256081,-0.137742
0.256093,-0.137727
0.256104,-0.137712
0.256116,-0.137698
0.256127,-0.137683
0.256138,-0.137668
0.256149,-0.137654
0.25616,-0.137639
0.256171,-0.137625
0.256182,-0.13761
0.256193,-0.137596
0.256204,-0.137582
0.256215,-0.137568
0.256225,-0.137553
0.256236,-0.137539
0.256247,-0.137525
0.256257,-0.137511
0.256267,-0.137498
0.256278,-0.137484
0.256288,-0.13747
0.256298,-0.137456
0.256308,-0.137443
0.256319,-0.137429
0.256329,-0.137416
0.256339,-0.137403
0.256348,-0.137389
0.256358,-0.137376
0.256368,-0.137363
0.256378,-0.13735
0.256387,-0.137337
0.256397,-0.137324
0.256406,-0.137311
0.256416,-0.137298
0.256425,-0.137286
0.256434,-0.137273
0.256444,-0.13726
0.256453,-0.137248
0.256462,-0.137235
0.256471,-0.137223
0.25648,-0.137211
0.256489,-0.137199
0.256498,-0.137186
0.256507,-0.137174
0.256515,-0.137162
0.256524,-0.13715
0.256533,-0.137139
0.256541,-0.137127
0.25655,-0.137115
0.256558,-0.137103
0.256566,-0.137092
0.256575,-0.13708
0.256583,-0.137069
0.256591,-0.137058
0.256599,-0.137046
0.256607,-0.137035
0.256615,-0.137024
0.256623,-0.137013
0.256631,-0.137002
0.256639,-0.136991
0.256646,-0.13698
0.256654,-0.136969
0.256661,-0.136959
0.256669,-0.136948
0.256676,-0.136937
0.256684,-0.136927
0.256691,-0.136916
0.256698,-0.136906
0.256706,-0.136896
0.256713,-0.136886
0.25672,-0.136876
0.256727,-0.136865
0.256734,-0.136856
0.256741,-0.136846
0.256748,-0.136836
0.256754,-0.136826
0.256761,-0.136816
0.256768,-0.136807
0.256774,-0.136797
0.256781,-0.136788
0.256787,-0.136778
0.256794,-0.136769
0.2568,-0.13676
0.256806,-0.136751
0.256813,-0.136742
0.256819,-0.136733
0.256825,-0.136724
0.256831,-0.136715
0.256837,-0.136706
0.256843,-0.136697
0.256849,-0.136689
0.256854,-0.13668
0.25686,-0.136672
0.256866,-0.136663
0.256871,-0.136655
0.256877,-0.136647
0.256883,-0.136639
0.256888,-0.136631
0.256893,-0.136623
0.256899,-0.136615
0.256904,-0.136607
0.256909,-0.136599
0.256914,-0.136591
0.256919,-0.136584
0.256924,-0.136576
0.256929,-0.136569
0.256934,-0.136561
0.256939,-0.136554
0.256944,-0.136547
0.256949,-0.136539
0.256953,-0.136532
0.256958,-0.136525
0.256962,-0.136518
0.256967,-0.136511
0.256971,-0.136505
0.256976,-0.136498
0.25698,-0.136491
0.256984,-0.136485
0.256989,-0.136478
0.256993,-0.136472
0.256997,-0.136466
0.257001,-0.136459
0.257005,-0.136453
0.257009,-0.136447
0.257013,-0.136441
0.257016,-0.136435
0.25702,-0.136429
0.257024,-0.136424
0.257027,-0.136418
0.257031,-0.136412
0.257034,-0.136407
0.257038,-0.136401
0.257041,-0.136396
0.257045,-0.136391
0.257048,-0.136385
0.257051,-0.13638
0.257054,-0.136375
0.257057,-0.13637
0.257061,-0.136365
0.257064,-0.136361
0.257066,-0.136356
0.257069,-0.136351
0.257072,-0.136347
0.257075,-0.136342
0.257078,-0.136338
0.25708,-0.136333
0.257083,-0.136329
0.257086,-0.136325
0.257088,-0.136321
0.257091,-0.136317
0.257093,-0.136313
0.257095,-0.136309
0.257098,-0.136305
0.2571,-0.136302
0.257102,-0.136298
0.257104,-0.136294
0.257106,-0.136291
0.257108,-0.136288
0.25711,-0.136284
0.257112,-0.136281
0.257114,-0.136278
0.257116,-0.136275
0.257117,-0.136272
0.257119,-0.136269
0.257121,-0.136266
0.257122,-0.136264
0.257124,-0.136261
0.257125,-0.136259
0.257127,-0.136256
0.257128,-0.136254
0.257129,-0.136252
0.257131,-0.136249
0.257132,-0.136247
0.257133,-0.136245
0.257134,-0.136243
0.257135,-0.136241
0.257136,-0.13624
0.257137,-0.136238
0.257138,-0.136236
0.257139,-0.136235
0.25714,-0.136233
0.25714,-0.136232
0.257141,-0.136231
0.257142,-0.136229
0.257142,-0.136228
0.257143,-0.136227
0.257143,-0.136226
0.257144,-0.136225
0.257144,-0.136225
0.257145,-0.136224
0.257145,-0.136223
0.257145,-0.136223
0.257145,-0.136222
0.257145,-0.136222
0.257145,-0.136222
0.257145,-0.136222
0.257145,-0.136222
0.257145,-0.136221
0.257145,-0.136222
0.257145,-0.136222
0.257145,-0.136222
0.257145,-0.136222
0.257144,-0.136223
0.257144,-0.136223
0.257143,-0.136224
0.257143,-0.136224
0.257142,-0.136225
0.257142,-0.136226
0.257141,-0.136227
0.257141,-0.136228
0.25714,-0.136229
0.257139,-0.13623
0.257138,-0.136232
0.257137,-0.136233
0.257137,-0.136234
0.257136,-0.136236
0.257135,-0.136238
0.257134,-0.136239
0.257133,-0.136241
0.257131,-0.136243
0.25713,-0.136245
0.257129,-0.136247
0.257128,-0.136249
0.257126,-0.136251
0.257125,-0.136254
0.257124,-0.136256
0.257122,-0.136259
0.257121,-0.136261
0.257119,-0.136264
0.257117,-0.136267
0.257116,-0.13627
0.257114,-0.136273
0.257112,-0.136276
0.257111,-0.136279
0.257109,-0.136282
0.257107,-0.136285
0.257105,-0.136289
0.257103,-0.136292
0.257101,-0.136296
0.257099,-0.136299
0.257097,-0.136303
0.257095,-0.136307
0.257092,-0.136311
0.25709,-0.136315
0.257088,-0.136319
0.257086,-0.136323
0.257083,-0.136327
0.257081,-0.136332
0.257078,-0.136336
0.257076,-0.136341
0.257073,-0.136345
0.257071,-0.13635
0.257068,-0.136355
0.257065,-0.13636
0.257063,-0.136365
0.25706,-0.13637
0.257057,-0.136375
0.257054,-0.13638
0.257051,-0.136386
0.257048,-0.136391
0.257045,-0.136397
0.257042,-0.136402
0.257039,-0.136408
0.257036,-0.136414
0.257033,-0.13642
0.25703,-0.136426
0.257027,-0.136432
0.257024,-0.136438
0.25702,-0.136444
0.257017,-0.136451
0.257014,-0.136457
0.25701,-0.136464
0.257007,-0.13647
0.257003,-0.136477
0.257,-0.136484
0.256996,-0.136491
0.256992,-0.136498
0.256989,-0.136505
0.256985,-0.136512
0.256981,-0.136519
0.256978,-0.136527
0.256974,-0.136534
0.25697,-0.136542
0.256966,-0.136549
0.256962,-0.136557
0.256958,-0.136565
0.256954,-0.136573
0.25695,-0.136581
0.256946,-0.136589
0.256942,-0.136597
0.256938,-0.136605
0.256933,-0.136614
0.256929,-0.136622
0.256925,-0.136631
0.256921,-0.136639
0.256916,-0.136648
0.256912,-0.136657
0.256907,-0.136666
0.256903,-0.136675
0.256898,-0.136684
0.256894,-0.136693
0.256889,-0.136702
0.256885,-0.136712
0.25688,-0.136721
0.256875,-0.136731
0.256871,-0.136741
0.256866,-0.13675
0.256861,-0.13676
0.256856,-0.13677
0.256851,-0.13678
0.256847,-0.13679
0.256842,-0.136801
0.256837,-0.136811
0.256832,-0.136821
0.256827,-0.136832
0.256822,-0.136842
0.256816,-0.136853
0.256811,-0.136864
0.256806,-0.136875
0.256801,-0.136886
0.256796,-0.136897
0.25679,-0.136908
0.256785,-0.136919
0.25678,-0.136931
0.256774,-0.136942
0.256769,-0.136954
0.256763,-0.136965
0.256758,-0.136977
0.256753,-0.136989
0.256747,-0.137001
0.256741,-0.137013
0.256736,-0.137025
0.25673,-0.137037
0.256724,-0.137049
0.256719,-0.137062
0.256713,-0.137074
0.256707,-0.137087
0.256701,-0.1371
0.256696,-0.137112
0.25669,-0.137125
0.256684,-0.137138
0.256678,-0.137151
0.256672,-0.137164
0.256666,-0.137178
0.25666,-0.137191
0.256654,-0.137204
0.256648,-0.137218
0.256642,-0.137232
0.256636,-0.137245
0.256629,-0.137259
0.256623,-0.137273
0.256617,-0.137287
0.256611,-0.137301
0.256605,-0.137315
