0,0
-2.45974e-06,-4.25887e-06
-9.81792e-06,-1.70168e-05
-2.20737e-05,-3.82992e-05
-3.92128e-05,-6.81075e-05
-6.12239e-05,-0.000106449
-8.80961e-05,-0.000153333
-0.000119818,-0.000208765
-0.000156407,-0.0002728
-0.0001978,-0.000345359
-0.000244009,-0.000426489
-0.000295025,-0.000516198
-0.000350836,-0.000614495
-0.000411431,-0.000721386
-0.000476799,-0.00083688
-0.000546929,-0.000960985
-0.00062181,-0.00109371
-0.000701431,-0.00123506
-0.000785781,-0.00138504
-0.000874849,-0.00154366
-0.000968624,-0.00171094
-0.0010671,-0.00188687
-0.00117025,-0.00207146
-0.00127808,-0.00226473
-0.00139058,-0.00246668
-0.00150773,-0.00267732
-0.00162951,-0.00289666
-0.00175584,-0.00312454
-0.00188688,-0.00336129
-0.00202252,-0.00360676
-0.00216276,-0.00386096
-0.00230759,-0.0041239
-0.002457,-0.00439558
-0.00261096,-0.00467602
-0.00276949,-0.00496522
-0.00293255,-0.00526319
-0.00310015,-0.00556994
-0.00327227,-0.00588547
-0.0034489,-0.0062098
-0.00363003,-0.00654293
-0.00381565,-0.00688488
-0.00400574,-0.00723564
-0.0042003,-0.00759523
-0.00439932,-0.00796366
-0.00460278,-0.00834093
-0.00481068,-0.00872706
-0.00502299,-0.00912205
-0.00523972,-0.0095259
-0.00546086,-0.00993864
-0.00568638,-0.0103603
-0.00591628,-0.0107908
-0.00615055,-0.0112302
-0.00638917,-0.0116785
-0.00663214,-0.0121358
-0.00687945,-0.012602
-0.00713108,-0.0130771
-0.00738703,-0.0135612
-0.00764728,-0.0140542
-0.00791182,-0.0145562
-0.00818064,-0.0150672
-0.00845373,-0.0155871
-0.00873108,-0.0161161
-0.00901268,-0.016654
-0.00929851,-0.017201
-0.00958857,-0.017757
-0.00988285,-0.018322
-0.0101813,-0.018896
-0.010484,-0.0194791
-0.0107909,-0.0200712
-0.0111019,-0.0206724
-0.0114171,-0.0212827
-0.0117364,-0.021902
-0.0120599,-0.0225304
-0.0123875,-0.023168
-0.0127192,-0.0238146
-0.013055,-0.0244704
-0.0133949,-0.0251353
-0.0137389,-0.0258093
-0.014087,-0.0264925
-0.0144391,-0.0271848
-0.0147953,-0.0278863
-0.0151555,-0.0285969
-0.0155198,-0.0293168
-0.015888,-0.0300458
-0.0162603,-0.030784
-0.0166366,-0.0315315
-0.0170168,-0.0322881
-0.0174011,-0.033054
-0.0177892,-0.0338292
-0.0181814,-0.0346136
-0.0185775,-0.0354072
-0.0189775,-0.0362101
-0.0193814,-0.0370223
-0.0197892,-0.0378438
-0.0202009,-0.0386745
-0.0206165,-0.0395146
-0.021036,-0.040364
-0.0214593,-0.0412227
-0.0218865,-0.0420908
-0.0223176,-0.0429682
-0.0227524,-0.0438549
-0.0231911,-0.044751
-0.0236336,-0.0456565
-0.0240798,-0.0465714
-0.0245299,-0.0474957
-0.0249837,-0.0484294
-0.0254413,-0.0493725
-0.0259026,-0.050325
-0.0263677,-0.051287
-0.0268365,-0.0522584
-0.027309,-0.0532392
-0.0277852,-0.0542296
-0.0282651,-0.0552294
-0.0287487,-0.0562386
-0.029236,-0.0572574
-0.0297269,-0.0582857
-0.0302215,-0.0593235
-0.0307197,-0.0603709
-0.0312215,-0.0614278
-0.0317269,-0.0624942
-0.032236,-0.0635702
-0.0327486,-0.0646557
-0.0332648,-0.0657509
-0.0337846,-0.0668556
-0.0343079,-0.0679699
-0.0348348,-0.0690939
-0.0353652,-0.0702274
-0.0358991,-0.0713706
-0.0364365,-0.0725235
-0.0369775,-0.073686
-0.0375219,-0.0748582
-0.0380698,-0.07604
-0.0386211,-0.0772315
-0.0391759,-0.0784328
-0.0397342,-0.0796437
-0.0402958,-0.0808644
-0.0408609,-0.0820948
-0.0414294,-0.0833349
-0.0420013,-0.0845848
-0.0425766,-0.0858444
-0.0431552,-0.0871139
-0.0437372,-0.0883931
-0.0443226,-0.0896821
-0.0449112,-0.0909809
-0.0455032,-0.0922896
-0.0460985,-0.0936081
-0.0466971,-0.0949364
-0.047299,-0.0962746
-0.0479042,-0.0976226
-0.0485126,-0.0989806
-0.0491243,-0.100348
-0.0497392,-0.101726
-0.0503573,-0.103114
-0.0509787,-0.104511
-0.0516032,-0.105919
-0.052231,-0.107336
-0.0528619,-0.108764
-0.053496,-0.110201
-0.0541333,-0.111648
-0.0547736,-0.113106
-0.0554172,-0.114573
-0.0560638,-0.11605
-0.0567135,-0.117538
-0.0573664,-0.119035
-0.0580223,-0.120543
-0.0586813,-0.12206
-0.0593433,-0.123588
-0.0600084,-0.125126
-0.0606765,-0.126674
-0.0613476,-0.128232
-0.0620217,-0.1298
-0.0626989,-0.131378
-0.063379,-0.132966
-0.0640621,-0.134565
-0.0647481,-0.136174
-0.0654371,-0.137792
-0.066129,-0.139422
-0.0668238,-0.141061
-0.0675215,-0.142711
-0.0682222,-0.14437
-0.0689257,-0.14604
-0.069632,-0.147721
-0.0703413,-0.149411
-0.0710533,-0.151112
-0.0717682,-0.152823
-0.072486,-0.154545
-0.0732065,-0.156277
-0.0739298,-0.158019
-0.0746559,-0.159771
-0.0753847,-0.161534
-0.0761163,-0.163308
-0.0768507,-0.165091
-0.0775878,-0.166885
-0.0783275,-0.16869
-0.07907,-0.170505
-0.0798152,-0.17233
-0.080563,-0.174166
-0.0813135,-0.176013
-0.0820667,-0.177869
-0.0828224,-0.179737
-0.0835808,-0.181615
-0.0843424,-0.183504
-0.085106,-0.185403
-0.0858722,-0.187313
-0.0866409,-0.189233
-0.0874122,-0.191163
-0.088186,-0.193105
-0.0889624,-0.195056
-0.0897413,-0.197019
-0.0905226,-0.198992
-0.0913065,-0.200976
-0.0920928,-0.20297
-0.0928816,-0.204975
-0.0936728,-0.206991
-0.0944665,-0.209018
-0.0952626,-0.211055
-0.096061,-0.213103
-0.0968619,-0.215162
-0.0976651,-0.217231
-0.0984707,-0.219311
-0.0992786,-0.221402
-0.100089,-0.223504
-0.100901,-0.225617
-0.101716,-0.22774
-0.102534,-0.229875
-0.103353,-0.23202
-0.104175,-0.234176
-0.104999,-0.236343
-0.105825,-0.238521
-0.106653,-0.24071
-0.107484,-0.24291
-0.108317,-0.245121
-0.109152,-0.247343
-0.109989,-0.249575
-0.110828,-0.251819
-0.111669,-0.254074
-0.112513,-0.25634
-0.113358,-0.258617
-0.114206,-0.260904
-0.115056,-0.263203
-0.115908,-0.265514
-0.116762,-0.267835
-0.117617,-0.270167
-0.118475,-0.272511
-0.119335,-0.274865
-0.120197,-0.277231
-0.121061,-0.279608
-0.121927,-0.281996
-0.122794,-0.284396
-0.123664,-0.286806
-0.124535,-0.289228
-0.125409,-0.291661
-0.126284,-0.294106
-0.127161,-0.296562
-0.12804,-0.299029
-0.128921,-0.301507
-0.129803,-0.303997
-0.130688,-0.306498
-0.131574,-0.30901
-0.132462,-0.311534
-0.133351,-0.31407
-0.134243,-0.316616
-0.135136,-0.319175
-0.136031,-0.321744
-0.136927,-0.324325
-0.137825,-0.326918
-0.138725,-0.329522
-0.139626,-0.332138
-0.140529,-0.334765
-0.141434,-0.337404
-0.14234,-0.340054
-0.143248,-0.342716
-0.144157,-0.34539
-0.145068,-0.348075
-0.14598,-0.350772
-0.146894,-0.353481
-0.147809,-0.356201
-0.148726,-0.358933
-0.149644,-0.361677
-0.150564,-0.364432
-0.151485,-0.367199
-0.152407,-0.369978
-0.153331,-0.372769
-0.154256,-0.375572
-0.155182,-0.378386
-0.15611,-0.381212
-0.157039,-0.38405
-0.15797,-0.3869
-0.158901,-0.389762
-0.159834,-0.392636
-0.160768,-0.395522
-0.161703,-0.39842
-0.16264,-0.401329
-0.163578,-0.404251
-0.164516,-0.407185
-0.165456,-0.41013
-0.166397,-0.413088
-0.16734,-0.416058
-0.168283,-0.41904
-0.169227,-0.422034
-0.170173,-0.42504
-0.171119,-0.428059
-0.172066,-0.431089
-0.173015,-0.434132
-0.173964,-0.437187
-0.174914,-0.440254
-0.175866,-0.443333
-0.176818,-0.446425
-0.177771,-0.449528
-0.178725,-0.452645
-0.179679,-0.455773
-0.180635,-0.458914
-0.181591,-0.462067
-0.182549,-0.465233
-0.183507,-0.468411
-0.184465,-0.471601
-0.185425,-0.474804
-0.186385,-0.478019
-0.187346,-0.481247
-0.188307,-0.484487
-0.189269,-0.48774
-0.190232,-0.491005
-0.191196,-0.494283
-0.192159,-0.497574
-0.193124,-0.500877
-0.194089,-0.504192
-0.195055,-0.507521
-0.196021,-0.510862
-0.196987,-0.514215
-0.197954,-0.517582
-0.198922,-0.520961
-0.19989,-0.524353
-0.200858,-0.527757
-0.201827,-0.531175
-0.202796,-0.534605
-0.203765,-0.538048
-0.204735,-0.541504
-0.205704,-0.544973
-0.206675,-0.548455
-0.207645,-0.551949
-0.208616,-0.555457
-0.209586,-0.558977
-0.210557,-0.562511
-0.211528,-0.566057
-0.2125,-0.569617
-0.213471,-0.573189
-0.214442,-0.576775
-0.215414,-0.580374
-0.216385,-0.583986
-0.217357,-0.587611
-0.218328,-0.591249
-0.2193,-0.594901
-0.220271,-0.598565
-0.221242,-0.602243
-0.222213,-0.605934
-0.223184,-0.609638
-0.224155,-0.613356
-0.225126,-0.617087
-0.226096,-0.620832
-0.227066,-0.624589
-0.228036,-0.62836
-0.229006,-0.632145
-0.229975,-0.635943
-0.230944,-0.639754
-0.231913,-0.643579
-0.232881,-0.647418
-0.233849,-0.65127
-0.234816,-0.655135
-0.235783,-0.659015
-0.236749,-0.662907
-0.237715,-0.666814
-0.23868,-0.670734
-0.239645,-0.674668
-0.240609,-0.678615
-0.241573,-0.682576
-0.242535,-0.686551
-0.243497,-0.69054
-0.244459,-0.694543
-0.245419,-0.698559
-0.246379,-0.702589
-0.247338,-0.706633
-0.248296,-0.710691
-0.249254,-0.714763
-0.25021,-0.718849
-0.251166,-0.722949
-0.25212,-0.727063
-0.253074,-0.731191
-0.254027,-0.735333
-0.254978,-0.739489
-0.255929,-0.74366
-0.256878,-0.747844
-0.257827,-0.752043
-0.258774,-0.756255
-0.25972,-0.760482
-0.260665,-0.764724
-0.261608,-0.768979
-0.26255,-0.773249
-0.263491,-0.777533
-0.264431,-0.781831
-0.265369,-0.786144
-0.266306,-0.790472
-0.267241,-0.794813
-0.268175,-0.799169
-0.269108,-0.80354
-0.270039,-0.807925
-0.270968,-0.812325
-0.271896,-0.816739
-0.272822,-0.821168
-0.273746,-0.825612
-0.274669,-0.83007
-0.27559,-0.834543
-0.276509,-0.83903
-0.277427,-0.843533
-0.278342,-0.84805
-0.279256,-0.852582
-0.280168,-0.857128
-0.281078,-0.86169
-0.281986,-0.866266
-0.282892,-0.870858
-0.283796,-0.875464
-0.284698,-0.880085
-0.285598,-0.884721
-0.286495,-0.889373
-0.287391,-0.894039
-0.288284,-0.898721
-0.289175,-0.903417
-0.290063,-0.908129
-0.29095,-0.912856
-0.291834,-0.917598
-0.292715,-0.922355
-0.293594,-0.927128
-0.294471,-0.931916
-0.295345,-0.936719
-0.296216,-0.941537
-0.297085,-0.946371
-0.297952,-0.951221
-0.298815,-0.956086
-0.299676,-0.960966
-0.300534,-0.965862
-0.301389,-0.970773
-0.302242,-0.9757
-0.303091,-0.980643
-0.303938,-0.985601
-0.304782,-0.990575
-0.305622,-0.995564
-0.30646,-1.00057
-0.307295,-1.00559
-0.308126,-1.01063
-0.308954,-1.01568
-0.309779,-1.02075
-0.310601,-1.02583
-0.311419,-1.03093
-0.312234,-1.03605
-0.313046,-1.04118
-0.313854,-1.04633
-0.314659,-1.05149
-0.31546,-1.05667
-0.316258,-1.06187
-0.317052,-1.06708
-0.317842,-1.07231
-0.318629,-1.07756
-0.319412,-1.08282
-0.320191,-1.0881
-0.320966,-1.09339
-0.321737,-1.0987
-0.322504,-1.10403
-0.323268,-1.10937
-0.324027,-1.11473
-0.324782,-1.12011
-0.325533,-1.1255
-0.32628,-1.13091
-0.327022,-1.13633
-0.32776,-1.14178
-0.328494,-1.14724
-0.329224,-1.15271
-0.329949,-1.1582
-0.330669,-1.16371
-0.331385,-1.16924
-0.332096,-1.17478
-0.332803,-1.18034
-0.333505,-1.18592
-0.334202,-1.19151
-0.334894,-1.19712
-0.335581,-1.20275
-0.336264,-1.20839
-0.336941,-1.21406
-0.337614,-1.21973
-0.338281,-1.22543
-0.338943,-1.23114
-0.3396,-1.23687
-0.340251,-1.24262
-0.340897,-1.24839
-0.341538,-1.25417
-0.342174,-1.25997
-0.342803,-1.26579
-0.343428,-1.27162
-0.344046,-1.27747
-0.344659,-1.28334
-0.345266,-1.28923
-0.345867,-1.29513
-0.346462,-1.30105
-0.347052,-1.30699
-0.347635,-1.31295
-0.348213,-1.31892
-0.348784,-1.32492
-0.349349,-1.33093
-0.349907,-1.33696
-0.35046,-1.343
-0.351006,-1.34907
-0.351545,-1.35515
-0.352078,-1.36125
-0.352604,-1.36737
-0.353124,-1.37351
-0.353636,-1.37966
-0.354142,-1.38584
-0.354642,-1.39203
-0.355134,-1.39824
-0.355619,-1.40446
-0.356097,-1.41071
-0.356568,-1.41698
-0.357031,-1.42326
-0.357487,-1.42956
-0.357936,-1.43588
-0.358378,-1.44222
-0.358811,-1.44857
-0.359238,-1.45495
-0.359656,-1.46134
-0.360067,-1.46776
-0.36047,-1.47419
-0.360864,-1.48064
-0.361251,-1.48711
-0.36163,-1.4936
-0.362001,-1.5001
-0.362363,-1.50663
-0.362717,-1.51317
-0.363062,-1.51974
-0.363399,-1.52632
-0.363728,-1.53292
-0.364047,-1.53954
-0.364358,-1.54618
-0.364661,-1.55284
-0.364954,-1.55952
-0.365238,-1.56622
-0.365513,-1.57293
-0.365779,-1.57967
-0.366035,-1.58643
-0.366283,-1.5932
-0.36652,-1.6
-0.366748,-1.60681
-0.366967,-1.61364
-0.367175,-1.6205
-0.367374,-1.62737
-0.367563,-1.63426
-0.367742,-1.64118
-0.367911,-1.64811
-0.368069,-1.65506
-0.368217,-1.66203
-0.368355,-1.66902
-0.368482,-1.67604
-0.368599,-1.68307
-0.368705,-1.69012
-0.3688,-1.69719
-0.368884,-1.70428
-0.368957,-1.71139
-0.369019,-1.71853
-0.369069,-1.72568
-0.369108,-1.73285
-0.369136,-1.74004
-0.369152,-1.74726
-0.369157,-1.75449
-0.369149,-1.76174
-0.36913,-1.76902
-0.369099,-1.77631
-0.369055,-1.78363
-0.368999,-1.79096
-0.368931,-1.79832
-0.368851,-1.8057
-0.368757,-1.81309
-0.368651,-1.82051
-0.368533,-1.82795
-0.368401,-1.83541
-0.368256,-1.84289
-0.368098,-1.8504
-0.367926,-1.85792
-0.367741,-1.86546
-0.367543,-1.87303
-0.36733,-1.88061
-0.367104,-1.88822
-0.366864,-1.89585
-0.36661,-1.9035
-0.366341,-1.91117
-0.366058,-1.91886
-0.365761,-1.92657
-0.365449,-1.9343
-0.365122,-1.94206
-0.36478,-1.94984
-0.364423,-1.95763
-0.364051,-1.96545
-0.363663,-1.97329
-0.36326,-1.98116
-0.362841,-1.98904
-0.362407,-1.99695
-0.361956,-2.00487
-0.36149,-2.01282
-0.361007,-2.02079
-0.360508,-2.02878
-0.359992,-2.0368
-0.35946,-2.04483
-0.35891,-2.05289
-0.358344,-2.06097
-0.35776,-2.06907
-0.357159,-2.07719
-0.356541,-2.08534
-0.355905,-2.09351
-0.355251,-2.1017
-0.354579,-2.10991
-0.353889,-2.11814
-0.35318,-2.12639
-0.352453,-2.13467
-0.351707,-2.14297
-0.350943,-2.15129
-0.350159,-2.15964
-0.349356,-2.168
-0.348534,-2.17639
-0.347692,-2.1848
-0.34683,-2.19323
-0.345949,-2.20169
-0.345047,-2.21016
-0.344125,-2.21866
-0.343182,-2.22719
-0.342219,-2.23573
-0.341235,-2.2443
-0.340229,-2.25289
-0.339203,-2.2615
-0.338155,-2.27013
-0.337085,-2.27879
-0.335993,-2.28747
-0.334879,-2.29617
-0.333743,-2.30489
-0.332584,-2.31364
-0.331403,-2.32241
-0.330198,-2.3312
-0.328971,-2.34001
-0.32772,-2.34885
-0.326445,-2.35771
-0.325147,-2.36659
-0.323824,-2.3755
-0.322478,-2.38442
-0.321106,-2.39337
-0.31971,-2.40235
-0.31829,-2.41134
-0.316843,-2.42036
-0.315372,-2.4294
-0.313875,-2.43846
-0.312351,-2.44755
-0.310802,-2.45665
-0.309226,-2.46578
-0.307624,-2.47494
-0.305995,-2.48411
-0.304338,-2.49331
-0.302655,-2.50253
-0.300943,-2.51177
-0.299204,-2.52104
-0.297436,-2.53033
-0.29564,-2.53964
-0.293815,-2.54897
-0.291962,-2.55833
-0.290079,-2.5677
-0.288166,-2.5771
-0.286224,-2.58653
-0.284252,-2.59597
-0.282249,-2.60544
-0.280216,-2.61492
-0.278151,-2.62444
-0.276056,-2.63397
-0.273929,-2.64352
-0.27177,-2.6531
-0.269579,-2.6627
-0.267356,-2.67232
-0.2651,-2.68196
-0.262811,-2.69163
-0.260489,-2.70132
-0.258133,-2.71102
-0.255743,-2.72075
-0.253319,-2.73051
-0.250861,-2.74028
-0.248367,-2.75007
-0.245839,-2.75989
-0.243274,-2.76973
-0.240674,-2.77958
-0.238038,-2.78946
-0.235365,-2.79936
-0.232656,-2.80928
-0.229909,-2.81923
-0.227125,-2.82919
-0.224303,-2.83917
-0.221442,-2.84918
-0.218543,-2.8592
-0.215606,-2.86924
-0.212629,-2.87931
-0.209612,-2.88939
-0.206555,-2.8995
-0.203458,-2.90962
-0.20032,-2.91977
-0.197141,-2.92993
-0.193921,-2.94011
-0.190659,-2.95031
-0.187354,-2.96054
-0.184008,-2.97078
-0.180618,-2.98103
-0.177184,-2.99131
-0.173707,-3.00161
-0.170186,-3.01192
-0.166621,-3.02225
-0.16301,-3.0326
-0.159354,-3.04297
-0.155653,-3.05336
-0.151905,-3.06376
-0.148111,-3.07418
-0.14427,-3.08461
-0.140382,-3.09507
-0.136446,-3.10554
-0.132462,-3.11602
-0.128429,-3.12652
-0.124348,-3.13704
-0.120217,-3.14757
-0.116036,-3.15812
-0.111805,-3.16868
-0.107523,-3.17926
-0.10319,-3.18985
-0.0988063,-3.20046
-0.0943702,-3.21108
-0.0898818,-3.22171
-0.0853406,-3.23235
-0.0807463,-3.24301
-0.0760983,-3.25368
-0.0713963,-3.26437
-0.0666397,-3.27506
-0.0618283,-3.28577
-0.0569615,-3.29649
-0.0520389,-3.30721
-0.0470601,-3.31795
-0.0420246,-3.3287
-0.036932,-3.33946
-0.0317819,-3.35023
-0.0265738,-3.361
-0.0213073,-3.37179
-0.0159819,-3.38258
-0.0105973,-3.39338
-0.00515297,-3.40419
0.0003515,-3.415
0.00591654,-3.42582
0.0115426,-3.43664
0.0172301,-3.44747
0.0229794,-3.45831
0.028791,-3.46915
0.0346653,-3.47999
0.0406028,-3.49084
0.0466038,-3.50169
0.0526687,-3.51254
0.0587981,-3.52339
0.0649922,-3.53424
0.0712514,-3.54509
0.0775763,-3.55595
0.0839672,-3.5668
0.0904244,-3.57765
0.0969484,-3.5885
0.10354,-3.59934
0.110198,-3.61019
0.116925,-3.62102
0.12372,-3.63186
0.130583,-3.64268
0.137515,-3.65351
0.144517,-3.66432
0.151589,-3.67513
0.15873,-3.68593
0.165942,-3.69672
0.173224,-3.7075
0.180577,-3.71827
0.188002,-3.72903
0.195498,-3.73978
0.203066,-3.75051
0.210706,-3.76123
0.218419,-3.77194
0.226204,-3.78263
0.234062,-3.7933
0.241993,-3.80396
0.249997,-3.8146
0.258075,-3.82522
0.266226,-3.83582
0.274452,-3.8464
0.282751,-3.85696
0.291125,-3.8675
0.299573,-3.87802
0.308096,-3.88851
0.316693,-3.89897
0.325364,-3.90941
0.334111,-3.91982
0.342932,-3.93021
0.351829,-3.94056
0.3608,-3.95089
0.369846,-3.96119
0.378967,-3.97145
0.388163,-3.98168
0.397434,-3.99188
0.406779,-4.00204
0.416199,-4.01217
0.425694,-4.02226
0.435264,-4.03231
0.444908,-4.04232
0.454626,-4.0523
0.464418,-4.06223
0.474284,-4.07212
0.484224,-4.08197
0.494237,-4.09177
0.504324,-4.10153
0.514483,-4.11124
0.524715,-4.12091
0.535019,-4.13053
0.545395,-4.14009
0.555843,-4.14961
0.566362,-4.15908
0.576951,-4.16849
0.587612,-4.17785
0.598342,-4.18716
0.609141,-4.19641
0.620009,-4.20561
0.630946,-4.21475
0.641951,-4.22383
0.653023,-4.23285
0.664162,-4.24181
0.675367,-4.25071
0.686637,-4.25955
0.697973,-4.26832
0.709372,-4.27703
0.720835,-4.28568
0.732361,-4.29426
0.743949,-4.30277
0.755599,-4.31122
0.767308,-4.31959
0.779078,-4.3279
0.790907,-4.33614
0.802793,-4.3443
0.814737,-4.3524
0.826738,-4.36042
0.838793,-4.36837
0.850904,-4.37624
0.863068,-4.38404
0.875285,-4.39176
0.887554,-4.39941
0.899874,-4.40698
0.912243,-4.41448
0.924662,-4.42189
0.937128,-4.42923
0.949642,-4.43648
0.962201,-4.44366
0.974805,-4.45076
0.987452,-4.45777
1.00014,-4.4647
1.01287,-4.47155
1.02565,-4.47832
1.03846,-4.48501
1.05131,-4.49161
1.0642,-4.49813
1.07712,-4.50457
1.09008,-4.51092
1.10307,-4.51718
1.1161,-4.52336
1.12915,-4.52946
1.14224,-4.53547
1.15536,-4.54139
1.1685,-4.54723
1.18168,-4.55298
1.19488,-4.55865
1.2081,-4.56423
1.22135,-4.56972
1.23462,-4.57512
1.24791,-4.58044
1.26122,-4.58568
1.27455,-4.59082
1.2879,-4.59588
1.30126,-4.60086
1.31465,-4.60574
1.32804,-4.61054
1.34145,-4.61526
1.35488,-4.61989
1.36831,-4.62443
1.38176,-4.62889
1.39521,-4.63326
1.40867,-4.63754
1.42215,-4.64174
1.43562,-4.64586
1.4491,-4.64989
1.46259,-4.65383
1.47608,-4.65769
1.48957,-4.66147
1.50306,-4.66517
1.51656,-4.66878
1.53005,-4.67231
1.54354,-4.67575
1.55703,-4.67912
1.57052,-4.6824
1.584,-4.6856
1.59748,-4.68872
1.61095,-4.69176
1.62441,-4.69472
1.63787,-4.6976
1.65131,-4.7004
1.66475,-4.70313
1.67818,-4.70577
1.69159,-4.70834
1.705,-4.71083
1.71839,-4.71324
1.73177,-4.71558
1.74514,-4.71785
1.75849,-4.72004
1.77182,-4.72215
1.78514,-4.72419
1.79844,-4.72616
1.81173,-4.72805
1.825,-4.72988
1.83824,-4.73163
1.85147,-4.73331
1.86468,-4.73492
1.87787,-4.73646
1.89104,-4.73794
1.90418,-4.73934
1.91731,-4.74068
1.93041,-4.74195
1.94348,-4.74315
1.95654,-4.74429
1.96957,-4.74536
1.98257,-4.74637
1.99555,-4.74731
2.00851,-4.74819
2.02144,-4.74901
2.03434,-4.74976
2.04721,-4.75046
2.06006,-4.75109
2.07288,-4.75166
2.08567,-4.75217
2.09844,-4.75263
2.11117,-4.75302
2.12388,-4.75336
2.13655,-4.75364
2.1492,-4.75387
2.16182,-4.75403
2.1744,-4.75415
2.18696,-4.7542
2.19948,-4.75421
2.21197,-4.75416
2.22444,-4.75405
2.23687,-4.7539
2.24926,-4.75369
2.26163,-4.75343
2.27396,-4.75312
2.28626,-4.75277
2.29853,-4.75236
2.31076,-4.7519
2.32297,-4.7514
2.33513,-4.75084
2.34727,-4.75024
2.35937,-4.7496
2.37144,-4.7489
2.38347,-4.74817
2.39547,-4.74738
2.40743,-4.74656
2.41936,-4.74569
2.43126,-4.74477
2.44312,-4.74381
2.45495,-4.74282
2.46674,-4.74178
2.47849,-4.74069
2.49021,-4.73957
2.5019,-4.73841
2.51355,-4.73721
2.52517,-4.73596
2.53675,-4.73468
2.54829,-4.73337
2.5598,-4.73201
2.57128,-4.73062
2.58272,-4.72919
2.59412,-4.72772
2.60549,-4.72622
2.61682,-4.72469
2.62811,-4.72311
2.63938,-4.72151
2.6506,-4.71987
2.66179,-4.7182
2.67294,-4.71649
2.68406,-4.71475
2.69514,-4.71298
2.70619,-4.71118
2.7172,-4.70935
2.72818,-4.70748
2.73912,-4.70559
2.75002,-4.70366
2.76089,-4.70171
2.77172,-4.69972
2.78252,-4.69771
2.79328,-4.69567
2.80401,-4.6936
2.8147,-4.69151
2.82536,-4.68938
2.83598,-4.68723
2.84656,-4.68505
2.85711,-4.68285
2.86763,-4.68062
2.87811,-4.67837
2.88855,-4.67609
2.89896,-4.67379
2.90934,-4.67146
2.91968,-4.66911
2.92998,-4.66673
2.94026,-4.66433
2.95049,-4.66191
2.96069,-4.65946
2.97086,-4.657
2.98099,-4.65451
2.99109,-4.652
3.00115,-4.64947
3.01118,-4.64691
3.02118,-4.64434
3.03114,-4.64175
3.04106,-4.63913
3.05096,-4.6365
3.06082,-4.63384
3.07064,-4.63117
3.08043,-4.62848
3.09019,-4.62577
3.09992,-4.62304
3.10961,-4.62029
3.11926,-4.61753
3.12889,-4.61475
3.13848,-4.61195
3.14804,-4.60913
3.15756,-4.6063
3.16706,-4.60345
3.17652,-4.60058
3.18594,-4.5977
3.19534,-4.5948
3.2047,-4.59189
3.21403,-4.58896
3.22333,-4.58601
3.23259,-4.58305
3.24182,-4.58008
3.25103,-4.57709
3.26019,-4.57409
3.26933,-4.57108
3.27844,-4.56805
3.28751,-4.56501
3.29655,-4.56195
3.30557,-4.55888
3.31454,-4.5558
3.32349,-4.5527
3.33241,-4.5496
3.3413,-4.54648
3.35015,-4.54335
3.35898,-4.54021
3.36777,-4.53705
3.37654,-4.53389
3.38527,-4.53071
3.39397,-4.52752
3.40264,-4.52433
3.41129,-4.52112
3.4199,-4.5179
3.42848,-4.51467
3.43703,-4.51143
3.44555,-4.50818
3.45405,-4.50492
3.46251,-4.50165
3.47094,-4.49837
3.47935,-4.49509
3.48772,-4.49179
3.49607,-4.48848
3.50439,-4.48517
3.51267,-4.48185
3.52093,-4.47852
3.52916,-4.47518
3.53736,-4.47183
3.54554,-4.46848
3.55368,-4.46512
3.5618,-4.46175
3.56989,-4.45837
3.57795,-4.45498
3.58598,-4.45159
3.59398,-4.44819
3.60196,-4.44479
3.60991,-4.44137
3.61783,-4.43795
3.62572,-4.43453
3.63358,-4.4311
3.64142,-4.42766
3.64923,-4.42422
3.65702,-4.42077
3.66477,-4.41731
3.6725,-4.41385
3.68021,-4.41038
3.68788,-4.40691
3.69553,-4.40343
3.70316,-4.39995
3.71075,-4.39646
3.71832,-4.39297
3.72586,-4.38947
3.73338,-4.38597
3.74087,-4.38246
3.74834,-4.37895
3.75578,-4.37544
3.76319,-4.37192
3.77058,-4.36839
3.77794,-4.36487
3.78528,-4.36133
3.79259,-4.3578
3.79988,-4.35426
3.80714,-4.35072
3.81437,-4.34717
3.82158,-4.34362
3.82877,-4.34007
3.83593,-4.33651
3.84306,-4.33295
3.85018,-4.32939
3.85726,-4.32583
3.86432,-4.32226
3.87136,-4.31869
3.87837,-4.31512
3.88536,-4.31154
3.89233,-4.30796
3.89927,-4.30438
3.90618,-4.3008
3.91308,-4.29722
3.91994,-4.29363
3.92679,-4.29004
3.93361,-4.28645
3.94041,-4.28286
3.94718,-4.27927
3.95393,-4.27567
3.96066,-4.27207
3.96736,-4.26848
3.97405,-4.26488
3.9807,-4.26127
3.98734,-4.25767
3.99395,-4.25407
4.00054,-4.25046
4.00711,-4.24686
4.01365,-4.24325
4.02017,-4.23964
4.02667,-4.23604
4.03315,-4.23243
4.0396,-4.22882
4.04603,-4.22521
4.05244,-4.2216
4.05883,-4.21799
4.06519,-4.21438
4.07154,-4.21076
4.07786,-4.20715
4.08416,-4.20354
4.09044,-4.19993
4.09669,-4.19632
4.10293,-4.1927
4.10914,-4.18909
4.11533,-4.18548
4.1215,-4.18187
4.12765,-4.17826
4.13378,-4.17465
4.13989,-4.17104
4.14597,-4.16743
4.15204,-4.16382
4.15808,-4.16021
4.1641,-4.1566
4.1701,-4.15299
4.17609,-4.14939
4.18205,-4.14578
4.18799,-4.14218
4.19391,-4.13857
4.19981,-4.13497
4.20569,-4.13137
4.21155,-4.12777
4.21738,-4.12417
4.2232,-4.12057
4.229,-4.11697
4.23478,-4.11338
4.24054,-4.10978
4.24628,-4.10619
4.252,-4.1026
4.2577,-4.09901
4.26338,-4.09542
4.26904,-4.09183
4.27468,-4.08825
4.2803,-4.08466
4.2859,-4.08108
4.29148,-4.0775
4.29705,-4.07392
4.30259,-4.07034
4.30812,-4.06677
4.31362,-4.0632
4.31911,-4.05963
4.32458,-4.05606
4.33003,-4.05249
4.33546,-4.04893
4.34087,-4.04537
4.34626,-4.04181
4.35163,-4.03825
4.35699,-4.03469
4.36233,-4.03114
4.36765,-4.02759
4.37295,-4.02404
4.37823,-4.0205
4.38349,-4.01696
4.38874,-4.01341
4.39397,-4.00988
4.39918,-4.00634
4.40437,-4.00281
4.40954,-3.99928
4.4147,-3.99575
4.41983,-3.99223
4.42495,-3.98871
4.43006,-3.98519
4.43514,-3.98167
4.44021,-3.97816
4.44526,-3.97465
4.45029,-3.97114
4.4553,-3.96764
4.4603,-3.96414
4.46528,-3.96064
4.47024,-3.95715
4.47519,-3.95366
4.48012,-3.95017
4.48503,-3.94668
4.48992,-3.9432
4.4948,-3.93972
4.49966,-3.93625
4.5045,-3.93278
4.50933,-3.92931
4.51414,-3.92584
4.51893,-3.92238
4.52371,-3.91892
4.52847,-3.91547
4.53321,-3.91202
4.53794,-3.90857
4.54265,-3.90513
4.54734,-3.90169
4.55202,-3.89825
4.55668,-3.89482
4.56133,-3.89139
4.56596,-3.88796
4.57057,-3.88454
4.57516,-3.88112
4.57974,-3.87771
4.58431,-3.8743
4.58886,-3.87089
4.59339,-3.86749
4.59791,-3.86409
4.60241,-3.8607
4.60689,-3.85731
4.61136,-3.85392
4.61581,-3.85054
4.62025,-3.84716
4.62468,-3.84378
4.62908,-3.84041
4.63347,-3.83705
4.63785,-3.83369
4.64221,-3.83033
4.64656,-3.82697
4.65089,-3.82363
4.6552,-3.82028
4.6595,-3.81694
4.66378,-3.8136
4.66805,-3.81027
4.67231,-3.80694
4.67655,-3.80362
4.68077,-3.8003
4.68498,-3.79698
4.68917,-3.79367
4.69335,-3.79037
4.69752,-3.78707
4.70167,-3.78377
4.7058,-3.78048
4.70992,-3.77719
4.71403,-3.77391
4.71812,-3.77063
4.7222,-3.76735
4.72626,-3.76408
4.73031,-3.76082
4.73434,-3.75756
4.73836,-3.7543
4.74237,-3.75105
4.74636,-3.7478
4.75033,-3.74456
4.7543,-3.74133
4.75824,-3.73809
4.76218,-3.73487
4.7661,-3.73164
4.77,-3.72843
4.77389,-3.72521
4.77777,-3.72201
4.78164,-3.7188
4.78549,-3.7156
4.78932,-3.71241
4.79314,-3.70922
4.79695,-3.70604
4.80075,-3.70286
4.80453,-3.69969
4.8083,-3.69652
4.81205,-3.69335
4.81579,-3.6902
4.81952,-3.68704
4.82323,-3.68389
4.82693,-3.68075
4.83062,-3.67761
4.83429,-3.67448
4.83795,-3.67135
4.84159,-3.66823
4.84523,-3.66511
4.84885,-3.662
4.85245,-3.65889
4.85605,-3.65579
4.85963,-3.65269
4.8632,-3.6496
4.86675,-3.64651
4.87029,-3.64343
4.87382,-3.64036
4.87733,-3.63729
4.88084,-3.63422
4.88433,-3.63116
4.8878,-3.62811
4.89127,-3.62506
4.89472,-3.62201
4.89816,-3.61898
4.90158,-3.61594
4.90499,-3.61292
4.90839,-3.60989
4.91178,-3.60688
4.91516,-3.60387
4.91852,-3.60086
4.92187,-3.59786
4.92521,-3.59486
4.92853,-3.59188
4.93185,-3.58889
4.93515,-3.58591
4.93844,-3.58294
4.94171,-3.57997
4.94498,-3.57701
4.94823,-3.57406
4.95147,-3.5711
4.95469,-3.56816
4.95791,-3.56522
4.96111,-3.56229
4.9643,-3.55936
4.96748,-3.55644
4.97065,-3.55352
4.9738,-3.55061
4.97694,-3.5477
4.98008,-3.5448
4.98319,-3.54191
4.9863,-3.53902
4.9894,-3.53614
4.99248,-3.53326
4.99555,-3.53039
4.99861,-3.52753
5.00166,-3.52467
5.0047,-3.52181
5.00772,-3.51897
5.01074,-3.51613
5.01374,-3.51329
5.01673,-3.51046
5.01971,-3.50763
5.02267,-3.50482
5.02563,-3.502
5.02857,-3.4992
5.03151,-3.4964
5.03443,-3.4936
5.03734,-3.49081
5.04024,-3.48803
5.04313,-3.48525
5.046,-3.48248
5.04887,-3.47972
5.05172,-3.47696
5.05457,-3.4742
5.0574,-3.47146
5.06022,-3.46871
5.06303,-3.46598
5.06583,-3.46325
5.06861,-3.46053
5.07139,-3.45781
5.07415,-3.4551
5.07691,-3.45239
5.07965,-3.44969
5.08239,-3.447
5.08511,-3.44431
5.08782,-3.44163
5.09052,-3.43896
5.09321,-3.43629
5.09589,-3.43363
5.09855,-3.43097
5.10121,-3.42832
5.10386,-3.42568
5.10649,-3.42304
5.10912,-3.42041
5.11173,-3.41778
5.11434,-3.41516
5.11693,-3.41255
5.11951,-3.40994
5.12209,-3.40734
5.12465,-3.40475
5.1272,-3.40216
5.12974,-3.39958
5.13227,-3.397
5.13479,-3.39443
5.1373,-3.39187
5.1398,-3.38931
5.14229,-3.38676
5.14477,-3.38422
5.14724,-3.38168
5.1497,-3.37915
5.15215,-3.37662
5.15458,-3.3741
5.15701,-3.37159
5.15943,-3.36908
5.16184,-3.36658
5.16424,-3.36409
5.16662,-3.3616
5.169,-3.35912
5.17137,-3.35665
5.17373,-3.35418
5.17607,-3.35172
5.17841,-3.34926
5.18074,-3.34681
5.18306,-3.34437
5.18537,-3.34193
5.18766,-3.3395
5.18995,-3.33708
5.19223,-3.33466
5.1945,-3.33225
5.19676,-3.32985
5.19901,-3.32745
5.20125,-3.32506
5.20348,-3.32268
5.2057,-3.3203
5.20791,-3.31793
5.21011,-3.31556
5.2123,-3.3132
5.21448,-3.31085
5.21666,-3.30851
5.21882,-3.30617
5.22097,-3.30384
5.22312,-3.30151
5.22525,-3.29919
5.22738,-3.29688
5.22949,-3.29457
5.2316,-3.29227
5.23369,-3.28998
5.23578,-3.28769
5.23786,-3.28541
5.23993,-3.28314
5.24199,-3.28088
5.24404,-3.27862
5.24608,-3.27636
5.24811,-3.27412
5.25013,-3.27188
5.25215,-3.26964
5.25415,-3.26742
5.25615,-3.2652
5.25813,-3.26298
5.26011,-3.26078
5.26208,-3.25858
5.26403,-3.25638
5.26598,-3.2542
5.26792,-3.25202
5.26986,-3.24985
5.27178,-3.24768
5.27369,-3.24552
5.2756,-3.24337
5.27749,-3.24122
5.27938,-3.23908
5.28126,-3.23695
5.28313,-3.23482
5.28499,-3.2327
5.28684,-3.23059
5.28868,-3.22849
5.29051,-3.22639
5.29234,-3.2243
5.29416,-3.22221
5.29596,-3.22013
5.29776,-3.21806
5.29955,-3.216
5.30133,-3.21394
5.30311,-3.21189
5.30487,-3.20984
5.30663,-3.20781
5.30837,-3.20578
5.31011,-3.20375
5.31184,-3.20174
5.31356,-3.19973
5.31528,-3.19772
5.31698,-3.19573
5.31868,-3.19374
5.32036,-3.19176
5.32204,-3.18978
5.32371,-3.18781
5.32538,-3.18585
5.32703,-3.1839
5.32868,-3.18195
5.33031,-3.18001
5.33194,-3.17807
5.33356,-3.17615
5.33517,-3.17423
5.33678,-3.17231
5.33837,-3.17041
5.33996,-3.16851
5.34154,-3.16662
5.34311,-3.16473
5.34467,-3.16285
5.34623,-3.16098
5.34777,-3.15912
5.34931,-3.15726
5.35084,-3.15541
5.35236,-3.15357
5.35388,-3.15173
5.35538,-3.1499
5.35688,-3.14808
5.35837,-3.14627
5.35985,-3.14446
5.36133,-3.14266
5.36279,-3.14086
5.36425,-3.13908
5.3657,-3.1373
5.36714,-3.13553
5.36858,-3.13376
5.37,-3.132
5.37142,-3.13025
5.37283,-3.12851
5.37423,-3.12677
5.37563,-3.12504
5.37702,-3.12332
5.37839,-3.1216
5.37977,-3.11989
5.38113,-3.11819
5.38248,-3.1165
5.38383,-3.11481
5.38517,-3.11313
5.38651,-3.11146
5.38783,-3.10979
5.38915,-3.10813
5.39046,-3.10648
5.39176,-3.10484
5.39305,-3.1032
5.39434,-3.10157
5.39562,-3.09995
5.39689,-3.09833
5.39816,-3.09672
5.39941,-3.09512
5.40066,-3.09353
5.4019,-3.09194
5.40314,-3.09036
5.40436,-3.08879
5.40558,-3.08723
5.40679,-3.08567
5.408,-3.08412
5.40919,-3.08258
5.41038,-3.08104
5.41157,-3.07951
5.41274,-3.07799
5.41391,-3.07648
5.41507,-3.07497
5.41622,-3.07347
5.41736,-3.07198
5.4185,-3.0705
5.41963,-3.06902
5.42076,-3.06755
5.42187,-3.06608
5.42298,-3.06463
5.42408,-3.06318
5.42518,-3.06174
5.42627,-3.06031
5.42735,-3.05888
5.42842,-3.05746
5.42948,-3.05605
5.43054,-3.05465
5.43159,-3.05325
5.43264,-3.05186
5.43368,-3.05048
5.43471,-3.04911
5.43573,-3.04774
5.43675,-3.04638
5.43776,-3.04503
5.43876,-3.04368
5.43975,-3.04235
5.44074,-3.04102
5.44172,-3.03969
5.4427,-3.03838
5.44366,-3.03707
5.44462,-3.03577
5.44558,-3.03448
5.44652,-3.03319
5.44746,-3.03192
5.4484,-3.03065
5.44932,-3.02938
5.45024,-3.02813
5.45115,-3.02688
5.45206,-3.02564
5.45296,-3.02441
5.45385,-3.02318
5.45474,-3.02196
5.45561,-3.02075
5.45649,-3.01955
5.45735,-3.01836
5.45821,-3.01717
5.45906,-3.01599
5.4599,-3.01482
5.46074,-3.01365
5.46157,-3.01249
5.4624,-3.01134
5.46322,-3.0102
5.46403,-3.00907
5.46483,-3.00794
5.46563,-3.00682
5.46642,-3.00571
5.46721,-3.0046
5.46799,-3.00351
5.46876,-3.00242
5.46953,-3.00134
5.47028,-3.00026
5.47104,-2.9992
5.47178,-2.99814
5.47252,-2.99709
5.47326,-2.99604
5.47398,-2.99501
5.4747,-2.99398
5.47542,-2.99296
5.47612,-2.99195
5.47682,-2.99094
5.47752,-2.98995
5.47821,-2.98896
5.47889,-2.98798
5.47956,-2.987
5.48023,-2.98603
5.4809,-2.98508
5.48155,-2.98413
5.4822,-2.98318
5.48285,-2.98225
5.48348,-2.98132
5.48412,-2.9804
5.48474,-2.97949
5.48536,-2.97858
5.48597,-2.97769
5.48658,-2.9768
5.48718,-2.97592
5.48777,-2.97504
5.48836,-2.97418
5.48894,-2.97332
5.48952,-2.97247
5.49009,-2.97163
5.49065,-2.97079
5.49121,-2.96997
5.49176,-2.96915
5.49231,-2.96834
5.49285,-2.96753
5.49338,-2.96674
5.49391,-2.96595
5.49443,-2.96517
5.49494,-2.9644
5.49545,-2.96363
5.49595,-2.96288
5.49645,-2.96213
5.49694,-2.96139
5.49743,-2.96066
5.49791,-2.95993
5.49838,-2.95922
5.49885,-2.95851
5.49931,-2.95781
5.49976,-2.95712
5.50021,-2.95643
5.50066,-2.95575
5.50109,-2.95508
5.50153,-2.95442
5.50195,-2.95377
5.50237,-2.95313
5.50279,-2.95249
5.5032,-2.95186
5.5036,-2.95124
5.504,-2.95062
5.50439,-2.95002
5.50477,-2.94942
5.50515,-2.94883
5.50553,-2.94825
5.5059,-2.94768
5.50626,-2.94711
5.50662,-2.94656
5.50697,-2.94601
5.50731,-2.94547
5.50765,-2.94493
5.50799,-2.94441
5.50832,-2.94389
5.50864,-2.94338
5.50896,-2.94288
5.50927,-2.94239
5.50958,-2.94191
5.50988,-2.94143
5.51017,-2.94096
5.51046,-2.9405
5.51075,-2.94005
5.51102,-2.9396
5.5113,-2.93917
5.51157,-2.93874
5.51183,-2.93832
5.51208,-2.93791
5.51234,-2.93751
5.51258,-2.93711
5.51282,-2.93672
5.51306,-2.93635
5.51329,-2.93598
5.51351,-2.93561
5.51373,-2.93526
5.51394,-2.93491
5.51415,-2.93458
5.51435,-2.93425
5.51455,-2.93392
5.51474,-2.93361
5.51493,-2.93331
5.51511,-2.93301
5.51528,-2.93272
5.51546,-2.93244
5.51562,-2.93217
5.51578,-2.93191
5.51594,-2.93165
5.51608,-2.9314
5.51623,-2.93116
5.51637,-2.93093
5.5165,-2.93071
5.51663,-2.9305
5.51675,-2.93029
5.51687,-2.9301
5.51699,-2.92991
5.51709,-2.92973
5.5172,-2.92955
5.51729,-2.92939
5.51739,-2.92924
5.51747,-2.92909
5.51756,-2.92895
5.51763,-2.92882
5.5177,-2.9287
5.51777,-2.92858
5.51783,-2.92848
5.51789,-2.92838
5.51794,-2.92829
5.51799,-2.92821
5.51803,-2.92814
5.51807,-2.92808
5.5181,-2.92803
5.51813,-2.92798
5.51815,-2.92794
5.51817,-2.92791
5.51818,-2.92789
5.51818,-2.92788
5.51819,-2.92788
5.51818,-2.92788
5.51818,-2.9279
5.51816,-2.92792
5.51815,-2.92795
5.51812,-2.92799
5.5181,-2.92803
5.51806,-2.92809
5.51803,-2.92816
5.51798,-2.92823
5.51794,-2.92831
5.51789,-2.9284
5.51783,-2.9285
5.51777,-2.92861
5.5177,-2.92872
5.51763,-2.92885
5.51756,-2.92898
5.51748,-2.92912
5.51739,-2.92927
5.5173,-2.92943
5.51721,-2.9296
5.51711,-2.92978
5.51701,-2.92996
5.5169,-2.93016
5.51679,-2.93036
5.51667,-2.93057
5.51655,-2.93079
5.51642,-2.93102
5.51629,-2.93126
5.51615,-2.9315
5.51601,-2.93176
5.51587,-2.93202
5.51572,-2.93229
5.51556,-2.93258
5.5154,-2.93287
5.51524,-2.93316
5.51507,-2.93347
5.5149,-2.93379
5.51472,-2.93411
5.51454,-2.93445
5.51436,-2.93479
5.51416,-2.93514
5.51397,-2.9355
5.51377,-2.93587
5.51357,-2.93625
5.51336,-2.93664
5.51315,-2.93703
5.51293,-2.93744
5.51271,-2.93785
5.51248,-2.93827
5.51225,-2.9387
5.51202,-2.93914
5.51178,-2.93959
5.51153,-2.94005
5.51129,-2.94052
5.51103,-2.94099
5.51078,-2.94148
5.51052,-2.94197
5.51025,-2.94247
5.50998,-2.94299
5.50971,-2.94351
5.50943,-2.94404
5.50915,-2.94457
5.50886,-2.94512
5.50857,-2.94568
5.50828,-2.94625
5.50798,-2.94682
5.50768,-2.9474
5.50737,-2.948
5.50706,-2.9486
5.50674,-2.94921
5.50642,-2.94983
5.5061,-2.95046
5.50577,-2.9511
5.50544,-2.95174
5.5051,-2.9524
5.50476,-2.95307
5.50442,-2.95374
5.50407,-2.95443
5.50372,-2.95512
5.50336,-2.95582
5.503,-2.95653
5.50264,-2.95725
5.50227,-2.95798
5.50189,-2.95872
5.50152,-2.95947
5.50114,-2.96023
5.50075,-2.96099
5.50036,-2.96177
5.49997,-2.96255
5.49958,-2.96335
5.49918,-2.96415
5.49877,-2.96497
5.49836,-2.96579
5.49795,-2.96662
5.49753,-2.96746
5.49712,-2.96831
5.49669,-2.96917
5.49626,-2.97004
5.49583,-2.97092
5.4954,-2.9718
5.49496,-2.9727
5.49452,-2.97361
5.49407,-2.97452
5.49362,-2.97545
5.49316,-2.97638
5.49271,-2.97733
5.49224,-2.97828
5.49178,-2.97924
5.49131,-2.98022
5.49084,-2.9812
5.49036,-2.98219
5.48988,-2.98319
5.4894,-2.9842
5.48891,-2.98522
5.48842,-2.98625
5.48792,-2.98729
5.48742,-2.98833
5.48692,-2.98939
5.48642,-2.99046
5.48591,-2.99154
5.48539,-2.99262
5.48488,-2.99372
5.48436,-2.99482
5.48383,-2.99594
5.48331,-2.99706
5.48278,-2.9982
5.48224,-2.99934
5.4817,-3.0005
5.48116,-3.00166
5.48062,-3.00283
5.48007,-3.00402
5.47952,-3.00521
5.47896,-3.00641
5.47841,-3.00762
5.47784,-3.00884
5.47728,-3.01007
5.47671,-3.01132
5.47614,-3.01257
5.47556,-3.01383
5.47498,-3.0151
5.4744,-3.01638
5.47381,-3.01767
5.47323,-3.01897
5.47263,-3.02028
5.47204,-3.0216
5.47144,-3.02292
5.47084,-3.02426
5.47023,-3.02561
5.46962,-3.02697
5.46901,-3.02834
5.4684,-3.02972
5.46778,-3.03111
5.46716,-3.03251
5.46653,-3.03391
5.4659,-3.03533
5.46527,-3.03676
5.46464,-3.0382
5.464,-3.03965
5.46336,-3.04111
5.46272,-3.04257
5.46207,-3.04405
5.46142,-3.04554
5.46077,-3.04704
5.46011,-3.04855
5.45945,-3.05007
5.45879,-3.05159
5.45812,-3.05313
5.45745,-3.05468
5.45678,-3.05624
5.45611,-3.05781
5.45543,-3.05939
5.45475,-3.06098
5.45407,-3.06258
5.45338,-3.06419
5.45269,-3.06581
5.452,-3.06744
5.45131,-3.06908
5.45061,-3.07073
5.44991,-3.07239
5.4492,-3.07406
5.4485,-3.07574
5.44779,-3.07743
5.44707,-3.07913
5.44636,-3.08085
5.44564,-3.08257
5.44492,-3.0843
5.4442,-3.08604
5.44347,-3.0878
5.44274,-3.08956
5.44201,-3.09133
5.44128,-3.09312
5.44054,-3.09491
5.4398,-3.09672
5.43906,-3.09854
5.43831,-3.10036
5.43756,-3.1022
5.43681,-3.10405
5.43606,-3.1059
5.4353,-3.10777
5.43454,-3.10965
5.43378,-3.11154
5.43302,-3.11344
5.43225,-3.11535
5.43148,-3.11727
5.43071,-3.1192
5.42994,-3.12115
5.42916,-3.1231
5.42838,-3.12506
5.4276,-3.12704
5.42682,-3.12902
5.42603,-3.13102
5.42524,-3.13302
5.42445,-3.13504
5.42366,-3.13707
5.42286,-3.1391
5.42206,-3.14115
5.42126,-3.14321
5.42046,-3.14528
5.41965,-3.14736
5.41884,-3.14946
5.41803,-3.15156
5.41722,-3.15367
5.41641,-3.1558
5.41559,-3.15793
5.41477,-3.16008
5.41395,-3.16224
5.41312,-3.1644
5.4123,-3.16658
5.41147,-3.16877
5.41064,-3.17097
5.40981,-3.17318
5.40897,-3.17541
5.40813,-3.17764
5.40729,-3.17989
5.40645,-3.18214
5.40561,-3.18441
5.40476,-3.18669
5.40392,-3.18897
5.40307,-3.19127
5.40221,-3.19359
5.40136,-3.19591
5.4005,-3.19824
5.39965,-3.20059
5.39879,-3.20294
5.39792,-3.20531
5.39706,-3.20769
5.39619,-3.21007
5.39533,-3.21248
5.39446,-3.21489
5.39359,-3.21731
5.39271,-3.21974
5.39184,-3.22219
5.39096,-3.22465
5.39008,-3.22711
5.3892,-3.22959
5.38832,-3.23208
5.38743,-3.23459
5.38655,-3.2371
5.38566,-3.23962
5.38477,-3.24216
5.38388,-3.24471
5.38298,-3.24727
5.38209,-3.24984
5.38119,-3.25242
5.3803,-3.25501
5.3794,-3.25762
5.37849,-3.26024
5.37759,-3.26286
5.37669,-3.2655
5.37578,-3.26815
5.37487,-3.27082
5.37396,-3.27349
5.37305,-3.27618
5.37214,-3.27888
5.37123,-3.28159
5.37031,-3.28431
5.36939,-3.28704
5.36848,-3.28978
5.36756,-3.29254
5.36664,-3.29531
5.36571,-3.29809
5.36479,-3.30088
5.36386,-3.30368
5.36294,-3.3065
5.36201,-3.30933
5.36108,-3.31217
5.36015,-3.31502
5.35922,-3.31788
5.35829,-3.32075
5.35735,-3.32364
5.35642,-3.32654
5.35548,-3.32945
5.35454,-3.33237
5.3536,-3.33531
5.35266,-3.33825
5.35172,-3.34121
5.35078,-3.34418
5.34984,-3.34717
5.34889,-3.35016
5.34795,-3.35317
5.347,-3.35619
5.34605,-3.35922
5.34511,-3.36226
5.34416,-3.36532
5.34321,-3.36839
5.34226,-3.37147
5.3413,-3.37456
5.34035,-3.37766
5.3394,-3.38078
5.33844,-3.38391
5.33749,-3.38705
5.33653,-3.39021
5.33557,-3.39337
5.33461,-3.39655
5.33366,-3.39974
5.3327,-3.40295
5.33174,-3.40616
5.33078,-3.40939
5.32981,-3.41263
5.32885,-3.41589
5.32789,-3.41915
5.32693,-3.42243
5.32596,-3.42572
5.325,-3.42903
5.32403,-3.43235
5.32307,-3.43567
5.3221,-3.43902
5.32113,-3.44237
5.32017,-3.44574
5.3192,-3.44912
5.31823,-3.45251
5.31726,-3.45592
5.3163,-3.45934
5.31533,-3.46277
5.31436,-3.46621
5.31339,-3.46967
5.31242,-3.47314
5.31145,-3.47662
5.31048,-3.48012
5.30951,-3.48362
5.30854,-3.48715
5.30757,-3.49068
5.30659,-3.49423
5.30562,-3.49779
5.30465,-3.50136
5.30368,-3.50495
5.30271,-3.50855
5.30174,-3.51216
5.30077,-3.51579
5.2998,-3.51943
5.29882,-3.52308
5.29785,-3.52674
5.29688,-3.53042
5.29591,-3.53412
5.29494,-3.53782
5.29397,-3.54154
5.293,-3.54527
5.29203,-3.54902
5.29106,-3.55278
5.29009,-3.55655
5.28912,-3.56033
5.28815,-3.56413
5.28718,-3.56794
5.28621,-3.57177
5.28524,-3.57561
5.28428,-3.57946
5.28331,-3.58333
5.28234,-3.58721
5.28138,-3.5911
5.28041,-3.59501
5.27945,-3.59893
5.27848,-3.60287
5.27752,-3.60682
5.27655,-3.61078
5.27559,-3.61475
5.27463,-3.61874
5.27367,-3.62275
5.27271,-3.62676
5.27175,-3.6308
5.27079,-3.63484
5.26983,-3.6389
5.26887,-3.64297
5.26792,-3.64706
5.26696,-3.65116
5.26601,-3.65528
5.26505,-3.6594
5.2641,-3.66355
5.26315,-3.66771
5.2622,-3.67188
5.26125,-3.67606
5.2603,-3.68026
5.25936,-3.68448
5.25841,-3.6887
5.25747,-3.69295
5.25652,-3.6972
5.25558,-3.70147
5.25464,-3.70576
5.2537,-3.71006
5.25276,-3.71437
5.25182,-3.7187
5.25089,-3.72304
5.24996,-3.7274
5.24902,-3.73177
5.24809,-3.73616
5.24716,-3.74056
5.24624,-3.74497
5.24531,-3.7494
5.24439,-3.75385
5.24346,-3.75831
5.24254,-3.76278
5.24162,-3.76727
5.24071,-3.77177
5.23979,-3.77629
5.23888,-3.78083
5.23797,-3.78537
5.23706,-3.78994
5.23615,-3.79451
5.23524,-3.79911
5.23434,-3.80371
5.23344,-3.80834
5.23254,-3.81297
5.23164,-3.81763
5.23074,-3.82229
5.22985,-3.82698
5.22896,-3.83167
5.22807,-3.83639
5.22719,-3.84111
5.2263,-3.84586
5.22542,-3.85062
5.22454,-3.85539
5.22367,-3.86018
5.22279,-3.86498
5.22192,-3.8698
5.22105,-3.87464
5.22019,-3.87949
5.21932,-3.88435
5.21846,-3.88924
5.2176,-3.89413
5.21675,-3.89905
5.2159,-3.90397
5.21505,-3.90892
5.2142,-3.91388
5.21336,-3.91885
5.21252,-3.92384
5.21168,-3.92885
5.21085,-3.93387
5.21002,-3.93891
5.20919,-3.94396
5.20836,-3.94903
5.20754,-3.95412
5.20672,-3.95922
5.20591,-3.96434
5.2051,-3.96947
5.20429,-3.97462
5.20348,-3.97979
5.20268,-3.98497
5.20189,-3.99016
5.20109,-3.99538
5.2003,-4.00061
5.19952,-4.00586
5.19873,-4.01112
5.19796,-4.0164
5.19718,-4.02169
5.19641,-4.027
5.19564,-4.03233
5.19488,-4.03768
5.19412,-4.04304
5.19337,-4.04841
5.19262,-4.05381
5.19187,-4.05922
5.19113,-4.06464
5.19039,-4.07009
5.18966,-4.07555
5.18893,-4.08103
5.1882,-4.08652
5.18748,-4.09203
5.18677,-4.09756
5.18606,-4.1031
5.18535,-4.10866
5.18465,-4.11424
5.18395,-4.11983
5.18326,-4.12545
5.18257,-4.13108
5.18189,-4.13672
5.18121,-4.14238
5.18054,-4.14806
5.17988,-4.15376
5.17921,-4.15948
5.17856,-4.16521
5.17791,-4.17096
5.17726,-4.17672
5.17662,-4.18251
5.17599,-4.18831
5.17536,-4.19413
5.17473,-4.19996
5.17411,-4.20581
5.1735,-4.21169
5.17289,-4.21757
5.17229,-4.22348
5.1717,-4.2294
5.17111,-4.23535
5.17053,-4.2413
5.16995,-4.24728
5.16938,-4.25328
5.16882,-4.25929
5.16826,-4.26532
5.16771,-4.27137
5.16716,-4.27743
5.16662,-4.28352
5.16609,-4.28962
5.16556,-4.29574
5.16504,-4.30188
5.16453,-4.30803
5.16403,-4.31421
5.16353,-4.3204
5.16304,-4.32661
5.16255,-4.33284
5.16208,-4.33909
5.1616,-4.34535
5.16114,-4.35164
5.16069,-4.35794
5.16024,-4.36426
5.1598,-4.3706
5.15936,-4.37696
5.15894,-4.38334
5.15852,-4.38973
5.15811,-4.39615
5.15771,-4.40258
5.15731,-4.40903
5.15693,-4.4155
5.15655,-4.42199
5.15618,-4.4285
5.15582,-4.43503
5.15547,-4.44157
5.15512,-4.44814
5.15478,-4.45472
5.15446,-4.46133
5.15414,-4.46795
5.15383,-4.47459
5.15353,-4.48125
5.15323,-4.48793
5.15295,-4.49463
5.15268,-4.50135
5.15241,-4.50808
5.15216,-4.51484
5.15191,-4.52162
5.15167,-4.52841
5.15145,-4.53523
5.15123,-4.54207
5.15102,-4.54892
5.15082,-4.5558
5.15063,-4.56269
5.15046,-4.5696
5.15029,-4.57654
5.15013,-4.58349
5.14998,-4.59046
5.14985,-4.59746
5.14972,-4.60447
5.1496,-4.6115
5.1495,-4.61856
5.14941,-4.62563
5.14932,-4.63272
5.14925,-4.63984
5.14919,-4.64697
5.14914,-4.65412
5.1491,-4.6613
5.14907,-4.66849
5.14906,-4.67571
5.14906,-4.68294
5.14906,-4.6902
5.14909,-4.69747
5.14912,-4.70477
5.14916,-4.71208
5.14922,-4.71942
5.14929,-4.72678
5.14937,-4.73416
5.14946,-4.74156
5.14957,-4.74898
5.14969,-4.75642
5.14982,-4.76388
5.14997,-4.77136
5.15013,-4.77887
5.1503,-4.78639
5.15049,-4.79393
5.15069,-4.8015
5.1509,-4.80909
5.15113,-4.8167
5.15137,-4.82433
5.15163,-4.83198
5.1519,-4.83965
5.15218,-4.84734
5.15248,-4.85505
5.15279,-4.86279
5.15312,-4.87055
5.15346,-4.87832
5.15382,-4.88612
5.15419,-4.89395
5.15458,-4.90179
5.15499,-4.90965
5.15541,-4.91754
5.15584,-4.92544
5.1563,-4.93337
5.15676,-4.94132
5.15725,-4.94929
5.15775,-4.95729
5.15826,-4.9653
5.1588,-4.97334
5.15935,-4.9814
5.15992,-4.98948
5.1605,-4.99758
5.1611,-5.00571
5.16172,-5.01385
5.16236,-5.02202
5.16302,-5.03021
5.16369,-5.03843
5.16438,-5.04666
5.16509,-5.05492
5.16582,-5.0632
5.16657,-5.0715
5.16733,-5.07982
5.16812,-5.08816
5.16892,-5.09653
5.16975,-5.10492
5.17059,-5.11333
5.17145,-5.12177
5.17234,-5.13022
5.17324,-5.1387
5.17417,-5.1472
5.17511,-5.15573
5.17607,-5.16427
5.17706,-5.17284
5.17807,-5.18143
5.1791,-5.19005
5.18015,-5.19868
5.18122,-5.20734
5.18231,-5.21602
5.18343,-5.22472
5.18456,-5.23345
5.18572,-5.2422
5.18691,-5.25097
5.18811,-5.25976
5.18934,-5.26858
5.1906,-5.27741
5.19187,-5.28627
5.19317,-5.29516
5.1945,-5.30406
5.19585,-5.31299
5.19722,-5.32194
5.19862,-5.33092
5.20004,-5.33991
5.20149,-5.34893
5.20296,-5.35797
5.20446,-5.36704
5.20599,-5.37612
5.20754,-5.38523
5.20912,-5.39437
5.21072,-5.40352
5.21235,-5.4127
5.21401,-5.4219
5.2157,-5.43112
5.21741,-5.44036
5.21915,-5.44963
5.22092,-5.45892
5.22272,-5.46823
5.22455,-5.47756
5.2264,-5.48692
5.22829,-5.4963
5.2302,-5.5057
5.23215,-5.51512
5.23412,-5.52457
5.23613,-5.53404
5.23816,-5.54353
5.24023,-5.55304
5.24233,-5.56258
5.24446,-5.57213
5.24662,-5.58171
5.24881,-5.59131
5.25104,-5.60093
5.25329,-5.61058
5.25558,-5.62024
5.25791,-5.62993
5.26027,-5.63964
5.26266,-5.64937
5.26509,-5.65912
5.26755,-5.6689
5.27004,-5.67869
5.27258,-5.68851
5.27514,-5.69835
5.27774,-5.70821
5.28038,-5.71809
5.28306,-5.72799
5.28577,-5.73791
5.28852,-5.74786
5.29131,-5.75782
5.29413,-5.7678
5.297,-5.77781
5.2999,-5.78783
5.30284,-5.79788
5.30582,-5.80795
5.30884,-5.81803
5.3119,-5.82814
5.315,-5.83826
5.31814,-5.84841
5.32132,-5.85857
5.32454,-5.86876
5.32781,-5.87896
5.33112,-5.88918
5.33447,-5.89942
5.33786,-5.90968
5.34129,-5.91996
5.34477,-5.93026
5.3483,-5.94057
5.35187,-5.95091
5.35548,-5.96126
5.35914,-5.97163
5.36285,-5.98201
5.3666,-5.99241
5.37039,-6.00284
5.37424,-6.01327
5.37813,-6.02373
5.38207,-6.0342
5.38606,-6.04468
5.39009,-6.05518
5.39418,-6.0657
5.39831,-6.07624
5.4025,-6.08678
5.40673,-6.09735
5.41102,-6.10792
5.41535,-6.11852
5.41974,-6.12912
5.42418,-6.13974
5.42867,-6.15037
5.43322,-6.16102
5.43781,-6.17168
5.44247,-6.18235
5.44717,-6.19304
5.45193,-6.20373
5.45675,-6.21444
5.46162,-6.22516
5.46654,-6.23588
5.47153,-6.24662
5.47656,-6.25737
5.48166,-6.26813
5.48682,-6.2789
5.49203,-6.28967
5.4973,-6.30046
5.50263,-6.31125
5.50802,-6.32205
5.51346,-6.33286
5.51897,-6.34367
5.52454,-6.35449
5.53017,-6.36532
5.53586,-6.37615
5.54162,-6.38698
5.54743,-6.39782
5.55331,-6.40866
5.55925,-6.41951
5.56526,-6.43036
5.57133,-6.44121
5.57746,-6.45206
5.58366,-6.46291
5.58992,-6.47377
5.59625,-6.48462
5.60265,-6.49547
5.60911,-6.50632
5.61564,-6.51717
5.62223,-6.52801
5.62889,-6.53885
5.63562,-6.54969
5.64242,-6.56052
5.64929,-6.57135
5.65623,-6.58217
5.66323,-6.59299
5.67031,-6.60379
5.67746,-6.61459
5.68467,-6.62538
5.69196,-6.63616
5.69932,-6.64693
5.70675,-6.65769
5.71425,-6.66843
5.72182,-6.67917
5.72946,-6.68989
5.73718,-6.70059
5.74497,-6.71128
5.75283,-6.72195
5.76077,-6.73261
5.76878,-6.74325
5.77686,-6.75387
5.78502,-6.76447
5.79325,-6.77505
5.80155,-6.78561
5.80993,-6.79614
5.81838,-6.80666
5.82691,-6.81714
5.83551,-6.82761
5.84419,-6.83805
5.85294,-6.84846
5.86176,-6.85884
5.87066,-6.86919
5.87964,-6.87952
5.88869,-6.88981
5.89781,-6.90007
5.90702,-6.9103
5.91629,-6.92049
5.92564,-6.93065
5.93507,-6.94078
5.94456,-6.95087
5.95414,-6.96091
5.96379,-6.97093
5.97351,-6.9809
5.98331,-6.99083
5.99318,-7.00071
6.00312,-7.01056
6.01314,-7.02036
6.02323,-7.03011
6.03339,-7.03982
6.04363,-7.04949
6.05394,-7.0591
6.06432,-7.06867
6.07477,-7.07818
6.08529,-7.08764
6.09589,-7.09706
6.10655,-7.10641
6.11728,-7.11572
6.12809,-7.12497
6.13896,-7.13416
6.1499,-7.14329
6.16091,-7.15237
6.17198,-7.16139
6.18313,-7.17034
6.19434,-7.17924
6.20561,-7.18807
6.21695,-7.19684
6.22835,-7.20555
6.23982,-7.21419
6.25135,-7.22277
6.26294,-7.23127
6.27459,-7.23972
6.2863,-7.24809
6.29808,-7.25639
6.30991,-7.26462
6.3218,-7.27279
6.33375,-7.28088
6.34575,-7.28889
6.35781,-7.29684
6.36992,-7.30471
6.38209,-7.3125
6.39431,-7.32022
6.40658,-7.32786
6.4189,-7.33543
6.43127,-7.34292
6.4437,-7.35033
6.45616,-7.35766
6.46868,-7.36491
6.48124,-7.37208
6.49385,-7.37917
6.5065,-7.38618
6.51919,-7.39311
6.53192,-7.39996
6.5447,-7.40672
6.55751,-7.4134
6.57037,-7.42
6.58325,-7.42651
6.59618,-7.43294
6.60914,-7.43929
6.62213,-7.44555
6.63516,-7.45173
6.64822,-7.45782
6.66131,-7.46382
6.67443,-7.46974
6.68757,-7.47557
6.70075,-7.48132
6.71395,-7.48698
6.72717,-7.49255
6.74042,-7.49804
6.75369,-7.50344
6.76698,-7.50876
6.7803,-7.51399
6.79363,-7.51913
6.80698,-7.52418
6.82034,-7.52915
6.83373,-7.53403
6.84712,-7.53883
6.86053,-7.54354
6.87396,-7.54816
6.88739,-7.5527
6.90084,-7.55715
6.91429,-7.56152
6.92776,-7.5658
6.94123,-7.56999
6.9547,-7.5741
6.96819,-7.57813
6.98167,-7.58207
6.99516,-7.58593
7.00865,-7.5897
7.02215,-7.59339
7.03564,-7.597
7.04913,-7.60052
7.06262,-7.60396
7.07611,-7.60732
7.0896,-7.6106
7.10308,-7.6138
7.11655,-7.61691
7.13002,-7.61995
7.14349,-7.6229
7.15694,-7.62578
7.17039,-7.62858
7.18383,-7.6313
7.19725,-7.63394
7.21067,-7.6365
7.22407,-7.63899
7.23746,-7.6414
7.25084,-7.64373
7.26421,-7.64599
7.27756,-7.64818
7.29089,-7.65029
7.30421,-7.65233
7.31751,-7.65429
7.33079,-7.65618
7.34406,-7.658
7.3573,-7.65975
7.37053,-7.66143
7.38374,-7.66303
7.39693,-7.66457
7.41009,-7.66604
7.42324,-7.66744
7.43636,-7.66878
7.44946,-7.67004
7.46254,-7.67124
7.47559,-7.67238
7.48862,-7.67344
7.50162,-7.67445
7.5146,-7.67539
7.52755,-7.67627
7.54048,-7.67708
7.55338,-7.67783
7.56625,-7.67852
7.5791,-7.67915
7.59192,-7.67972
7.60471,-7.68023
7.61747,-7.68068
7.6302,-7.68107
7.64291,-7.68141
7.65558,-7.68169
7.66822,-7.68191
7.68084,-7.68207
7.69342,-7.68218
7.70598,-7.68224
7.7185,-7.68224
7.73099,-7.68218
7.74345,-7.68208
7.75588,-7.68192
7.76827,-7.68171
7.78064,-7.68145
7.79297,-7.68114
7.80527,-7.68078
7.81753,-7.68037
7.82977,-7.67991
7.84197,-7.6794
7.85413,-7.67885
7.86627,-7.67824
7.87836,-7.6776
7.89043,-7.6769
7.90246,-7.67616
7.91446,-7.67538
7.92642,-7.67455
7.93835,-7.67367
7.95024,-7.67276
7.9621,-7.6718
7.97393,-7.6708
7.98571,-7.66975
7.99747,-7.66867
8.00919,-7.66755
8.02087,-7.66638
8.03252,-7.66518
8.04414,-7.66393
8.05571,-7.66265
8.06726,-7.66133
8.07877,-7.65998
8.09024,-7.65858
8.10167,-7.65715
8.11308,-7.65568
8.12444,-7.65418
8.13577,-7.65264
8.14707,-7.65107
8.15833,-7.64946
8.16955,-7.64782
8.18074,-7.64615
8.19189,-7.64444
8.203,-7.6427
8.21408,-7.64093
8.22513,-7.63912
8.23614,-7.63729
8.24711,-7.63542
8.25805,-7.63353
8.26895,-7.6316
8.27982,-7.62964
8.29065,-7.62766
8.30145,-7.62564
8.31221,-7.6236
8.32293,-7.62153
8.33362,-7.61944
8.34428,-7.61731
8.3549,-7.61516
8.36548,-7.61298
8.37603,-7.61078
8.38654,-7.60855
8.39702,-7.60629
8.40746,-7.60401
8.41787,-7.60171
8.42824,-7.59938
8.43858,-7.59702
8.44889,-7.59465
8.45915,-7.59225
8.46939,-7.58982
8.47959,-7.58738
8.48975,-7.58491
8.49988,-7.58242
8.50998,-7.57991
8.52004,-7.57738
8.53007,-7.57482
8.54006,-7.57225
8.55002,-7.56965
8.55995,-7.56704
8.56984,-7.5644
8.57969,-7.56175
8.58952,-7.55907
8.59931,-7.55638
8.60906,-7.55367
8.61879,-7.55094
8.62848,-7.54819
8.63813,-7.54543
8.64776,-7.54265
8.65734,-7.53984
8.6669,-7.53703
8.67643,-7.53419
8.68592,-7.53134
8.69537,-7.52848
8.7048,-7.52559
8.71419,-7.52269
8.72355,-7.51978
8.73288,-7.51685
8.74218,-7.51391
8.75144,-7.51095
8.76067,-7.50797
8.76987,-7.50498
8.77904,-7.50198
8.78817,-7.49897
8.79728,-7.49594
8.80635,-7.49289
8.81539,-7.48984
8.8244,-7.48677
8.83338,-7.48369
8.84233,-7.48059
8.85124,-7.47748
8.86013,-7.47436
8.86898,-7.47123
8.87781,-7.46809
8.8866,-7.46494
8.89536,-7.46177
8.90409,-7.45859
8.91279,-7.45541
8.92146,-7.45221
8.9301,-7.449
8.93872,-7.44578
8.9473,-7.44255
8.95585,-7.43931
8.96437,-7.43606
8.97286,-7.4328
8.98132,-7.42953
8.98975,-7.42625
8.99816,-7.42296
9.00653,-7.41967
9.01487,-7.41636
9.02319,-7.41305
9.03148,-7.40973
9.03973,-7.40639
9.04796,-7.40306
9.05616,-7.39971
9.06433,-7.39635
9.07248,-7.39299
9.08059,-7.38962
9.08868,-7.38624
9.09674,-7.38286
9.10477,-7.37946
9.11277,-7.37607
9.12075,-7.37266
9.12869,-7.36925
9.13661,-7.36583
9.1445,-7.3624
9.15237,-7.35897
9.1602,-7.35553
9.16801,-7.35209
9.1758,-7.34864
9.18355,-7.34518
9.19128,-7.34172
9.19898,-7.33825
9.20666,-7.33478
9.2143,-7.3313
9.22193,-7.32782
9.22952,-7.32433
9.23709,-7.32084
9.24463,-7.31734
9.25215,-7.31384
9.25964,-7.31033
9.2671,-7.30682
9.27454,-7.30331
9.28195,-7.29979
9.28934,-7.29626
9.2967,-7.29273
9.30404,-7.2892
9.31135,-7.28567
9.31863,-7.28213
9.32589,-7.27859
9.33313,-7.27504
9.34034,-7.27149
9.34752,-7.26794
9.35468,-7.26438
9.36181,-7.26082
9.36892,-7.25726
9.37601,-7.25369
9.38307,-7.25013
9.39011,-7.24656
9.39712,-7.24298
9.4041,-7.23941
9.41107,-7.23583
9.41801,-7.23225
9.42492,-7.22867
9.43181,-7.22508
9.43868,-7.2215
9.44553,-7.21791
9.45235,-7.21432
9.45914,-7.21073
9.46592,-7.20713
9.47267,-7.20354
9.47939,-7.19994
9.48609,-7.19634
9.49277,-7.19274
9.49943,-7.18914
9.50607,-7.18554
9.51268,-7.18193
9.51926,-7.17833
9.52583,-7.17472
9.53237,-7.17112
9.53889,-7.16751
9.54539,-7.1639
9.55187,-7.16029
9.55832,-7.15668
9.56475,-7.15307
9.57116,-7.14946
9.57754,-7.14585
9.58391,-7.14224
9.59025,-7.13863
9.59657,-7.13502
9.60287,-7.13141
9.60915,-7.12779
9.6154,-7.12418
9.62163,-7.12057
9.62785,-7.11696
9.63404,-7.11335
9.64021,-7.10974
9.64636,-7.10612
9.65248,-7.10251
9.65859,-7.0989
9.66467,-7.09529
9.67074,-7.09168
9.67678,-7.08808
9.6828,-7.08447
9.6888,-7.08086
9.69478,-7.07725
9.70074,-7.07365
9.70668,-7.07004
9.7126,-7.06644
9.7185,-7.06284
9.72438,-7.05923
9.73024,-7.05563
9.73608,-7.05203
9.74189,-7.04844
9.74769,-7.04484
9.75347,-7.04124
9.75923,-7.03765
9.76496,-7.03406
9.77068,-7.03046
9.77638,-7.02687
9.78206,-7.02329
9.78772,-7.0197
9.79336,-7.01611
9.79898,-7.01253
9.80458,-7.00895
9.81016,-7.00537
9.81573,-7.00179
9.82127,-6.99821
9.82679,-6.99464
9.8323,-6.99107
9.83778,-6.9875
9.84325,-6.98393
9.8487,-6.98036
9.85413,-6.9768
9.85954,-6.97324
9.86493,-6.96968
9.87031,-6.96612
9.87566,-6.96256
9.881,-6.95901
9.88631,-6.95546
9.89161,-6.95191
9.8969,-6.94837
9.90216,-6.94483
9.9074,-6.94129
9.91263,-6.93775
9.91784,-6.93421
9.92303,-6.93068
9.9282,-6.92715
9.93336,-6.92362
9.9385,-6.9201
9.94361,-6.91658
9.94872,-6.91306
9.9538,-6.90954
9.95887,-6.90603
9.96391,-6.90252
9.96895,-6.89902
9.97396,-6.89551
9.97896,-6.89201
9.98394,-6.88851
9.9889,-6.88502
9.99384,-6.88153
9.99877,-6.87804
10.0037,-6.87456
10.0086,-6.87107
10.0135,-6.8676
10.0183,-6.86412
10.0232,-6.86065
10.028,-6.85718
10.0328,-6.85372
10.0376,-6.85026
10.0424,-6.8468
10.0471,-6.84334
10.0519,-6.83989
10.0566,-6.83645
10.0613,-6.833
10.066,-6.82956
10.0707,-6.82613
10.0753,-6.82269
10.08,-6.81926
10.0846,-6.81584
10.0892,-6.81242
10.0938,-6.809
10.0984,-6.80559
10.1029,-6.80218
10.1075,-6.79877
10.112,-6.79537
10.1165,-6.79197
10.121,-6.78857
10.1255,-6.78518
10.13,-6.7818
10.1344,-6.77842
10.1389,-6.77504
10.1433,-6.77166
10.1477,-6.76829
10.1521,-6.76493
10.1565,-6.76157
10.1608,-6.75821
10.1652,-6.75485
10.1695,-6.7515
10.1738,-6.74816
10.1781,-6.74482
10.1824,-6.74148
10.1867,-6.73815
10.1909,-6.73482
10.1952,-6.7315
10.1994,-6.72818
10.2036,-6.72487
10.2078,-6.72156
10.212,-6.71825
10.2161,-6.71495
10.2203,-6.71165
10.2244,-6.70836
10.2285,-6.70507
10.2326,-6.70179
10.2367,-6.69851
10.2408,-6.69524
10.2449,-6.69197
10.2489,-6.6887
10.253,-6.68544
10.257,-6.68219
10.261,-6.67893
10.265,-6.67569
10.2689,-6.67245
10.2729,-6.66921
10.2769,-6.66598
10.2808,-6.66275
10.2847,-6.65953
10.2886,-6.65631
10.2925,-6.6531
10.2964,-6.64989
10.3002,-6.64669
10.3041,-6.64349
10.3079,-6.6403
10.3117,-6.63711
10.3156,-6.63393
10.3194,-6.63075
10.3231,-6.62757
10.3269,-6.62441
10.3307,-6.62124
10.3344,-6.61808
10.3381,-6.61493
10.3418,-6.61178
10.3455,-6.60864
10.3492,-6.6055
10.3529,-6.60237
10.3565,-6.59924
10.3602,-6.59612
10.3638,-6.593
10.3674,-6.58989
10.371,-6.58678
10.3746,-6.58368
10.3782,-6.58058
10.3818,-6.57749
10.3853,-6.57441
10.3889,-6.57132
10.3924,-6.56825
10.3959,-6.56518
10.3994,-6.56211
10.4029,-6.55905
10.4064,-6.556
10.4099,-6.55295
10.4133,-6.54991
10.4167,-6.54687
10.4202,-6.54384
10.4236,-6.54081
10.427,-6.53779
10.4304,-6.53477
10.4337,-6.53176
10.4371,-6.52875
10.4405,-6.52575
10.4438,-6.52276
10.4471,-6.51977
10.4504,-6.51679
10.4537,-6.51381
10.457,-6.51084
10.4603,-6.50787
10.4636,-6.50491
10.4668,-6.50195
10.47,-6.499
10.4733,-6.49606
10.4765,-6.49312
10.4797,-6.49018
10.4829,-6.48726
10.4861,-6.48433
10.4892,-6.48142
10.4924,-6.47851
10.4955,-6.4756
10.4987,-6.4727
10.5018,-6.46981
10.5049,-6.46692
10.508,-6.46404
10.5111,-6.46116
10.5141,-6.45829
10.5172,-6.45543
10.5202,-6.45257
10.5233,-6.44972
10.5263,-6.44687
10.5293,-6.44403
10.5323,-6.44119
10.5353,-6.43836
10.5383,-6.43554
10.5412,-6.43272
10.5442,-6.42991
10.5471,-6.4271
10.5501,-6.4243
10.553,-6.4215
10.5559,-6.41872
10.5588,-6.41593
10.5617,-6.41316
10.5646,-6.41039
10.5674,-6.40762
10.5703,-6.40486
10.5731,-6.40211
10.576,-6.39936
10.5788,-6.39662
10.5816,-6.39389
10.5844,-6.39116
10.5872,-6.38843
10.5899,-6.38572
10.5927,-6.38301
10.5955,-6.3803
10.5982,-6.3776
10.6009,-6.37491
10.6037,-6.37222
10.6064,-6.36954
10.6091,-6.36687
10.6118,-6.3642
10.6144,-6.36154
10.6171,-6.35888
10.6198,-6.35623
10.6224,-6.35359
10.625,-6.35095
10.6277,-6.34832
10.6303,-6.34569
10.6329,-6.34307
10.6355,-6.34046
10.6381,-6.33785
10.6406,-6.33525
10.6432,-6.33266
10.6458,-6.33007
10.6483,-6.32749
10.6508,-6.32491
10.6533,-6.32235
10.6559,-6.31978
10.6584,-6.31723
10.6608,-6.31468
10.6633,-6.31213
10.6658,-6.30959
10.6682,-6.30706
10.6707,-6.30454
10.6731,-6.30202
10.6756,-6.29951
10.678,-6.297
10.6804,-6.2945
10.6828,-6.29201
10.6852,-6.28952
10.6875,-6.28704
10.6899,-6.28456
10.6923,-6.2821
10.6946,-6.27963
10.697,-6.27718
10.6993,-6.27473
10.7016,-6.27229
10.7039,-6.26985
10.7062,-6.26742
10.7085,-6.265
10.7108,-6.26258
10.713,-6.26017
10.7153,-6.25777
10.7175,-6.25537
10.7198,-6.25298
10.722,-6.2506
10.7242,-6.24822
10.7264,-6.24585
10.7286,-6.24348
10.7308,-6.24113
10.733,-6.23877
10.7352,-6.23643
10.7374,-6.23409
10.7395,-6.23176
10.7417,-6.22943
10.7438,-6.22711
10.7459,-6.2248
10.748,-6.2225
10.7501,-6.2202
10.7522,-6.2179
10.7543,-6.21562
10.7564,-6.21334
10.7585,-6.21107
10.7605,-6.2088
10.7626,-6.20654
10.7646,-6.20429
10.7666,-6.20204
10.7687,-6.1998
10.7707,-6.19757
10.7727,-6.19534
10.7747,-6.19312
10.7767,-6.19091
10.7786,-6.18871
10.7806,-6.18651
10.7826,-6.18431
10.7845,-6.18213
10.7864,-6.17995
10.7884,-6.17777
10.7903,-6.17561
10.7922,-6.17345
10.7941,-6.1713
10.796,-6.16915
10.7979,-6.16701
10.7998,-6.16488
10.8016,-6.16275
10.8035,-6.16064
10.8054,-6.15852
10.8072,-6.15642
10.809,-6.15432
10.8109,-6.15223
10.8127,-6.15014
10.8145,-6.14807
10.8163,-6.14599
10.8181,-6.14393
10.8199,-6.14187
10.8216,-6.13982
10.8234,-6.13778
10.8251,-6.13574
10.8269,-6.13371
10.8286,-6.13169
10.8304,-6.12967
10.8321,-6.12766
10.8338,-6.12566
10.8355,-6.12366
10.8372,-6.12167
10.8389,-6.11969
10.8406,-6.11772
10.8422,-6.11575
10.8439,-6.11379
10.8455,-6.11183
10.8472,-6.10989
10.8488,-6.10795
10.8505,-6.10601
10.8521,-6.10409
10.8537,-6.10217
10.8553,-6.10025
10.8569,-6.09835
10.8585,-6.09645
10.86,-6.09456
10.8616,-6.09267
10.8632,-6.0908
10.8647,-6.08892
10.8663,-6.08706
10.8678,-6.0852
10.8694,-6.08335
10.8709,-6.08151
10.8724,-6.07968
10.8739,-6.07785
10.8754,-6.07603
10.8769,-6.07421
10.8784,-6.0724
10.8798,-6.0706
10.8813,-6.06881
10.8828,-6.06702
10.8842,-6.06524
10.8856,-6.06347
10.8871,-6.06171
10.8885,-6.05995
10.8899,-6.0582
10.8913,-6.05645
10.8927,-6.05472
10.8941,-6.05299
10.8955,-6.05126
10.8969,-6.04955
10.8983,-6.04784
10.8996,-6.04614
10.901,-6.04445
10.9023,-6.04276
10.9037,-6.04108
10.905,-6.03941
10.9063,-6.03774
10.9076,-6.03608
10.909,-6.03443
10.9103,-6.03279
10.9116,-6.03115
10.9128,-6.02952
10.9141,-6.0279
10.9154,-6.02628
10.9167,-6.02468
10.9179,-6.02308
10.9192,-6.02148
10.9204,-6.0199
10.9216,-6.01832
10.9229,-6.01675
10.9241,-6.01518
10.9253,-6.01362
10.9265,-6.01207
10.9277,-6.01053
10.9289,-6.009
10.9301,-6.00747
10.9312,-6.00595
10.9324,-6.00443
10.9336,-6.00293
10.9347,-6.00143
10.9359,-5.99994
10.937,-5.99845
10.9381,-5.99698
10.9392,-5.99551
10.9404,-5.99404
10.9415,-5.99259
10.9426,-5.99114
10.9437,-5.9897
10.9448,-5.98827
10.9458,-5.98684
10.9469,-5.98542
10.948,-5.98401
10.949,-5.98261
10.9501,-5.98121
10.9511,-5.97982
10.9522,-5.97844
10.9532,-5.97707
10.9542,-5.9757
10.9552,-5.97434
10.9562,-5.97299
10.9572,-5.97165
10.9582,-5.97031
10.9592,-5.96898
10.9602,-5.96766
10.9612,-5.96634
10.9621,-5.96504
10.9631,-5.96374
10.9641,-5.96244
10.965,-5.96116
10.9659,-5.95988
10.9669,-5.95861
10.9678,-5.95735
10.9687,-5.9561
10.9696,-5.95485
10.9705,-5.95361
10.9714,-5.95238
10.9723,-5.95115
10.9732,-5.94993
10.9741,-5.94872
10.975,-5.94752
10.9758,-5.94633
10.9767,-5.94514
10.9775,-5.94396
10.9784,-5.94279
10.9792,-5.94162
10.9801,-5.94047
10.9809,-5.93932
10.9817,-5.93817
10.9825,-5.93704
10.9833,-5.93591
10.9841,-5.93479
10.9849,-5.93368
10.9857,-5.93258
10.9865,-5.93148
10.9872,-5.93039
10.988,-5.92931
10.9888,-5.92824
10.9895,-5.92717
10.9903,-5.92611
10.991,-5.92506
10.9917,-5.92402
10.9925,-5.92299
10.9932,-5.92196
10.9939,-5.92094
10.9946,-5.91993
10.9953,-5.91892
10.996,-5.91793
10.9967,-5.91694
10.9974,-5.91595
10.998,-5.91498
10.9987,-5.91401
10.9994,-5.91306
11,-5.91211
11.0007,-5.91116
11.0013,-5.91023
11.002,-5.9093
11.0026,-5.90838
11.0032,-5.90747
11.0038,-5.90656
11.0044,-5.90567
11.005,-5.90478
11.0056,-5.9039
11.0062,-5.90303
11.0068,-5.90216
11.0074,-5.9013
11.008,-5.90045
11.0086,-5.89961
11.0091,-5.89878
11.0097,-5.89795
11.0102,-5.89713
11.0108,-5.89632
11.0113,-5.89552
11.0118,-5.89472
11.0124,-5.89394
11.0129,-5.89316
11.0134,-5.89239
11.0139,-5.89162
11.0144,-5.89087
11.0149,-5.89012
11.0154,-5.88938
11.0159,-5.88865
11.0164,-5.88792
11.0168,-5.88721
11.0173,-5.8865
11.0178,-5.8858
11.0182,-5.88511
11.0187,-5.88442
11.0191,-5.88375
11.0196,-5.88308
11.02,-5.88242
11.0204,-5.88176
11.0208,-5.88112
11.0212,-5.88048
11.0217,-5.87985
11.0221,-5.87923
11.0225,-5.87862
11.0228,-5.87801
11.0232,-5.87742
11.0236,-5.87683
11.024,-5.87625
11.0244,-5.87568
11.0247,-5.87511
11.0251,-5.87455
11.0254,-5.874
11.0258,-5.87346
11.0261,-5.87293
11.0264,-5.87241
11.0268,-5.87189
11.0271,-5.87138
11.0274,-5.87088
11.0277,-5.87039
11.028,-5.86991
11.0283,-5.86943
11.0286,-5.86896
11.0289,-5.8685
11.0292,-5.86805
11.0295,-5.86761
11.0298,-5.86717
11.03,-5.86674
11.0303,-5.86632
11.0305,-5.86591
11.0308,-5.86551
11.031,-5.86512
11.0313,-5.86473
11.0315,-5.86435
11.0317,-5.86398
11.032,-5.86362
11.0322,-5.86326
11.0324,-5.86292
11.0326,-5.86258
11.0328,-5.86225
11.033,-5.86193
11.0332,-5.86162
11.0334,-5.86131
11.0336,-5.86102
11.0337,-5.86073
11.0339,-5.86045
11.0341,-5.86018
11.0342,-5.85991
11.0344,-5.85966
11.0345,-5.85941
11.0347,-5.85917
11.0348,-5.85894
11.035,-5.85872
11.0351,-5.85851
11.0352,-5.8583
11.0353,-5.85811
11.0354,-5.85792
11.0355,-5.85774
11.0356,-5.85757
11.0357,-5.8574
11.0358,-5.85725
11.0359,-5.8571
11.036,-5.85696
11.0361,-5.85683
11.0362,-5.85671
11.0362,-5.8566
11.0363,-5.85649
11.0363,-5.8564
11.0364,-5.85631
11.0364,-5.85623
11.0365,-5.85616
11.0365,-5.8561
11.0365,-5.85604
11.0366,-5.856
11.0366,-5.85596
11.0366,-5.85593
11.0366,-5.85591
11.0366,-5.8559
11.0366,-5.8559
11.0366,-5.8559
11.0366,-5.85592
11.0366,-5.85594
11.0366,-5.85597
11.0366,-5.85601
11.0365,-5.85606
11.0365,-5.85611
11.0365,-5.85618
11.0364,-5.85625
11.0364,-5.85633
11.0363,-5.85642
11.0363,-5.85652
11.0362,-5.85663
11.0361,-5.85675
11.0361,-5.85687
11.036,-5.85701
11.0359,-5.85715
11.0358,-5.8573
11.0357,-5.85746
11.0357,-5.85763
11.0356,-5.85781
11.0354,-5.85799
11.0353,-5.85819
11.0352,-5.85839
11.0351,-5.8586
11.035,-5.85882
11.0349,-5.85905
11.0347,-5.85929
11.0346,-5.85953
11.0345,-5.85979
11.0343,-5.86005
11.0342,-5.86033
11.034,-5.86061
11.0338,-5.8609
11.0337,-5.8612
11.0335,-5.8615
11.0333,-5.86182
11.0332,-5.86215
11.033,-5.86248
11.0328,-5.86282
11.0326,-5.86318
11.0324,-5.86354
11.0322,-5.86391
11.032,-5.86428
11.0318,-5.86467
11.0316,-5.86507
11.0314,-5.86547
11.0311,-5.86589
11.0309,-5.86631
11.0307,-5.86674
11.0305,-5.86718
11.0302,-5.86763
11.03,-5.86809
11.0297,-5.86856
11.0295,-5.86903
11.0292,-5.86952
11.029,-5.87001
11.0287,-5.87051
11.0284,-5.87103
11.0281,-5.87155
11.0279,-5.87208
11.0276,-5.87262
11.0273,-5.87316
11.027,-5.87372
11.0267,-5.87429
11.0264,-5.87486
11.0261,-5.87545
11.0258,-5.87604
11.0255,-5.87664
11.0252,-5.87725
11.0249,-5.87787
11.0245,-5.8785
11.0242,-5.87914
11.0239,-5.87979
11.0235,-5.88045
11.0232,-5.88111
11.0228,-5.88179
11.0225,-5.88247
11.0221,-5.88317
11.0218,-5.88387
11.0214,-5.88458
11.0211,-5.8853
11.0207,-5.88603
11.0203,-5.88677
11.0199,-5.88752
11.0196,-5.88828
11.0192,-5.88904
11.0188,-5.88982
11.0184,-5.89061
11.018,-5.8914
11.0176,-5.89221
11.0172,-5.89302
11.0168,-5.89384
11.0164,-5.89467
11.016,-5.89551
11.0155,-5.89637
11.0151,-5.89723
11.0147,-5.89809
11.0143,-5.89897
11.0138,-5.89986
11.0134,-5.90076
11.0129,-5.90166
11.0125,-5.90258
11.012,-5.90351
11.0116,-5.90444
11.0111,-5.90539
11.0107,-5.90634
11.0102,-5.9073
11.0097,-5.90827
11.0093,-5.90926
11.0088,-5.91025
11.0083,-5.91125
11.0078,-5.91226
11.0073,-5.91328
11.0068,-5.91431
11.0063,-5.91535
11.0058,-5.9164
11.0053,-5.91746
11.0048,-5.91852
11.0043,-5.9196
11.0038,-5.92069
11.0033,-5.92178
11.0028,-5.92289
11.0023,-5.924
11.0017,-5.92513
11.0012,-5.92626
11.0007,-5.92741
11.0001,-5.92856
10.9996,-5.92973
10.999,-5.9309
10.9985,-5.93208
10.9979,-5.93328
10.9974,-5.93448
10.9968,-5.93569
10.9963,-5.93691
10.9957,-5.93814
10.9951,-5.93939
10.9946,-5.94064
10.994,-5.9419
10.9934,-5.94317
10.9928,-5.94445
10.9922,-5.94574
10.9916,-5.94704
10.9911,-5.94835
10.9905,-5.94967
10.9899,-5.951
10.9893,-5.95234
10.9887,-5.95369
10.988,-5.95505
10.9874,-5.95642
10.9868,-5.95779
10.9862,-5.95918
10.9856,-5.96058
10.9849,-5.96199
10.9843,-5.96341
10.9837,-5.96484
10.9831,-5.96628
10.9824,-5.96773
10.9818,-5.96918
10.9811,-5.97065
10.9805,-5.97213
10.9798,-5.97362
10.9792,-5.97512
10.9785,-5.97663
10.9779,-5.97815
10.9772,-5.97968
10.9765,-5.98121
10.9759,-5.98276
10.9752,-5.98432
10.9745,-5.98589
10.9738,-5.98747
10.9732,-5.98906
10.9725,-5.99066
10.9718,-5.99227
10.9711,-5.99389
10.9704,-5.99552
10.9697,-5.99716
10.969,-5.99881
10.9683,-6.00048
10.9676,-6.00215
10.9669,-6.00383
10.9662,-6.00552
10.9655,-6.00722
10.9648,-6.00893
10.9641,-6.01066
10.9633,-6.01239
10.9626,-6.01413
10.9619,-6.01589
10.9612,-6.01765
10.9604,-6.01943
10.9597,-6.02121
10.959,-6.02301
10.9582,-6.02481
10.9575,-6.02663
10.9567,-6.02846
10.956,-6.03029
10.9552,-6.03214
10.9545,-6.034
10.9537,-6.03587
10.953,-6.03775
10.9522,-6.03964
10.9514,-6.04154
10.9507,-6.04345
10.9499,-6.04537
10.9491,-6.0473
10.9484,-6.04924
10.9476,-6.0512
10.9468,-6.05316
10.946,-6.05514
10.9452,-6.05712
10.9444,-6.05912
10.9437,-6.06112
10.9429,-6.06314
10.9421,-6.06517
10.9413,-6.06721
10.9405,-6.06926
10.9397,-6.07132
10.9389,-6.07339
10.9381,-6.07547
10.9373,-6.07756
10.9364,-6.07966
10.9356,-6.08178
10.9348,-6.0839
10.934,-6.08604
10.9332,-6.08819
10.9324,-6.09034
10.9315,-6.09251
10.9307,-6.09469
10.9299,-6.09688
10.929,-6.09908
10.9282,-6.10129
10.9274,-6.10352
10.9265,-6.10575
10.9257,-6.108
10.9249,-6.11025
10.924,-6.11252
10.9232,-6.1148
10.9223,-6.11709
10.9215,-6.11939
10.9206,-6.1217
10.9198,-6.12402
10.9189,-6.12636
10.9181,-6.1287
10.9172,-6.13106
10.9163,-6.13342
10.9155,-6.1358
10.9146,-6.13819
10.9137,-6.14059
10.9129,-6.14301
10.912,-6.14543
10.9111,-6.14786
10.9102,-6.15031
10.9094,-6.15277
10.9085,-6.15523
10.9076,-6.15771
10.9067,-6.16021
10.9058,-6.16271
10.905,-6.16522
10.9041,-6.16775
10.9032,-6.17028
10.9023,-6.17283
10.9014,-6.17539
10.9005,-6.17796
10.8996,-6.18055
10.8987,-6.18314
10.8978,-6.18574
10.8969,-6.18836
10.896,-6.19099
10.8951,-6.19363
10.8942,-6.19628
10.8933,-6.19895
10.8924,-6.20162
10.8915,-6.20431
10.8905,-6.20701
10.8896,-6.20972
10.8887,-6.21244
10.8878,-6.21517
10.8869,-6.21792
10.886,-6.22067
10.885,-6.22344
10.8841,-6.22622
10.8832,-6.22901
10.8823,-6.23182
10.8813,-6.23463
10.8804,-6.23746
10.8795,-6.2403
10.8786,-6.24315
10.8776,-6.24602
10.8767,-6.24889
10.8758,-6.25178
10.8748,-6.25468
10.8739,-6.25759
10.8729,-6.26051
10.872,-6.26345
10.8711,-6.26639
10.8701,-6.26935
10.8692,-6.27233
10.8682,-6.27531
10.8673,-6.2783
10.8664,-6.28131
10.8654,-6.28433
10.8645,-6.28736
10.8635,-6.29041
10.8626,-6.29346
10.8616,-6.29653
10.8607,-6.29961
10.8597,-6.30271
10.8588,-6.30581
10.8578,-6.30893
10.8568,-6.31206
10.8559,-6.3152
10.8549,-6.31836
10.854,-6.32152
10.853,-6.3247
10.8521,-6.32789
10.8511,-6.3311
10.8501,-6.33432
10.8492,-6.33754
10.8482,-6.34079
10.8473,-6.34404
10.8463,-6.34731
10.8453,-6.35059
10.8444,-6.35388
10.8434,-6.35718
10.8424,-6.3605
10.8415,-6.36383
10.8405,-6.36717
10.8395,-6.37053
10.8386,-6.3739
10.8376,-6.37728
10.8366,-6.38067
10.8357,-6.38408
10.8347,-6.38749
10.8337,-6.39093
10.8328,-6.39437
10.8318,-6.39783
10.8308,-6.4013
10.8299,-6.40478
10.8289,-6.40828
10.8279,-6.41179
10.8269,-6.41531
10.826,-6.41884
10.825,-6.42239
10.824,-6.42595
10.8231,-6.42953
10.8221,-6.43311
10.8211,-6.43672
10.8201,-6.44033
10.8192,-6.44396
10.8182,-6.44759
10.8172,-6.45125
10.8163,-6.45491
10.8153,-6.45859
10.8143,-6.46229
10.8133,-6.46599
10.8124,-6.46971
10.8114,-6.47344
10.8104,-6.47719
10.8095,-6.48095
10.8085,-6.48472
10.8075,-6.48851
10.8066,-6.49231
10.8056,-6.49612
10.8046,-6.49995
10.8036,-6.50379
10.8027,-6.50764
10.8017,-6.51151
10.8007,-6.51539
10.7998,-6.51928
10.7988,-6.52319
10.7979,-6.52711
10.7969,-6.53105
10.7959,-6.535
10.795,-6.53896
10.794,-6.54294
10.793,-6.54693
10.7921,-6.55093
10.7911,-6.55495
10.7902,-6.55898
10.7892,-6.56303
10.7882,-6.56709
10.7873,-6.57116
10.7863,-6.57525
10.7854,-6.57935
10.7844,-6.58346
10.7835,-6.58759
10.7825,-6.59174
10.7816,-6.59589
10.7806,-6.60007
10.7797,-6.60425
10.7787,-6.60845
10.7778,-6.61267
10.7768,-6.6169
10.7759,-6.62114
10.7749,-6.6254
10.774,-6.62967
10.773,-6.63395
10.7721,-6.63825
10.7712,-6.64257
10.7702,-6.6469
10.7693,-6.65124
10.7684,-6.6556
10.7674,-6.65997
10.7665,-6.66436
10.7656,-6.66876
10.7646,-6.67317
10.7637,-6.67761
10.7628,-6.68205
10.7619,-6.68651
10.7609,-6.69098
10.76,-6.69547
10.7591,-6.69998
10.7582,-6.7045
10.7573,-6.70903
10.7564,-6.71358
10.7555,-6.71814
10.7546,-6.72272
10.7536,-6.72731
10.7527,-6.73192
10.7518,-6.73654
10.7509,-6.74118
10.75,-6.74584
10.7492,-6.7505
10.7483,-6.75519
10.7474,-6.75988
10.7465,-6.7646
10.7456,-6.76933
10.7447,-6.77407
10.7438,-6.77883
10.743,-6.7836
10.7421,-6.78839
10.7412,-6.7932
10.7403,-6.79802
10.7395,-6.80286
10.7386,-6.80771
10.7377,-6.81257
10.7369,-6.81746
10.736,-6.82235
10.7352,-6.82727
10.7343,-6.83219
10.7335,-6.83714
10.7326,-6.8421
10.7318,-6.84707
10.7309,-6.85207
10.7301,-6.85707
10.7293,-6.8621
10.7284,-6.86713
10.7276,-6.87219
10.7268,-6.87726
10.726,-6.88235
10.7251,-6.88745
10.7243,-6.89257
10.7235,-6.8977
10.7227,-6.90285
10.7219,-6.90802
10.7211,-6.9132
10.7203,-6.9184
10.7195,-6.92361
10.7187,-6.92884
10.7179,-6.93409
10.7171,-6.93935
10.7164,-6.94463
10.7156,-6.94993
10.7148,-6.95524
10.7141,-6.96057
10.7133,-6.96591
10.7125,-6.97128
10.7118,-6.97665
10.711,-6.98205
10.7103,-6.98746
10.7095,-6.99289
10.7088,-6.99833
10.7081,-7.00379
10.7073,-7.00927
10.7066,-7.01476
10.7059,-7.02028
10.7052,-7.0258
10.7045,-7.03135
10.7038,-7.03691
10.7031,-7.04249
10.7024,-7.04808
10.7017,-7.0537
10.701,-7.05933
10.7003,-7.06497
10.6996,-7.07064
10.699,-7.07632
10.6983,-7.08201
10.6976,-7.08773
10.697,-7.09346
10.6963,-7.09921
10.6957,-7.10498
10.695,-7.11076
10.6944,-7.11656
10.6938,-7.12238
10.6932,-7.12822
10.6925,-7.13407
10.6919,-7.13995
10.6913,-7.14583
10.6907,-7.15174
10.6901,-7.15767
10.6895,-7.16361
10.6889,-7.16957
10.6884,-7.17555
10.6878,-7.18154
10.6872,-7.18755
10.6867,-7.19358
10.6861,-7.19963
10.6856,-7.2057
10.685,-7.21178
10.6845,-7.21789
10.684,-7.22401
10.6835,-7.23015
10.683,-7.2363
10.6825,-7.24248
10.682,-7.24867
10.6815,-7.25488
10.681,-7.26111
10.6805,-7.26736
10.68,-7.27363
10.6796,-7.27991
10.6791,-7.28622
10.6787,-7.29254
10.6782,-7.29888
10.6778,-7.30524
10.6774,-7.31162
10.6769,-7.31801
10.6765,-7.32443
10.6761,-7.33086
10.6757,-7.33732
10.6754,-7.34379
10.675,-7.35028
10.6746,-7.35679
10.6742,-7.36331
10.6739,-7.36986
10.6736,-7.37643
10.6732,-7.38301
10.6729,-7.38961
10.6726,-7.39624
10.6723,-7.40288
10.672,-7.40954
10.6717,-7.41622
10.6714,-7.42292
10.6711,-7.42964
10.6708,-7.43638
10.6706,-7.44314
10.6703,-7.44992
10.6701,-7.45671
10.6699,-7.46353
10.6697,-7.47037
10.6695,-7.47722
10.6693,-7.4841
10.6691,-7.49099
10.6689,-7.49791
10.6687,-7.50484
10.6686,-7.51179
10.6684,-7.51877
10.6683,-7.52576
10.6682,-7.53278
10.668,-7.53981
10.6679,-7.54686
10.6678,-7.55394
10.6678,-7.56103
10.6677,-7.56815
10.6676,-7.57528
10.6676,-7.58244
10.6675,-7.58961
10.6675,-7.5968
10.6675,-7.60402
10.6675,-7.61126
10.6675,-7.61851
10.6675,-7.62579
10.6676,-7.63309
10.6676,-7.6404
10.6677,-7.64774
10.6677,-7.6551
10.6678,-7.66248
10.6679,-7.66988
10.668,-7.6773
10.6681,-7.68474
10.6683,-7.6922
10.6684,-7.69969
10.6686,-7.70719
10.6688,-7.71472
10.6689,-7.72226
10.6691,-7.72983
10.6694,-7.73742
10.6696,-7.74503
10.6698,-7.75266
10.6701,-7.76031
10.6704,-7.76798
10.6706,-7.77567
10.6709,-7.78339
10.6712,-7.79113
10.6716,-7.79888
10.6719,-7.80666
10.6723,-7.81446
10.6727,-7.82228
10.673,-7.83013
10.6734,-7.83799
10.6739,-7.84588
10.6743,-7.85379
10.6748,-7.86172
10.6752,-7.86967
10.6757,-7.87764
10.6762,-7.88564
10.6767,-7.89365
10.6773,-7.90169
10.6778,-7.90975
10.6784,-7.91783
10.679,-7.92593
10.6796,-7.93406
10.6802,-7.94221
10.6808,-7.95038
10.6815,-7.95857
10.6822,-7.96678
10.6829,-7.97502
10.6836,-7.98327
10.6843,-7.99155
10.685,-7.99986
10.6858,-8.00818
10.6866,-8.01653
10.6874,-8.02489
10.6882,-8.03328
10.6891,-8.0417
10.6899,-8.05013
10.6908,-8.05859
10.6917,-8.06707
10.6926,-8.07557
10.6936,-8.0841
10.6946,-8.09264
10.6955,-8.10121
10.6966,-8.1098
10.6976,-8.11842
10.6986,-8.12705
10.6997,-8.13571
10.7008,-8.14439
10.7019,-8.1531
10.7031,-8.16182
10.7042,-8.17057
10.7054,-8.17935
10.7066,-8.18814
10.7078,-8.19696
10.7091,-8.2058
10.7104,-8.21466
10.7117,-8.22354
10.713,-8.23245
10.7143,-8.24138
10.7157,-8.25033
10.7171,-8.2593
10.7185,-8.2683
10.72,-8.27732
10.7215,-8.28636
10.723,-8.29543
10.7245,-8.30452
10.726,-8.31363
10.7276,-8.32276
10.7292,-8.33191
10.7309,-8.34109
10.7325,-8.35029
10.7342,-8.35952
10.7359,-8.36876
10.7377,-8.37803
10.7394,-8.38732
10.7412,-8.39663
10.7431,-8.40597
10.7449,-8.41532
10.7468,-8.4247
10.7487,-8.43411
10.7507,-8.44353
10.7526,-8.45298
10.7547,-8.46245
10.7567,-8.47194
10.7588,-8.48145
10.7609,-8.49099
10.763,-8.50054
10.7651,-8.51012
10.7673,-8.51972
10.7696,-8.52935
10.7718,-8.53899
10.7741,-8.54866
10.7764,-8.55835
10.7788,-8.56806
10.7812,-8.57779
10.7836,-8.58754
10.7861,-8.59732
10.7886,-8.60712
10.7911,-8.61693
10.7937,-8.62677
10.7963,-8.63663
10.7989,-8.64651
10.8016,-8.65642
10.8043,-8.66634
10.8071,-8.67628
10.8099,-8.68625
10.8127,-8.69623
10.8156,-8.70624
10.8185,-8.71626
10.8214,-8.72631
10.8244,-8.73638
10.8274,-8.74646
10.8305,-8.75657
10.8336,-8.7667
10.8367,-8.77684
10.8399,-8.78701
10.8431,-8.79719
10.8464,-8.8074
10.8497,-8.81762
10.853,-8.82786
10.8564,-8.83812
10.8599,-8.8484
10.8634,-8.8587
10.8669,-8.86901
10.8705,-8.87935
10.8741,-8.8897
10.8777,-8.90007
10.8814,-8.91046
10.8852,-8.92086
10.889,-8.93128
10.8928,-8.94172
10.8967,-8.95217
10.9007,-8.96264
10.9047,-8.97313
10.9087,-8.98363
10.9128,-8.99415
10.9169,-9.00469
10.9211,-9.01523
10.9253,-9.0258
10.9296,-9.03638
10.934,-9.04697
10.9384,-9.05758
10.9428,-9.0682
10.9473,-9.07883
10.9518,-9.08948
10.9564,-9.10014
10.9611,-9.11081
10.9658,-9.12149
10.9706,-9.13219
10.9754,-9.1429
10.9803,-9.15361
10.9852,-9.16434
10.9902,-9.17508
10.9952,-9.18583
11.0003,-9.19659
11.0055,-9.20736
11.0107,-9.21813
11.016,-9.22892
11.0213,-9.23971
11.0267,-9.25051
11.0321,-9.26132
11.0376,-9.27213
11.0432,-9.28295
11.0488,-9.29378
11.0545,-9.30461
11.0603,-9.31544
11.0661,-9.32628
11.072,-9.33713
11.0779,-9.34797
11.0839,-9.35882
11.09,-9.36967
11.0962,-9.38052
11.1024,-9.39138
11.1086,-9.40223
11.115,-9.41308
11.1214,-9.42393
11.1278,-9.43478
11.1343,-9.44563
11.1409,-9.45648
11.1476,-9.46732
11.1543,-9.47815
11.1611,-9.48899
11.168,-9.49981
11.175,-9.51063
11.182,-9.52145
11.189,-9.53226
11.1962,-9.54305
11.2034,-9.55384
11.2107,-9.56462
11.2181,-9.57539
11.2255,-9.58615
11.233,-9.59689
11.2406,-9.60763
11.2482,-9.61834
11.2559,-9.62905
11.2637,-9.63974
11.2716,-9.65041
11.2795,-9.66107
11.2876,-9.6717
11.2956,-9.68232
11.3038,-9.69292
11.312,-9.7035
11.3203,-9.71406
11.3287,-9.72459
11.3372,-9.7351
11.3457,-9.74559
11.3543,-9.75605
11.363,-9.76649
11.3717,-9.7769
11.3806,-9.78728
11.3895,-9.79763
11.3985,-9.80796
11.4075,-9.81825
11.4166,-9.82851
11.4258,-9.83874
11.4351,-9.84893
11.4445,-9.85909
11.4539,-9.86921
11.4634,-9.8793
11.473,-9.88934
11.4826,-9.89935
11.4924,-9.90932
11.5022,-9.91925
11.512,-9.92914
11.522,-9.93898
11.532,-9.94878
11.5421,-9.95853
11.5523,-9.96824
11.5625,-9.9779
11.5728,-9.98751
11.5832,-9.99708
11.5936,-10.0066
11.6042,-10.0161
11.6148,-10.0255
11.6254,-10.0348
11.6362,-10.0441
11.647,-10.0534
11.6578,-10.0626
11.6688,-10.0717
11.6798,-10.0808
11.6909,-10.0898
11.702,-10.0987
11.7132,-10.1076
11.7245,-10.1165
11.7359,-10.1252
11.7473,-10.1339
11.7587,-10.1426
11.7703,-10.1511
11.7819,-10.1596
11.7935,-10.1681
11.8052,-10.1764
11.817,-10.1847
11.8288,-10.193
11.8407,-10.2011
11.8527,-10.2092
11.8647,-10.2172
11.8767,-10.2252
11.8889,-10.233
11.901,-10.2408
11.9133,-10.2486
11.9255,-10.2562
11.9379,-10.2638
11.9502,-10.2712
11.9626,-10.2786
11.9751,-10.286
11.9876,-10.2932
12.0002,-10.3004
12.0128,-10.3075
12.0255,-10.3145
12.0382,-10.3214
12.0509,-10.3283
12.0637,-10.335
12.0765,-10.3417
12.0893,-10.3483
12.1022,-10.3548
12.1152,-10.3612
12.1281,-10.3676
12.1411,-10.3738
12.1541,-10.38
12.1672,-10.3861
12.1803,-10.3921
12.1934,-10.398
12.2066,-10.4038
