1,0
0.999851,0.017225
0.999406,0.0344204
0.998665,0.0516168
0.997626,0.0687974
0.996292,0.0859569
0.994662,0.10309
0.992737,0.120193
0.990515,0.137271
0.988001,0.154295
0.985194,0.171274
0.982094,0.188201
0.978703,0.205071
0.975021,0.22188
0.97105,0.238623
0.966791,0.255294
0.962245,0.271889
0.957413,0.288403
0.952297,0.304831
0.946898,0.321168
0.941219,0.337409
0.93526,0.353549
0.929023,0.369584
0.922511,0.385509
0.915725,0.401319
0.908667,0.417009
0.90134,0.432575
0.89375,0.448001
0.88589,0.463305
0.877767,0.478471
0.869383,0.493494
0.860742,0.50837
0.851845,0.523095
0.842695,0.537665
0.833295,0.552074
0.823648,0.566319
0.813756,0.580395
0.803623,0.594299
0.793251,0.608026
0.782644,0.621572
0.771804,0.634933
0.760735,0.648105
0.749441,0.661084
0.737924,0.673867
0.726188,0.686449
0.714237,0.698827
0.702073,0.710998
0.689702,0.722957
0.677125,0.7347
0.664347,0.746226
0.651373,0.757529
0.638204,0.768608
0.624847,0.779457
0.611304,0.790075
0.597579,0.800459
0.583677,0.810604
0.569601,0.820508
0.555357,0.830168
0.540947,0.839582
0.526377,0.848746
0.511651,0.857658
0.496773,0.866315
0.481747,0.874714
0.466578,0.882854
0.45127,0.890731
0.435828,0.898344
0.420257,0.905689
0.404561,0.912766
0.388744,0.919571
0.372812,0.926103
0.356769,0.93236
0.34062,0.93834
0.32437,0.944041
0.308023,0.949462
0.291584,0.954601
0.275059,0.959456
0.258451,0.964026
0.241767,0.96831
0.22501,0.972306
0.208186,0.976014
0.1913,0.979431
0.174357,0.982558
0.157361,0.985393
0.140319,0.987935
0.123234,0.990184
0.106112,0.992139
0.0889577,0.993799
0.0717766,0.995164
0.0545736,0.996234
0.0373536,0.997008
0.0201219,0.997486
0.0028834,0.997667
-0.0143567,0.997553
-0.0315934,0.997142
-0.0488216,0.996435
-0.0660362,0.995432
-0.0832321,0.994134
-0.100404,0.99254
-0.117548,0.990652
-0.134658,0.98847
-0.151728,0.985994
-0.168755,0.983225
-0.185733,0.980164
-0.202658,0.976813
-0.219523,0.973171
-0.236325,0.96924
-0.253058,0.965022
-0.269717,0.960516
-0.286298,0.955726
-0.302795,0.950651
-0.319204,0.945295
-0.33552,0.939657
-0.351739,0.93374
-0.367854,0.927546
-0.383863,0.921076
-0.399759,0.914333
-0.415539,0.907318
-0.431197,0.900033
-0.446729,0.892481
-0.462131,0.884663
-0.477399,0.876582
-0.492526,0.868241
-0.50751,0.859641
-0.522346,0.850786
-0.537029,0.841677
-0.551555,0.832318
-0.56592,0.822711
-0.58012,0.81286
-0.59415,0.802766
-0.608007,0.792434
-0.621686,0.781865
-0.635183,0.771063
-0.648495,0.760031
-0.661618,0.748773
-0.674547,0.737292
-0.687279,0.72559
-0.69981,0.713672
-0.712137,0.701541
-0.724256,0.6892
-0.736163,0.676654
-0.747856,0.663905
-0.759329,0.650957
-0.770581,0.637815
-0.781608,0.624482
-0.792406,0.610961
-0.802973,0.597258
-0.813306,0.583375
-0.823401,0.569318
-0.833255,0.555089
-0.842866,0.540693
-0.852231,0.526135
-0.861347,0.511418
-0.870211,0.496547
-0.878821,0.481526
-0.887174,0.466359
-0.895268,0.451052
-0.903101,0.435608
-0.91067,0.420032
-0.917973,0.404328
-0.925007,0.388501
-0.931772,0.372556
-0.938264,0.356497
-0.944483,0.340329
-0.950425,0.324056
-0.95609,0.307684
-0.961475,0.291217
-0.96658,0.27466
-0.971402,0.258017
-0.975941,0.241294
-0.980195,0.224495
-0.984162,0.207626
-0.987841,0.19069
-0.991233,0.173694
-0.994334,0.156642
-0.997145,0.139539
-0.999665,0.12239
-1.00189,0.1052
-1.00383,0.0879734
-1.00547,0.0707161
-1.00682,0.0534328
-1.00787,0.0361285
-1.00863,0.0188083
-1.00909,0.00147722
-1.00926,-0.0158597
-1.00914,-0.0331975
-1.00872,-0.0505311
-1.008,-0.0678553
-1.00699,-0.0851652
-1.00569,-0.102456
-1.00409,-0.119722
-1.0022,-0.136959
-1.00002,-0.154161
-0.997541,-0.171324
-0.994773,-0.188442
-0.991714,-0.205511
-0.988366,-0.222525
-0.984728,-0.23948
-0.980802,-0.256371
-0.97659,-0.273192
-0.972093,-0.289939
-0.967311,-0.306607
-0.962242,-0.323203
-0.956896,-0.339698
-0.95127,-0.3561
-0.945366,-0.372403
-0.939186,-0.388603
-0.932731,-0.404695
-0.926003,-0.420675
-0.919005,-0.436537
-0.911738,-0.452277
-0.904204,-0.467891
-0.896406,-0.483374
-0.888346,-0.498721
-0.880026,-0.513928
-0.871449,-0.528991
-0.862617,-0.543904
-0.853534,-0.558664
-0.8442,-0.573267
-0.83462,-0.587707
-0.824796,-0.601982
-0.814731,-0.616086
-0.804429,-0.630016
-0.793891,-0.643767
-0.783121,-0.657335
-0.772122,-0.670717
-0.760898,-0.683909
-0.749452,-0.696906
-0.737787,-0.709705
-0.725907,-0.722302
-0.713815,-0.734693
-0.701514,-0.746876
-0.68901,-0.758845
-0.676304,-0.770598
-0.663401,-0.782131
-0.650305,-0.793442
-0.637019,-0.804525
-0.623548,-0.815379
-0.609895,-0.826
-0.596065,-0.836386
-0.582062,-0.846532
-0.56789,-0.856436
-0.553552,-0.866095
-0.539054,-0.875506
-0.5244,-0.884667
-0.509593,-0.893575
-0.494639,-0.902227
-0.479542,-0.910621
-0.464306,-0.918754
-0.448936,-0.926624
-0.433436,-0.934229
-0.417812,-0.941566
-0.402067,-0.948633
-0.386207,-0.955428
-0.370235,-0.96195
-0.354158,-0.968196
-0.33798,-0.974164
-0.321705,-0.979854
-0.305338,-0.985262
-0.288885,-0.990388
-0.27235,-0.995231
-0.255738,-0.999788
-0.239054,-1.00406
-0.222304,-1.00804
-0.205491,-1.01174
-0.188622,-1.01514
-0.171701,-1.01825
-0.154733,-1.02107
-0.137723,-1.0236
-0.120677,-1.02584
-0.103599,-1.02778
-0.0864951,-1.02943
-0.0693697,-1.03078
-0.0522282,-1.03184
-0.0350756,-1.0326
-0.0179172,-1.03307
-0.00075792,-1.03324
0.0163969,-1.03312
0.0335423,-1.0327
0.0506731,-1.03199
0.067784,-1.03098
0.0848702,-1.02968
0.101926,-1.02808
0.118947,-1.02619
0.135928,-1.024
0.152864,-1.02153
0.169749,-1.01876
0.186579,-1.0157
0.203349,-1.01236
0.220053,-1.00872
0.236687,-1.0048
0.253246,-1.00059
0.269724,-0.996103
0.286117,-0.991328
0.30242,-0.986271
0.318627,-0.980935
0.334736,-0.975321
0.350739,-0.96943
0.366633,-0.963264
0.382413,-0.956826
0.398074,-0.950117
0.413612,-0.943139
0.429021,-0.935895
0.444298,-0.928387
0.459437,-0.920617
0.474435,-0.912588
0.489286,-0.904302
0.503987,-0.895761
0.518533,-0.886969
0.532919,-0.877928
0.547141,-0.868641
0.561196,-0.85911
0.575079,-0.849339
0.588785,-0.83933
0.602311,-0.829088
0.615653,-0.818614
0.628807,-0.807912
0.641768,-0.796985
0.654534,-0.785837
0.667099,-0.774471
0.679461,-0.762891
0.691616,-0.7511
0.70356,-0.739101
0.71529,-0.726899
0.726802,-0.714497
0.738093,-0.701898
0.749159,-0.689108
0.759997,-0.676129
0.770605,-0.662966
0.780978,-0.649622
0.791114,-0.636101
0.801009,-0.622409
0.810661,-0.608548
0.820068,-0.594524
0.829225,-0.580339
0.838131,-0.566
0.846783,-0.551509
0.855178,-0.536872
0.863314,-0.522092
0.871188,-0.507175
0.878798,-0.492125
0.886142,-0.476946
0.893217,-0.461643
0.900023,-0.44622
0.906555,-0.430683
0.912814,-0.415036
0.918796,-0.399283
0.924499,-0.383429
0.929924,-0.36748
0.935067,-0.35144
0.939927,-0.335314
0.944503,-0.319106
0.948793,-0.302822
0.952796,-0.286467
0.956511,-0.270045
0.959937,-0.253561
0.963073,-0.237021
0.965918,-0.220429
0.96847,-0.20379
0.97073,-0.18711
0.972697,-0.170393
0.974369,-0.153644
0.975747,-0.136869
0.97683,-0.120073
0.977618,-0.10326
0.978111,-0.0864351
0.978307,-0.0696044
0.978208,-0.0527723
0.977813,-0.0359441
0.977123,-0.0191248
0.976137,-0.00231934
0.974856,0.0144671
0.973281,0.0312294
0.971411,0.0479627
0.969247,0.0646618
0.96679,0.0813218
0.96404,0.0979376
0.960999,0.114504
0.957667,0.131017
0.954046,0.14747
0.950135,0.163859
0.945937,0.180179
0.941452,0.196426
0.936682,0.212593
0.931629,0.228677
0.926293,0.244672
0.920677,0.260573
0.914781,0.276377
0.908608,0.292077
0.902159,0.30767
0.895437,0.323151
0.888443,0.338514
0.881179,0.353755
0.873648,0.368871
0.865851,0.383855
0.857791,0.398704
0.84947,0.413413
0.840891,0.427977
0.832056,0.442393
0.822968,0.456656
0.813629,0.470761
0.804042,0.484705
0.79421,0.498482
0.784136,0.512089
0.773822,0.525522
0.763272,0.538777
0.752489,0.551849
0.741476,0.564735
0.730236,0.57743
0.718772,0.589932
0.707089,0.602235
0.695188,0.614337
0.683074,0.626233
0.67075,0.63792
0.65822,0.649395
0.645488,0.660653
0.632557,0.671692
0.619431,0.682508
0.606114,0.693097
0.592609,0.703457
0.578921,0.713584
0.565054,0.723476
0.551012,0.733128
0.536798,0.742539
0.522418,0.751705
0.507875,0.760623
0.493173,0.769291
0.478317,0.777705
0.463311,0.785865
0.44816,0.793765
0.432869,0.801406
0.41744,0.808783
0.40188,0.815894
0.386192,0.822738
0.370381,0.829313
0.354453,0.835615
0.338411,0.841644
0.32226,0.847397
0.306005,0.852872
0.289651,0.858068
0.273202,0.862983
0.256664,0.867615
0.240042,0.871963
0.223339,0.876026
0.206561,0.879801
0.189714,0.883289
0.172801,0.886488
0.155828,0.889396
0.1388,0.892012
0.121722,0.894337
0.104599,0.896368
0.0874363,0.898106
0.0702383,0.899549
0.0530103,0.900697
0.0357574,0.901549
0.0184848,0.902106
0.00119747,0.902367
-0.0160995,0.902331
-0.033401,0.901998
-0.050702,0.901369
-0.0679973,0.900444
-0.0852818,0.899222
-0.102551,0.897704
-0.119798,0.89589
-0.13702,0.893781
-0.154211,0.891377
-0.171366,0.888678
-0.18848,0.885686
-0.205547,0.882401
-0.222563,0.878823
-0.239523,0.874955
-0.256422,0.870796
-0.273255,0.866348
-0.290017,0.861613
-0.306702,0.85659
-0.323307,0.851283
-0.339826,0.845691
-0.356254,0.839817
-0.372587,0.833663
-0.388819,0.827229
-0.404946,0.820518
-0.420963,0.813532
-0.436866,0.806272
-0.45265,0.79874
-0.46831,0.790939
-0.483841,0.782871
-0.499239,0.774538
-0.5145,0.765943
-0.529619,0.757087
-0.544591,0.747973
-0.559413,0.738604
-0.574079,0.728982
-0.588586,0.719111
-0.602929,0.708992
-0.617104,0.698629
-0.631106,0.688025
-0.644933,0.677183
-0.658579,0.666105
-0.672041,0.654795
-0.685315,0.643256
-0.698396,0.631492
-0.711273,0.619513
-0.723959,0.607308
-0.736442,0.594887
-0.748717,0.582254
-0.760782,0.569412
-0.772632,0.556366
-0.784265,0.543119
-0.795676,0.529675
-0.806863,0.516037
-0.817822,0.50221
-0.828551,0.488198
-0.839045,0.474003
-0.849302,0.459632
-0.859319,0.445086
-0.869093,0.430372
-0.878621,0.415492
-0.8879,0.400452
-0.896928,0.385255
-0.905702,0.369906
-0.914219,0.354409
-0.922477,0.338768
-0.930473,0.322989
-0.938206,0.307075
-0.945673,0.291032
-0.952871,0.274863
-0.959799,0.258573
-0.966455,0.242167
-0.972836,0.22565
-0.978941,0.209026
-0.984768,0.192301
-0.990315,0.175478
-0.995582,0.158563
-1.00057,0.141561
-1.00526,0.124476
-1.00968,0.107313
-1.0138,0.0900772
-1.01764,0.0727737
-1.02119,0.0554072
-1.02445,0.0379828
-1.02742,0.0205054
-1.0301,0.0029799
-1.03248,-0.0145886
-1.03457,-0.032195
-1.03637,-0.0498345
-1.03787,-0.0675018
-1.03907,-0.085192
-1.03998,-0.1029
-1.0406,-0.120621
-1.04092,-0.138349
-1.04094,-0.15608
-1.04067,-0.173809
-1.0401,-0.19153
-1.03924,-0.209239
-1.03808,-0.22693
-1.03663,-0.244598
-1.03488,-0.262239
-1.03284,-0.279847
-1.03051,-0.297417
-1.02788,-0.314945
-1.02496,-0.332424
-1.02175,-0.349851
-1.01825,-0.36722
-1.01446,-0.384527
-1.01038,-0.401765
-1.00602,-0.418932
-1.00137,-0.43602
-0.996433,-0.453027
-0.991217,-0.469946
-0.98572,-0.486773
-0.979943,-0.503503
-0.973889,-0.520132
-0.967559,-0.536655
-0.960954,-0.553066
-0.954078,-0.569362
-0.946931,-0.585537
-0.939517,-0.601588
-0.931837,-0.617509
-0.923893,-0.633296
-0.915688,-0.648944
-0.907224,-0.664449
-0.898504,-0.679807
-0.889531,-0.695013
-0.880306,-0.710063
-0.870832,-0.724952
-0.861114,-0.739677
-0.851152,-0.754233
-0.840951,-0.768616
-0.830513,-0.782822
-0.819841,-0.796847
-0.808939,-0.810687
-0.797809,-0.824338
-0.786455,-0.837795
-0.774881,-0.851057
-0.763089,-0.864117
-0.751083,-0.876974
-0.738867,-0.889623
-0.726444,-0.90206
-0.713819,-0.914282
-0.700994,-0.926286
-0.687973,-0.938069
-0.674761,-0.949626
-0.661361,-0.960955
-0.647777,-0.972052
-0.634013,-0.982915
-0.620073,-0.99354
-0.605962,-1.00392
-0.591684,-1.01406
-0.577242,-1.02396
-0.562641,-1.0336
-0.547885,-1.043
-0.53298,-1.05213
-0.517928,-1.06102
-0.502735,-1.06964
-0.487405,-1.078
-0.471942,-1.08609
-0.456352,-1.09392
-0.440638,-1.10148
-0.424806,-1.10877
-0.40886,-1.11578
-0.392805,-1.12253
-0.376646,-1.12899
-0.360387,-1.13518
-0.344033,-1.14108
-0.327589,-1.14671
-0.311061,-1.15205
-0.294452,-1.15711
-0.277768,-1.16188
-0.261014,-1.16636
-0.244194,-1.17056
-0.227315,-1.17447
-0.21038,-1.17808
-0.193395,-1.18141
-0.176365,-1.18444
-0.159294,-1.18718
-0.142189,-1.18963
-0.125054,-1.19178
-0.107894,-1.19364
-0.0907145,-1.1952
-0.0735204,-1.19647
-0.0563168,-1.19744
-0.0391089,-1.19812
-0.0219019,-1.1985
-0.00470071,-1.19859
0.0124894,-1.19838
0.0296633,-1.19787
0.0468158,-1.19707
0.063942,-1.19598
0.0810366,-1.1946
0.0980946,-1.19292
0.115111,-1.19094
0.13208,-1.18868
0.148998,-1.18612
0.165859,-1.18328
0.182658,-1.18015
0.19939,-1.17673
0.21605,-1.17302
0.232633,-1.16903
0.249134,-1.16475
0.265549,-1.16019
0.281871,-1.15535
0.298098,-1.15023
0.314223,-1.14484
0.330242,-1.13917
0.34615,-1.13322
0.361942,-1.127
0.377614,-1.12052
0.393161,-1.11376
0.408578,-1.10675
0.423861,-1.09946
0.439005,-1.09192
0.454006,-1.08412
0.468859,-1.07607
0.48356,-1.06776
0.498104,-1.0592
0.512488,-1.05039
0.526706,-1.04134
0.540755,-1.03205
0.55463,-1.02252
0.568328,-1.01275
0.581844,-1.00275
0.595174,-0.992522
0.608315,-0.982068
0.621262,-0.97139
0.634012,-0.960493
0.64656,-0.949381
0.658904,-0.938056
0.671039,-0.926523
0.682962,-0.914784
0.69467,-0.902845
0.706158,-0.890707
0.717424,-0.878376
0.728464,-0.865856
0.739276,-0.853149
0.749855,-0.84026
0.760198,-0.827194
0.770304,-0.813954
0.780168,-0.800545
0.789788,-0.78697
0.799161,-0.773234
0.808284,-0.759341
0.817155,-0.745296
0.825771,-0.731103
0.834129,-0.716766
0.842228,-0.70229
0.850064,-0.68768
0.857635,-0.672939
0.86494,-0.658073
0.871976,-0.643086
0.878741,-0.627983
0.885233,-0.612769
0.891451,-0.597448
0.897392,-0.582025
0.903054,-0.566504
0.908437,-0.550891
0.913539,-0.535191
0.918357,-0.519408
0.922892,-0.503547
0.927141,-0.487613
0.931103,-0.471611
0.934777,-0.455546
0.938163,-0.439423
0.941258,-0.423247
0.944063,-0.407023
0.946577,-0.390755
0.948798,-0.37445
0.950727,-0.358111
0.952363,-0.341744
0.953704,-0.325354
0.954752,-0.308947
0.955506,-0.292526
0.955965,-0.276097
0.956129,-0.259666
0.955999,-0.243237
0.955574,-0.226815
0.954856,-0.210405
0.953843,-0.194013
0.952536,-0.177643
0.950937,-0.1613
0.949044,-0.14499
0.94686,-0.128717
0.944384,-0.112486
0.941617,-0.0963033
0.93856,-0.0801726
0.935215,-0.0640991
0.931582,-0.0480878
0.927662,-0.0321436
0.923456,-0.0162715
0.918967,-0.00047625
0.914194,0.0152373
0.90914,0.0308643
0.903806,0.0463999
0.898193,0.0618394
0.892304,0.0771781
0.88614,0.0924112
0.879703,0.107534
0.872994,0.122542
0.866017,0.137431
0.858772,0.152195
0.851263,0.166831
0.843491,0.181333
0.835458,0.195698
0.827167,0.209921
0.818621,0.223998
0.809822,0.237924
0.800772,0.251695
0.791474,0.265306
0.781932,0.278754
0.772147,0.292035
0.762123,0.305143
0.751863,0.318076
0.741369,0.330829
0.730645,0.343398
0.719694,0.355779
0.708519,0.367969
0.697123,0.379963
0.68551,0.391758
0.673684,0.403351
0.661647,0.414737
0.649403,0.425912
0.636956,0.436875
0.62431,0.44762
0.611468,0.458145
0.598433,0.468447
0.585211,0.478521
0.571804,0.488366
0.558217,0.497977
0.544453,0.507351
0.530517,0.516487
0.516413,0.52538
0.502145,0.534028
0.487716,0.542429
0.473132,0.550578
0.458397,0.558475
0.443514,0.566115
0.428489,0.573498
0.413326,0.58062
0.398029,0.587478
0.382602,0.594072
0.367051,0.600397
0.351379,0.606454
0.335592,0.612238
0.319694,0.617749
0.30369,0.622984
0.287584,0.627942
0.271381,0.632621
0.255086,0.63702
0.238704,0.641136
0.22224,0.644968
0.205698,0.648515
0.189083,0.651776
0.1724,0.65475
0.155655,0.657434
0.138852,0.659828
0.121995,0.661932
0.105091,0.663744
0.0881434,0.665263
0.0711579,0.66649
0.0541395,0.667422
0.0370931,0.66806
0.0200238,0.668402
0.00293658,0.66845
-0.0141635,0.668202
-0.0312713,0.667658
-0.0483818,0.666818
-0.0654899,0.665682
-0.0825907,0.66425
-0.0996789,0.662523
-0.11675,0.660499
-0.133798,0.658181
-0.150818,0.655568
-0.167806,0.65266
-0.184756,0.649459
-0.201663,0.645964
-0.218522,0.642177
-0.235328,0.638099
-0.252077,0.633729
-0.268763,0.629071
-0.285381,0.624123
-0.301926,0.618888
-0.318394,0.613368
-0.334779,0.607562
-0.351077,0.601473
-0.367282,0.595102
-0.383391,0.588451
-0.399397,0.581521
-0.415297,0.574315
-0.431085,0.566834
-0.446758,0.559079
-0.462309,0.551054
-0.477735,0.54276
-0.493031,0.534198
-0.508192,0.525373
-0.523214,0.516285
-0.538093,0.506938
-0.552823,0.497333
-0.567401,0.487473
-0.581822,0.477362
-0.596081,0.467001
-0.610175,0.456393
-0.6241,0.445542
-0.63785,0.434449
-0.651423,0.423119
-0.664813,0.411555
-0.678018,0.399759
-0.691032,0.387734
-0.703852,0.375484
-0.716475,0.363013
-0.728896,0.350323
-0.741111,0.337419
-0.753118,0.324303
-0.764911,0.31098
-0.776489,0.297452
-0.787847,0.283725
-0.798982,0.269801
-0.80989,0.255684
-0.820569,0.241379
-0.831015,0.226889
-0.841224,0.212218
-0.851195,0.197371
-0.860923,0.182351
-0.870406,0.167163
-0.879641,0.151811
-0.888625,0.1363
-0.897356,0.120633
-0.90583,0.104814
-0.914046,0.0888496
-0.922001,0.0727426
-0.929692,0.056498
-0.937117,0.0401204
-0.944274,0.0236142
-0.95116,0.00698417
-0.957774,-0.00976505
-0.964114,-0.0266288
-0.970177,-0.0436022
-0.975962,-0.0606807
-0.981466,-0.0778593
-0.986689,-0.0951332
-0.991629,-0.112498
-0.996284,-0.129948
-1.00065,-0.147479
-1.00473,-0.165085
-1.00853,-0.182762
-1.01203,-0.200505
-1.01524,-0.218309
-1.01816,-0.236169
-1.02078,-0.25408
-1.02312,-0.272036
-1.02515,-0.290033
-1.0269,-0.308065
-1.02834,-0.326128
-1.02949,-0.344217
-1.03035,-0.362326
-1.0309,-0.38045
-1.03116,-0.398584
-1.03112,-0.416723
-1.03079,-0.434862
-1.03016,-0.452995
-1.02923,-0.471119
-1.028,-0.489227
-1.02648,-0.507314
-1.02466,-0.525376
-1.02254,-0.543407
-1.02013,-0.561402
-1.01743,-0.579357
-1.01443,-0.597265
-1.01114,-0.615123
-1.00756,-0.632925
-1.00368,-0.650665
-0.99952,-0.66834
-0.995068,-0.685944
-0.990329,-0.703472
-0.985304,-0.720919
-0.979994,-0.738281
-0.974402,-0.755552
-0.968528,-0.772727
-0.962374,-0.789803
-0.955943,-0.806773
-0.949235,-0.823634
-0.942254,-0.84038
-0.935,-0.857008
-0.927477,-0.873511
-0.919686,-0.889886
-0.911629,-0.906128
-0.903309,-0.922233
-0.894728,-0.938196
-0.885889,-0.954012
-0.876794,-0.969677
-0.867446,-0.985187
-0.857848,-1.00054
-0.848002,-1.01573
-0.837912,-1.03074
-0.827579,-1.04559
-0.817008,-1.06026
-0.806202,-1.07475
-0.795162,-1.08906
-0.783894,-1.10318
-0.772399,-1.1171
-0.760681,-1.13083
-0.748744,-1.14436
-0.736592,-1.15769
-0.724227,-1.17081
-0.711653,-1.18372
-0.698874,-1.19641
-0.685894,-1.20889
-0.672716,-1.22114
-0.659345,-1.23317
-0.645783,-1.24498
-0.632036,-1.25655
-0.618107,-1.26789
-0.604,-1.27899
-0.589719,-1.28985
-0.575269,-1.30046
-0.560653,-1.31084
-0.545876,-1.32096
-0.530942,-1.33083
-0.515856,-1.34045
-0.500622,-1.34981
-0.485244,-1.35891
-0.469726,-1.36775
-0.454074,-1.37632
-0.438292,-1.38463
-0.422385,-1.39267
-0.406356,-1.40044
-0.390212,-1.40794
-0.373956,-1.41516
-0.357593,-1.42211
-0.341128,-1.42878
-0.324565,-1.43517
-0.307911,-1.44127
-0.291168,-1.4471
-0.274343,-1.45264
-0.25744,-1.45789
-0.240465,-1.46286
-0.223421,-1.46754
-0.206315,-1.47193
-0.18915,-1.47603
-0.171932,-1.47984
-0.154667,-1.48335
-0.137358,-1.48658
-0.120012,-1.48951
-0.102633,-1.49214
-0.0852256,-1.49448
-0.0677958,-1.49653
-0.0503484,-1.49828
-0.0328885,-1.49973
-0.015421,-1.50089
0.00204879,-1.50175
0.0195159,-1.50232
0.0369752,-1.50259
0.0544216,-1.50257
0.07185,-1.50225
0.0892554,-1.50163
0.106633,-1.50072
0.123977,-1.49952
0.141282,-1.49802
0.158545,-1.49623
0.175759,-1.49415
0.19292,-1.49178
0.210022,-1.48912
0.227062,-1.48617
0.244032,-1.48293
0.26093,-1.47941
0.277749,-1.4756
0.294486,-1.47151
0.311134,-1.46713
0.327689,-1.46247
0.344147,-1.45754
0.360503,-1.45233
0.376751,-1.44684
0.392887,-1.44108
0.408907,-1.43505
0.424805,-1.42875
0.440578,-1.42218
0.456219,-1.41534
0.471726,-1.40825
0.487093,-1.40089
0.502317,-1.39328
0.517391,-1.38541
0.532313,-1.37728
0.547077,-1.36891
0.56168,-1.36029
0.576117,-1.35143
0.590385,-1.34233
0.604478,-1.33298
0.618393,-1.3234
0.632126,-1.31359
0.645672,-1.30356
0.659028,-1.29329
0.672191,-1.28281
0.685155,-1.2721
0.697918,-1.26118
0.710476,-1.25005
0.722825,-1.23871
0.734962,-1.22716
0.746882,-1.21542
0.758583,-1.20347
0.770062,-1.19134
0.781314,-1.17902
0.792337,-1.16651
0.803128,-1.15382
0.813683,-1.14095
0.824,-1.12791
0.834075,-1.1147
0.843906,-1.10133
0.853489,-1.08779
0.862823,-1.0741
0.871904,-1.06026
0.880731,-1.04628
0.889299,-1.03215
0.897608,-1.01788
0.905654,-1.00348
0.913436,-0.98895
0.920951,-0.974296
0.928197,-0.959523
0.935172,-0.944635
0.941874,-0.929637
0.948302,-0.914534
0.954454,-0.89933
0.960327,-0.884031
0.96592,-0.868641
0.971233,-0.853165
0.976263,-0.837608
0.981009,-0.821976
0.985469,-0.806272
0.989644,-0.790502
0.993531,-0.774671
0.997129,-0.758784
1.00044,-0.742846
1.00346,-0.726862
1.00619,-0.710836
1.00862,-0.694775
1.01077,-0.678683
1.01262,-0.662566
1.01418,-0.646427
1.01544,-0.630273
1.01642,-0.614108
1.01709,-0.597938
1.01748,-0.581767
1.01757,-0.565602
1.01737,-0.549445
1.01688,-0.533304
1.01609,-0.517183
1.01501,-0.501086
1.01364,-0.48502
1.01197,-0.468988
1.01002,-0.452997
1.00778,-0.437051
1.00524,-0.421155
1.00242,-0.405313
0.999314,-0.389532
0.99592,-0.373816
0.992242,-0.358169
0.988279,-0.342597
0.984034,-0.327105
0.979509,-0.311697
0.974704,-0.296378
0.969622,-0.281154
0.964263,-0.266028
0.95863,-0.251005
0.952725,-0.236091
0.946549,-0.221289
0.940104,-0.206605
0.933393,-0.192043
0.926418,-0.177608
0.919181,-0.163303
0.911683,-0.149134
0.903928,-0.135105
0.895919,-0.12122
0.887656,-0.107484
0.879144,-0.0939011
0.870384,-0.0804752
0.86138,-0.0672106
0.852134,-0.0541116
0.84265,-0.0411822
0.832929,-0.0284265
0.822975,-0.0158485
0.812792,-0.0034521
0.802382,0.00875879
0.791748,0.0207803
0.780894,0.0326087
0.769823,0.0442403
0.758539,0.0556714
0.747045,0.0668983
0.735344,0.0779175
0.723439,0.0887256
0.711336,0.0993191
0.699037,0.109695
0.686546,0.119849
0.673866,0.129779
0.661003,0.139481
0.647959,0.148953
0.634738,0.15819
0.621345,0.167191
0.607783,0.175952
0.594057,0.184471
0.580171,0.192745
0.566129,0.20077
0.551935,0.208545
0.537593,0.216067
0.523108,0.223333
0.508485,0.230341
0.493727,0.237089
0.478838,0.243575
0.463825,0.249795
0.44869,0.255749
0.433438,0.261433
0.418075,0.266847
0.402604,0.271988
0.387031,0.276854
0.37136,0.281445
0.355595,0.285757
0.339741,0.289789
0.323804,0.293541
0.307788,0.29701
0.291697,0.300196
0.275537,0.303097
0.259312,0.305711
0.243027,0.308038
0.226688,0.310077
0.210298,0.311827
0.193863,0.313287
0.177389,0.314456
0.160878,0.315334
0.144338,0.315919
0.127772,0.316212
0.111186,0.316212
0.0945842,0.315919
0.0779721,0.315333
0.0613546,0.314452
0.0447367,0.313278
0.0281233,0.31181
0.0115194,0.310048
-0.00506998,0.307992
-0.0216398,0.305643
-0.0381852,0.303001
-0.0547011,0.300067
-0.0711825,0.29684
-0.0876245,0.293322
-0.104022,0.289513
-0.12037,0.285414
-0.136665,0.281025
-0.152899,0.276348
-0.16907,0.271384
-0.185172,0.266133
-0.2012,0.260597
-0.217149,0.254778
-0.233015,0.248675
-0.248792,0.242292
-0.264476,0.235629
-0.280062,0.228687
-0.295546,0.221469
-0.310922,0.213977
-0.326186,0.206211
-0.341333,0.198175
-0.356359,0.18987
-0.371258,0.181297
-0.386028,0.17246
-0.400662,0.16336
-0.415157,0.154
-0.429507,0.144381
-0.443709,0.134508
-0.457759,0.124381
-0.471651,0.114003
-0.485382,0.103378
-0.498947,0.0925082
-0.512342,0.0813959
-0.525564,0.0700443
-0.538607,0.0584564
-0.551468,0.0466351
-0.564142,0.0345835
-0.576627,0.0223049
-0.588917,0.00980252
-0.60101,-0.0029204
-0.612901,-0.0158605
-0.624587,-0.0290142
-0.636063,-0.0423782
-0.647327,-0.0559488
-0.658374,-0.0697223
-0.669202,-0.0836952
-0.679806,-0.0978636
-0.690184,-0.112224
-0.700332,-0.126772
-0.710247,-0.141504
-0.719926,-0.156415
-0.729365,-0.171503
-0.738562,-0.186763
-0.747513,-0.20219
-0.756217,-0.21778
-0.764669,-0.23353
-0.772867,-0.249435
-0.780809,-0.26549
-0.788491,-0.281691
-0.795912,-0.298033
-0.803069,-0.314513
-0.809959,-0.331126
-0.816581,-0.347867
-0.822932,-0.36473
-0.829009,-0.381713
-0.834812,-0.39881
-0.840337,-0.416016
-0.845583,-0.433327
-0.850549,-0.450737
-0.855232,-0.468242
-0.85963,-0.485838
-0.863743,-0.503518
-0.867569,-0.521279
-0.871106,-0.539114
-0.874354,-0.557021
-0.87731,-0.574992
-0.879974,-0.593024
-0.882344,-0.611111
-0.884421,-0.629248
-0.886202,-0.64743
-0.887688,-0.665652
-0.888877,-0.683909
-0.889769,-0.702196
-0.890363,-0.720507
-0.890659,-0.738838
-0.890657,-0.757183
-0.890356,-0.775538
-0.889756,-0.793896
-0.888858,-0.812253
-0.88766,-0.830604
-0.886165,-0.848944
-0.88437,-0.867267
-0.882278,-0.885568
-0.879888,-0.903842
-0.8772,-0.922084
-0.874216,-0.940289
-0.870936,-0.958451
-0.86736,-0.976566
-0.863491,-0.994629
-0.859327,-1.01263
-0.854872,-1.03058
-0.850125,-1.04845
-0.845087,-1.06625
-0.839761,-1.08398
-0.834148,-1.10162
-0.828248,-1.11917
-0.822065,-1.13663
-0.815598,-1.15399
-0.80885,-1.17125
-0.801823,-1.18841
-0.794519,-1.20545
-0.786939,-1.22237
-0.779086,-1.23917
-0.770961,-1.25585
-0.762568,-1.2724
-0.753908,-1.28881
-0.744984,-1.30507
-0.735798,-1.3212
-0.726352,-1.33717
-0.71665,-1.353
-0.706694,-1.36866
-0.696487,-1.38416
-0.686032,-1.39949
-0.675332,-1.41466
-0.664389,-1.42964
-0.653206,-1.44445
-0.641788,-1.45908
-0.630137,-1.47351
-0.618256,-1.48776
-0.606149,-1.50181
-0.593819,-1.51566
-0.58127,-1.5293
-0.568504,-1.54274
-0.555527,-1.55597
-0.542342,-1.56899
-0.528951,-1.58179
-0.51536,-1.59436
-0.501571,-1.60671
-0.48759,-1.61884
-0.473419,-1.63073
-0.459064,-1.64239
-0.444527,-1.65381
-0.429813,-1.66499
-0.414927,-1.67592
-0.399872,-1.68661
-0.384654,-1.69705
-0.369275,-1.70724
-0.353741,-1.71717
-0.338056,-1.72684
-0.322225,-1.73626
-0.306252,-1.74541
-0.290141,-1.7543
-0.273898,-1.76292
-0.257526,-1.77127
-0.241031,-1.77935
-0.224417,-1.78715
-0.207689,-1.79468
-0.190852,-1.80193
-0.173911,-1.80891
-0.15687,-1.8156
-0.139734,-1.82201
-0.122509,-1.82813
-0.105199,-1.83397
-0.0878082,-1.83953
-0.0703428,-1.84479
-0.0528074,-1.84976
-0.035207,-1.85445
-0.0175466,-1.85884
0.000168741,-1.86294
0.017934,-1.86675
0.0357442,-1.87026
0.0535941,-1.87348
0.0714788,-1.8764
0.0893931,-1.87902
0.107332,-1.88135
0.12529,-1.88338
0.143263,-1.88512
0.161244,-1.88656
0.17923,-1.8877
0.197215,-1.88854
0.215194,-1.88909
0.233162,-1.88934
0.251113,-1.88929
0.269043,-1.88895
0.286946,-1.88831
0.304818,-1.88737
0.322654,-1.88614
0.340448,-1.88462
0.358195,-1.8828
0.37589,-1.88069
0.393529,-1.87829
0.411106,-1.8756
0.428616,-1.87262
0.446055,-1.86936
0.463418,-1.8658
0.480699,-1.86196
0.497894,-1.85784
0.514998,-1.85344
0.532006,-1.84875
0.548913,-1.84379
0.565715,-1.83854
0.582407,-1.83303
0.598984,-1.82724
0.615442,-1.82118
0.631775,-1.81485
0.64798,-1.80825
0.664052,-1.80139
0.679986,-1.79427
0.695778,-1.78689
0.711424,-1.77925
0.726918,-1.77135
0.742258,-1.76321
0.757438,-1.75481
0.772454,-1.74617
0.787303,-1.73728
0.801979,-1.72816
0.81648,-1.7188
0.8308,-1.7092
0.844936,-1.69937
0.858884,-1.68931
0.872641,-1.67903
0.886202,-1.66853
0.899563,-1.6578
0.912722,-1.64687
0.925673,-1.63572
0.938415,-1.62437
0.950943,-1.61281
0.963253,-1.60105
0.975343,-1.5891
0.987209,-1.57695
0.998849,-1.56461
1.01026,-1.55209
1.02143,-1.53939
1.03237,-1.52652
1.04307,-1.51347
1.05353,-1.50025
1.06374,-1.48687
1.07371,-1.47333
1.08342,-1.45963
1.09288,-1.44578
1.10209,-1.43179
1.11104,-1.41765
1.11972,-1.40338
1.12815,-1.38897
1.13631,-1.37443
1.1442,-1.35977
1.15182,-1.34499
1.15917,-1.33009
1.16625,-1.31509
1.17306,-1.29998
1.17958,-1.28477
1.18583,-1.26946
1.1918,-1.25406
1.19749,-1.23858
1.2029,-1.22301
1.20802,-1.20737
1.21286,-1.19166
1.21741,-1.17588
1.22167,-1.16004
1.22564,-1.14414
1.22933,-1.12819
1.23272,-1.11219
1.23582,-1.09615
1.23864,-1.08008
1.24116,-1.06397
1.24339,-1.04784
1.24532,-1.03169
1.24696,-1.01552
1.24831,-0.999337
1.24937,-0.98315
1.25013,-0.966962
1.2506,-0.950778
1.25077,-0.934603
1.25065,-0.918443
1.25024,-0.902302
1.24954,-0.886185
1.24854,-0.870097
1.24726,-0.854044
1.24568,-0.838031
1.24382,-0.822062
1.24166,-0.806143
1.23922,-0.790278
1.23649,-0.774473
1.23348,-0.758732
1.23018,-0.743061
1.22659,-0.727464
1.22273,-0.711946
1.21859,-0.696512
1.21416,-0.681168
1.20946,-0.665917
1.20448,-0.650764
1.19923,-0.635715
1.19371,-0.620774
1.18792,-0.605946
1.18186,-0.591235
1.17553,-0.576647
1.16894,-0.562184
1.16209,-0.547853
1.15498,-0.533658
1.14762,-0.519603
1.14,-0.505692
1.13213,-0.49193
1.12401,-0.478321
1.11564,-0.46487
1.10703,-0.45158
1.09818,-0.438457
1.08909,-0.425503
1.07977,-0.412724
1.07021,-0.400122
1.06043,-0.387703
1.05042,-0.37547
1.0402,-0.363426
1.02975,-0.351576
1.01908,-0.339924
1.00821,-0.328472
0.997127,-0.317226
0.98584,-0.306187
0.974352,-0.29536
0.962667,-0.284748
0.950788,-0.274355
0.93872,-0.264184
0.926465,-0.254237
0.914029,-0.244519
0.901416,-0.235032
0.888628,-0.225779
0.87567,-0.216764
0.862547,-0.207988
0.849262,-0.199456
0.83582,-0.191169
0.822225,-0.18313
0.808481,-0.175342
0.794593,-0.167808
0.780564,-0.160529
0.7664,-0.153509
0.752105,-0.146748
0.737683,-0.140251
0.723139,-0.134018
0.708477,-0.128053
0.693702,-0.122356
0.678819,-0.116929
0.663832,-0.111775
0.648746,-0.106896
0.633566,-0.102292
0.618296,-0.0979654
0.60294,-0.0939179
0.587505,-0.0901508
0.571995,-0.0866653
0.556414,-0.0834627
0.540767,-0.0805442
0.525059,-0.0779108
0.509296,-0.0755635
0.493481,-0.0735033
0.47762,-0.0717309
0.461718,-0.0702472
0.44578,-0.0690528
0.42981,-0.0681482
0.413813,-0.067534
0.397795,-0.0672106
0.38176,-0.0671783
0.365714,-0.0674374
0.349661,-0.067988
0.333606,-0.0688303
0.317554,-0.0699641
0.30151,-0.0713895
0.285479,-0.0731063
0.269467,-0.0751142
0.253477,-0.0774129
0.237515,-0.0800019
0.221586,-0.0828809
0.205694,-0.0860491
0.189846,-0.089506
0.174044,-0.0932507
0.158295,-0.0972826
0.142603,-0.101601
0.126974,-0.106204
0.111411,-0.111091
0.0959195,-0.116261
0.0805047,-0.121713
0.0651712,-0.127446
0.0499236,-0.133457
0.0347668,-0.139746
0.0197053,-0.146312
0.00474386,-0.153151
-0.0101129,-0.160263
-0.0248603,-0.167647
-0.0394938,-0.175299
-0.0540089,-0.183218
-0.068401,-0.191403
-0.0826657,-0.199851
-0.0967985,-0.208559
-0.110795,-0.217526
-0.124651,-0.22675
-0.138361,-0.236228
-0.151923,-0.245957
-0.165331,-0.255935
-0.178581,-0.26616
-0.191669,-0.276628
-0.20459,-0.287338
-0.217342,-0.298286
-0.22992,-0.309469
-0.242319,-0.320884
-0.254536,-0.332529
-0.266566,-0.344401
-0.278407,-0.356495
-0.290055,-0.36881
-0.301504,-0.381341
-0.312753,-0.394086
-0.323797,-0.407041
-0.334632,-0.420202
-0.345256,-0.433566
-0.355664,-0.44713
-0.365853,-0.46089
-0.375821,-0.474842
-0.385563,-0.488982
-0.395076,-0.503307
-0.404358,-0.517812
-0.413405,-0.532495
-0.422213,-0.54735
-0.430781,-0.562374
-0.439106,-0.577563
-0.447184,-0.592912
-0.455017,-0.608429
-0.462594,-0.624087
-0.469915,-0.639893
-0.476979,-0.655843
-0.483784,-0.671932
-0.490327,-0.688156
-0.496605,-0.704511
-0.502617,-0.720991
-0.508359,-0.737593
-0.513831,-0.754312
-0.51903,-0.771143
-0.523953,-0.788082
-0.5286,-0.805124
-0.532968,-0.822264
-0.537056,-0.839497
-0.540862,-0.856819
-0.544385,-0.874226
-0.547622,-0.891711
-0.550573,-0.909271
-0.553236,-0.926899
-0.55561,-0.944593
-0.557694,-0.962346
-0.559487,-0.980153
-0.560988,-0.99801
-0.562196,-1.01591
-0.563109,-1.03385
-0.563728,-1.05183
-0.564052,-1.06983
-0.56408,-1.08786
-0.563812,-1.10591
-0.563247,-1.12398
-0.562386,-1.14205
-0.561227,-1.16013
-0.559771,-1.1782
-0.558017,-1.19627
-0.555967,-1.21433
-0.553619,-1.23237
-0.550974,-1.2504
-0.548033,-1.26839
-0.544796,-1.28635
-0.541263,-1.30428
-0.537435,-1.32216
-0.533313,-1.34
-0.528897,-1.35779
-0.524189,-1.37552
-0.519189,-1.39318
-0.513898,-1.41078
-0.508317,-1.42831
-0.502448,-1.44576
-0.496292,-1.46313
-0.48985,-1.48041
-0.483124,-1.4976
-0.476115,-1.51469
-0.468825,-1.53168
-0.461256,-1.54856
-0.453409,-1.56533
-0.445287,-1.58199
-0.43689,-1.59852
-0.428223,-1.61493
-0.419286,-1.63121
-0.410082,-1.64735
-0.400613,-1.66335
-0.390881,-1.67921
-0.38089,-1.69492
-0.370641,-1.71047
-0.360138,-1.72587
-0.349382,-1.7411
-0.338377,-1.75617
-0.327126,-1.77107
-0.315632,-1.78579
-0.303897,-1.80033
-0.291925,-1.81469
-0.279719,-1.82886
-0.267282,-1.84283
-0.254618,-1.85662
-0.241729,-1.8702
-0.22862,-1.88357
-0.215294,-1.89674
-0.201755,-1.9097
-0.188006,-1.92245
-0.17405,-1.93497
-0.159893,-1.94727
-0.145537,-1.95935
-0.130987,-1.97119
-0.116247,-1.98281
-0.10132,-1.99419
-0.0862107,-2.00532
-0.0709235,-2.01622
-0.0554625,-2.02687
-0.039832,-2.03727
-0.0240362,-2.04742
-0.00807959,-2.05732
0.00803342,-2.06696
0.0242983,-2.07634
0.0407106,-2.08546
0.0572657,-2.09431
0.073959,-2.10289
0.0907858,-2.11121
0.107741,-2.11925
0.124821,-2.12702
0.14202,-2.13451
0.159333,-2.14173
0.176756,-2.14866
0.194284,-2.15531
0.211911,-2.16168
0.229633,-2.16776
0.247445,-2.17356
0.265342,-2.17907
0.283318,-2.18428
0.30137,-2.18921
0.31949,-2.19384
0.337676,-2.19818
0.355921,-2.20222
0.37422,-2.20597
0.392568,-2.20942
0.41096,-2.21257
0.429391,-2.21543
0.447855,-2.21798
0.466348,-2.22024
0.484863,-2.2222
0.503397,-2.22385
0.521944,-2.22521
0.540498,-2.22626
0.559054,-2.22702
0.577607,-2.22747
0.596153,-2.22763
0.614684,-2.22748
0.633198,-2.22704
0.651687,-2.22629
0.670148,-2.22525
0.688574,-2.22391
0.706961,-2.22227
0.725304,-2.22033
0.743597,-2.2181
0.761835,-2.21557
0.780014,-2.21275
0.798127,-2.20963
0.816171,-2.20623
0.83414,-2.20253
0.852029,-2.19855
0.869833,-2.19427
0.887547,-2.18971
0.905167,-2.18487
0.922687,-2.17975
0.940102,-2.17434
0.957408,-2.16866
0.9746,-2.1627
0.991673,-2.15646
1.00862,-2.14995
1.02544,-2.14317
1.04213,-2.13613
1.05868,-2.12881
1.07509,-2.12124
1.09136,-2.1134
1.10747,-2.10531
1.12342,-2.09696
1.13922,-2.08836
1.15485,-2.07951
1.17032,-2.07041
1.18561,-2.06107
1.20073,-2.05149
1.21567,-2.04167
1.23042,-2.03161
1.24498,-2.02133
1.25935,-2.01082
1.27352,-2.00008
1.2875,-1.98912
1.30127,-1.97795
1.31483,-1.96656
1.32819,-1.95496
1.34132,-1.94316
1.35424,-1.93115
1.36694,-1.91894
1.37942,-1.90654
1.39166,-1.89395
1.40368,-1.88117
1.41546,-1.86821
1.427,-1.85507
1.43831,-1.84175
1.44937,-1.82827
1.46018,-1.81462
1.47075,-1.8008
1.48106,-1.78683
1.49112,-1.77271
1.50093,-1.75844
1.51047,-1.74402
1.51976,-1.72946
1.52878,-1.71477
1.53753,-1.69994
1.54602,-1.68499
1.55423,-1.66992
1.56218,-1.65473
1.56985,-1.63943
1.57724,-1.62403
1.58436,-1.60852
1.5912,-1.59291
1.59776,-1.57721
1.60404,-1.56142
1.61003,-1.54554
1.61574,-1.52959
1.62116,-1.51357
1.62629,-1.49747
1.63114,-1.48131
1.6357,-1.4651
1.63996,-1.44883
1.64394,-1.43251
1.64763,-1.41614
1.65102,-1.39974
1.65412,-1.3833
1.65692,-1.36684
1.65944,-1.35035
1.66166,-1.33384
1.66358,-1.31732
1.66521,-1.30079
1.66655,-1.28425
1.66759,-1.26772
1.66833,-1.25119
1.66879,-1.23467
1.66895,-1.21817
1.66881,-1.20169
1.66839,-1.18524
1.66767,-1.16882
1.66666,-1.15243
1.66535,-1.13609
1.66376,-1.11979
1.66188,-1.10355
1.65971,-1.08735
1.65725,-1.07122
1.65451,-1.05516
1.65148,-1.03917
1.64817,-1.02325
1.64458,-1.00741
1.6407,-0.991657
1.63655,-0.975994
1.63212,-0.960426
1.62741,-0.944957
1.62243,-0.929592
1.61718,-0.914335
1.61165,-0.899192
1.60586,-0.884166
1.5998,-0.869263
1.59348,-0.854487
1.5869,-0.839842
1.58005,-0.825333
1.57295,-0.810964
1.5656,-0.79674
1.55799,-0.782664
1.55014,-0.768742
1.54203,-0.754977
1.53369,-0.741373
1.5251,-0.727936
1.51627,-0.714667
1.50721,-0.701573
1.49792,-0.688656
1.4884,-0.675921
1.47865,-0.663372
1.46868,-0.651012
1.45849,-0.638844
1.44808,-0.626874
1.43747,-0.615104
1.42664,-0.603539
1.41561,-0.592181
1.40437,-0.581034
1.39294,-0.570101
1.38132,-0.559386
1.3695,-0.548892
1.3575,-0.538623
1.34531,-0.528581
1.33294,-0.518769
1.3204,-0.509191
1.30769,-0.49985
1.29482,-0.490748
1.28178,-0.481888
1.26858,-0.473273
1.25523,-0.464905
1.24173,-0.456788
1.22808,-0.448923
1.2143,-0.441313
1.20037,-0.433961
1.18632,-0.426869
1.17213,-0.420038
1.15783,-0.413472
1.1434,-0.407172
1.12887,-0.40114
1.11422,-0.395378
1.09947,-0.389888
1.08462,-0.384671
1.06967,-0.37973
1.05464,-0.375066
1.03951,-0.37068
1.02431,-0.366573
1.00903,-0.362748
0.993687,-0.359205
0.978273,-0.355946
0.962798,-0.352971
0.947267,-0.350282
0.931684,-0.347879
0.916056,-0.345763
0.900386,-0.343936
0.884681,-0.342397
0.868944,-0.341148
0.85318,-0.340188
0.837396,-0.339519
0.821595,-0.33914
0.805783,-0.339052
0.789965,-0.339255
0.774146,-0.339748
0.758331,-0.340533
0.742524,-0.341608
0.726732,-0.342974
0.710958,-0.344631
0.695208,-0.346577
0.679487,-0.348813
0.6638,-0.351337
0.648152,-0.354151
0.632547,-0.357251
0.616992,-0.360639
0.60149,-0.364313
0.586046,-0.368272
0.570666,-0.372514
0.555355,-0.37704
0.540116,-0.381847
0.524956,-0.386935
0.509878,-0.392302
0.494888,-0.397946
0.479991,-0.403866
0.46519,-0.410061
0.450492,-0.416529
0.435899,-0.423267
0.421418,-0.430275
0.407053,-0.43755
0.392808,-0.44509
0.378687,-0.452893
0.364696,-0.460957
0.350839,-0.46928
0.33712,-0.477859
0.323543,-0.486692
0.310114,-0.495777
0.296835,-0.505111
0.283712,-0.514692
0.270749,-0.524516
0.257949,-0.534581
0.245317,-0.544885
0.232857,-0.555424
0.220573,-0.566195
0.208469,-0.577196
0.196549,-0.588423
0.184817,-0.599873
0.173275,-0.611544
0.161929,-0.623431
0.150782,-0.635531
0.139838,-0.647842
0.129099,-0.660359
0.11857,-0.673079
0.108255,-0.685998
0.0981552,-0.699114
0.0882756,-0.712421
0.0786189,-0.725917
0.0691885,-0.739598
0.0599875,-0.753459
0.0510189,-0.767497
0.0422857,-0.781708
0.0337909,-0.796088
0.0255374,-0.810633
0.0175279,-0.825339
0.00976523,-0.840201
0.002252,-0.855216
-0.0050092,-0.870378
-0.0120158,-0.885685
-0.0187654,-0.901131
-0.0252557,-0.916713
-0.0314842,-0.932425
-0.0374488,-0.948264
-0.0431473,-0.964225
-0.0485777,-0.980303
-0.0537379,-0.996494
-0.058626,-1.01279
-0.0632401,-1.0292
-0.0675786,-1.0457
-0.0716396,-1.06229
-0.0754217,-1.07898
-0.0789231,-1.09575
-0.0821425,-1.1126
-0.0850786,-1.12953
-0.0877299,-1.14652
-0.0900953,-1.16358
-0.0921737,-1.18071
-0.093964,-1.19789
-0.0954652,-1.21512
-0.0966764,-1.23239
-0.0975968,-1.24971
-0.0982257,-1.26706
-0.0985625,-1.28445
-0.0986066,-1.30186
-0.0983575,-1.31929
-0.0978148,-1.33674
-0.0969782,-1.3542
-0.0958475,-1.37167
-0.0944226,-1.38914
-0.0927034,-1.4066
-0.0906899,-1.42406
-0.0883822,-1.4415
-0.0857805,-1.45893
-0.0828852,-1.47633
-0.0796966,-1.4937
-0.076215,-1.51104
-0.0724412,-1.52834
-0.0683757,-1.54559
-0.0640191,-1.5628
-0.0593724,-1.57995
-0.0544363,-1.59705
-0.0492118,-1.61408
-0.0437001,-1.63104
-0.0379021,-1.64793
-0.0318191,-1.66475
-0.0254524,-1.68147
-0.0188035,-1.69812
-0.0118736,-1.71466
-0.00466451,-1.73111
0.00282229,-1.74746
0.0105851,-1.7637
0.018622,-1.77983
0.0269312,-1.79584
0.0355108,-1.81173
0.0443587,-1.8275
0.0534728,-1.84313
0.0628508,-1.85863
0.0724906,-1.87399
0.0823897,-1.88921
0.0925458,-1.90427
0.102956,-1.91919
0.113619,-1.93394
0.12453,-1.94854
0.135688,-1.96297
0.147089,-1.97722
0.158732,-1.99131
0.170612,-2.00521
0.182726,-2.01893
0.195072,-2.03247
0.207647,-2.04581
0.220447,-2.05896
0.233469,-2.07191
0.246709,-2.08466
0.260164,-2.0972
0.27383,-2.10953
0.287705,-2.12165
0.301784,-2.13355
0.316063,-2.14522
0.330539,-2.15668
0.345207,-2.1679
0.360065,-2.1789
0.375108,-2.18966
0.390331,-2.20018
0.405732,-2.21046
0.421305,-2.2205
0.437047,-2.23029
0.452953,-2.23983
0.469019,-2.24912
0.48524,-2.25815
0.501613,-2.26692
0.518133,-2.27544
0.534795,-2.28368
0.551594,-2.29167
0.568527,-2.29938
0.585588,-2.30682
0.602772,-2.314
0.620076,-2.32089
0.637494,-2.32751
0.655022,-2.33385
0.672654,-2.33991
0.690386,-2.34568
0.708213,-2.35117
0.72613,-2.35637
0.744132,-2.36129
0.762214,-2.36591
0.780371,-2.37025
0.798597,-2.37429
0.816889,-2.37804
0.83524,-2.3815
0.853646,-2.38466
0.872101,-2.38752
0.890601,-2.39008
0.90914,-2.39235
0.927712,-2.39432
0.946314,-2.39599
0.964939,-2.39736
0.983582,-2.39842
1.00224,-2.39919
1.0209,-2.39966
1.03957,-2.39983
1.05823,-2.39969
1.07689,-2.39926
1.09553,-2.39852
1.11416,-2.39748
1.13276,-2.39614
1.15133,-2.39451
1.16987,-2.39257
1.18837,-2.39034
1.20683,-2.3878
1.22523,-2.38497
1.24358,-2.38185
1.26188,-2.37843
1.2801,-2.37471
1.29826,-2.3707
1.31634,-2.3664
1.33434,-2.36181
1.35225,-2.35693
1.37008,-2.35176
1.38781,-2.34631
1.40544,-2.34058
1.42296,-2.33456
1.44037,-2.32826
1.45767,-2.32168
1.47485,-2.31483
1.49191,-2.3077
1.50883,-2.3003
1.52562,-2.29263
1.54227,-2.28469
1.55878,-2.27649
1.57514,-2.26803
1.59135,-2.2593
1.6074,-2.25032
1.62329,-2.24109
1.63902,-2.2316
1.65457,-2.22187
1.66995,-2.21189
1.68515,-2.20167
1.70017,-2.19121
1.715,-2.18051
1.72964,-2.16958
1.74409,-2.15843
1.75834,-2.14704
1.77238,-2.13544
1.78622,-2.12362
1.79985,-2.11158
1.81326,-2.09933
1.82646,-2.08687
1.83943,-2.07421
1.85218,-2.06135
1.86471,-2.0483
1.877,-2.03505
1.88906,-2.02162
1.90088,-2.008
1.91246,-1.9942
1.92379,-1.98023
1.93488,-1.96609
1.94572,-1.95178
1.95631,-1.93731
1.96664,-1.92268
1.97672,-1.9079
1.98653,-1.89297
1.99609,-1.8779
2.00537,-1.86269
2.01439,-1.84734
2.02314,-1.83186
2.03162,-1.81626
2.03983,-1.80054
2.04776,-1.7847
2.05541,-1.76875
2.06278,-1.75269
2.06988,-1.73653
2.07669,-1.72028
2.08321,-1.70393
2.08945,-1.6875
2.0954,-1.67099
2.10107,-1.6544
2.10644,-1.63774
2.11152,-1.62101
2.11631,-1.60422
2.12081,-1.58737
2.12502,-1.57048
2.12893,-1.55353
2.13255,-1.53655
2.13587,-1.51953
2.13889,-1.50247
2.14162,-1.4854
2.14405,-1.4683
2.14619,-1.45118
2.14803,-1.43406
2.14957,-1.41693
2.15081,-1.39979
2.15176,-1.38267
2.15241,-1.36555
2.15276,-1.34845
2.15282,-1.33137
2.15258,-1.31431
2.15205,-1.29728
2.15122,-1.28029
2.1501,-1.26334
2.14869,-1.24643
2.14698,-1.22958
2.14498,-1.21277
2.1427,-1.19603
2.14012,-1.17936
2.13726,-1.16275
2.13411,-1.14622
2.13068,-1.12977
2.12696,-1.1134
2.12296,-1.09712
2.11868,-1.08093
2.11413,-1.06485
2.10929,-1.04887
2.10418,-1.03299
2.0988,-1.01723
2.09315,-1.00159
2.08723,-0.986066
2.08105,-0.970671
2.07459,-0.955407
2.06788,-0.940278
2.06091,-0.925289
2.05368,-0.910445
2.0462,-0.895749
2.03847,-0.881205
2.03048,-0.866819
2.02225,-0.852594
2.01378,-0.838534
2.00507,-0.824644
1.99612,-0.810927
1.98693,-0.797388
1.97752,-0.78403
1.96787,-0.770857
1.958,-0.757873
1.94791,-0.745082
1.9376,-0.732488
1.92708,-0.720093
1.91634,-0.707902
1.9054,-0.695919
1.89425,-0.684146
1.88291,-0.672587
1.87136,-0.661246
1.85963,-0.650125
1.8477,-0.639229
1.83559,-0.628559
1.82329,-0.618119
1.81082,-0.607912
1.79818,-0.597942
1.78537,-0.58821
1.77239,-0.57872
1.75925,-0.569475
1.74595,-0.560476
1.7325,-0.551728
1.71891,-0.543231
1.70517,-0.534989
1.69128,-0.527004
1.67727,-0.519279
1.66312,-0.511815
1.64885,-0.504614
1.63446,-0.497679
1.61994,-0.491012
1.60532,-0.484615
1.59059,-0.478489
1.57575,-0.472636
1.56082,-0.467059
1.54579,-0.461757
1.53067,-0.456734
1.51547,-0.45199
1.50019,-0.447527
1.48484,-0.443347
1.46941,-0.439449
1.45392,-0.435836
1.43837,-0.432508
1.42276,-0.429467
1.40711,-0.426713
1.3914,-0.424247
1.37566,-0.42207
1.35988,-0.420182
1.34407,-0.418584
1.32824,-0.417277
1.31238,-0.41626
1.29651,-0.415534
1.28063,-0.4151
1.26474,-0.414957
1.24885,-0.415105
1.23296,-0.415545
1.21709,-0.416275
1.20122,-0.417297
1.18538,-0.41861
1.16956,-0.420212
1.15377,-0.422105
1.13801,-0.424287
1.1223,-0.426757
1.10662,-0.429515
1.091,-0.432561
1.07542,-0.435892
1.05991,-0.439509
1.04446,-0.44341
1.02908,-0.447594
1.01377,-0.45206
0.99854,-0.456806
0.983392,-0.461832
0.968332,-0.467135
0.953363,-0.472714
0.938492,-0.478568
0.923722,-0.484694
0.909059,-0.491092
0.894506,-0.497758
0.880069,-0.504692
0.865753,-0.511891
0.85156,-0.519353
0.837498,-0.527075
0.823568,-0.535057
0.809777,-0.543294
0.796128,-0.551786
0.782626,-0.560528
0.769276,-0.56952
0.75608,-0.578758
0.743044,-0.588239
0.730172,-0.597961
0.717468,-0.607921
0.704936,-0.618116
0.69258,-0.628543
0.680404,-0.639199
0.668411,-0.65008
0.656607,-0.661184
0.644994,-0.672508
0.633576,-0.684048
0.622358,-0.6958
0.611342,-0.707762
0.600532,-0.719929
0.589932,-0.732299
0.579546,-0.744867
0.569376,-0.75763
0.559426,-0.770584
0.5497,-0.783725
0.5402,-0.79705
0.530929,-0.810555
0.521892,-0.824235
0.51309,-0.838087
0.504527,-0.852107
0.496205,-0.866289
0.488128,-0.880632
0.480297,-0.895129
0.472717,-0.909777
0.465389,-0.924572
0.458316,-0.939509
0.4515,-0.954583
0.444944,-0.969791
0.438649,-0.985129
0.432619,-1.00059
0.426856,-1.01617
0.42136,-1.03187
0.416135,-1.04768
0.411182,-1.06359
0.406503,-1.0796
0.4021,-1.09572
0.397975,-1.11192
0.394128,-1.12821
0.390562,-1.14458
0.387278,-1.16104
0.384278,-1.17756
0.381562,-1.19415
0.379131,-1.21081
0.376988,-1.22752
0.375132,-1.24429
0.373565,-1.2611
0.372287,-1.27796
0.3713,-1.29486
0.370604,-1.31179
0.370199,-1.32874
0.370087,-1.34573
0.370267,-1.36273
0.37074,-1.37974
0.371505,-1.39676
0.372564,-1.41379
0.373917,-1.43081
0.375562,-1.44783
0.377501,-1.46484
0.379733,-1.48183
0.382257,-1.4988
0.385074,-1.51574
0.388182,-1.53265
0.391582,-1.54952
0.395273,-1.56635
0.399254,-1.58314
0.403524,-1.59987
0.408083,-1.61655
0.412929,-1.63316
0.418061,-1.64971
0.423479,-1.66619
0.429181,-1.68259
0.435166,-1.69891
0.441432,-1.71515
0.447978,-1.73129
0.454803,-1.74734
0.461904,-1.76329
0.469281,-1.77913
0.476931,-1.79487
0.484853,-1.81049
0.493044,-1.82599
0.501503,-1.84136
0.510228,-1.85661
0.519215,-1.87173
0.528464,-1.88671
0.537972,-1.90154
0.547736,-1.91623
0.557753,-1.93077
0.568023,-1.94516
0.57854,-1.95939
0.589304,-1.97345
0.600311,-1.98734
0.611558,-2.00107
0.623042,-2.01461
0.634761,-2.02798
0.646712,-2.04116
0.65889,-2.05415
0.671294,-2.06696
0.683919,-2.07956
0.696762,-2.09197
0.709821,-2.10417
0.723091,-2.11617
0.736569,-2.12795
0.750251,-2.13952
0.764135,-2.15087
0.778215,-2.162
0.792488,-2.17291
0.806951,-2.18359
0.821599,-2.19403
0.836429,-2.20424
0.851436,-2.21422
0.866617,-2.22395
0.881966,-2.23344
0.897482,-2.24268
0.913158,-2.25167
0.92899,-2.26041
0.944975,-2.2689
0.961108,-2.27712
0.977384,-2.28509
0.9938,-2.29279
1.01035,-2.30023
1.02703,-2.3074
1.04383,-2.3143
1.06076,-2.32093
1.0778,-2.32729
1.09496,-2.33337
1.11222,-2.33917
1.12958,-2.34469
1.14704,-2.34992
1.16459,-2.35488
1.18223,-2.35955
1.19995,-2.36393
1.21775,-2.36803
1.23562,-2.37183
1.25355,-2.37535
1.27155,-2.37857
1.28961,-2.3815
1.30772,-2.38414
1.32588,-2.38648
1.34408,-2.38853
1.36232,-2.39028
1.38059,-2.39173
1.39888,-2.39288
1.4172,-2.39374
1.43553,-2.3943
1.45388,-2.39456
1.47223,-2.39452
1.49058,-2.39418
1.50893,-2.39354
1.52727,-2.3926
1.5456,-2.39136
1.5639,-2.38983
1.58218,-2.38799
1.60043,-2.38586
1.61865,-2.38343
1.63682,-2.38071
1.65495,-2.37768
1.67303,-2.37437
1.69105,-2.37075
1.70902,-2.36685
1.72691,-2.36265
1.74474,-2.35816
1.76249,-2.35338
1.78015,-2.34831
1.79774,-2.34296
1.81523,-2.33731
1.83262,-2.33139
1.84992,-2.32518
1.86711,-2.31869
1.88418,-2.31192
1.90114,-2.30488
1.91799,-2.29755
1.9347,-2.28996
1.95129,-2.2821
1.96774,-2.27396
1.98405,-2.26557
2.00022,-2.2569
2.01624,-2.24798
2.03211,-2.2388
2.04782,-2.22936
2.06337,-2.21967
2.07875,-2.20973
2.09396,-2.19954
2.109,-2.1891
2.12386,-2.17843
2.13853,-2.16752
2.15302,-2.15637
2.16731,-2.14499
2.18141,-2.13338
2.19532,-2.12155
2.20901,-2.1095
2.2225,-2.09723
2.23578,-2.08474
2.24885,-2.07204
2.2617,-2.05914
2.27432,-2.04604
2.28672,-2.03273
2.29889,-2.01923
2.31083,-2.00554
2.32254,-1.99166
2.33401,-1.9776
2.34523,-1.96336
2.35621,-1.94895
2.36694,-1.93437
2.37743,-1.91962
2.38766,-1.90471
2.39763,-1.88964
2.40734,-1.87442
2.4168,-1.85905
2.42599,-1.84354
2.43491,-1.82789
2.44356,-1.8121
2.45195,-1.79619
2.46006,-1.78015
2.46789,-1.76399
2.47545,-1.74772
2.48273,-1.73134
2.48973,-1.71485
2.49645,-1.69826
2.50288,-1.68157
2.50903,-1.6648
2.51489,-1.64793
2.52046,-1.63099
2.52574,-1.61397
2.53073,-1.59689
2.53542,-1.57973
2.53983,-1.56252
2.54394,-1.54525
2.54775,-1.52793
2.55127,-1.51057
2.55449,-1.49316
2.55741,-1.47572
2.56004,-1.45825
2.56237,-1.44076
2.5644,-1.42325
2.56613,-1.40572
2.56756,-1.38819
2.56869,-1.37065
2.56953,-1.35311
2.57007,-1.33558
2.5703,-1.31806
2.57024,-1.30056
2.56988,-1.28308
2.56923,-1.26562
2.56828,-1.2482
2.56703,-1.23082
2.56549,-1.21348
2.56365,-1.19618
2.56152,-1.17894
2.55909,-1.16176
2.55638,-1.14464
2.55337,-1.12759
2.55008,-1.11061
2.5465,-1.0937
2.54263,-1.07688
2.53848,-1.06015
2.53404,-1.04351
2.52933,-1.02697
2.52433,-1.01052
2.51906,-0.994189
2.51351,-0.977966
2.50769,-0.961858
2.5016,-0.945871
2.49523,-0.930009
2.4886,-0.914277
2.48171,-0.89868
2.47455,-0.883221
2.46714,-0.867906
2.45947,-0.852738
2.45154,-0.837723
2.44336,-0.822864
2.43493,-0.808165
2.42625,-0.793631
2.41734,-0.779267
2.40818,-0.765075
2.39878,-0.75106
2.38915,-0.737227
2.37929,-0.723578
2.3692,-0.710119
2.35889,-0.696852
2.34836,-0.683781
2.33761,-0.670911
2.32664,-0.658245
2.31547,-0.645786
2.30409,-0.633537
2.2925,-0.621504
2.28072,-0.609687
2.26874,-0.598092
2.25657,-0.586721
2.24421,-0.575578
2.23166,-0.564665
2.21894,-0.553986
2.20604,-0.543543
2.19297,-0.53334
2.17974,-0.523379
2.16633,-0.513663
2.15277,-0.504195
2.13906,-0.494977
2.12519,-0.486012
2.11118,-0.477303
2.09703,-0.468851
2.08274,-0.46066
2.06832,-0.452731
2.05377,-0.445066
2.03909,-0.437668
2.0243,-0.430539
2.00939,-0.42368
1.99437,-0.417093
1.97924,-0.410781
1.96402,-0.404744
1.9487,-0.398985
1.93329,-0.393505
1.91779,-0.388305
1.90221,-0.383387
1.88656,-0.378753
1.87083,-0.374402
1.85503,-0.370337
1.83918,-0.366559
1.82326,-0.363068
1.8073,-0.359865
1.79128,-0.356952
1.77523,-0.354328
1.75913,-0.351995
1.74301,-0.349953
1.72685,-0.348202
1.71068,-0.346743
1.69448,-0.345577
1.67827,-0.344703
1.66206,-0.344121
1.64584,-0.343832
1.62963,-0.343836
1.61342,-0.344131
1.59722,-0.34472
1.58104,-0.3456
1.56489,-0.346771
1.54875,-0.348234
1.53266,-0.349987
1.51659,-0.352031
1.50058,-0.354363
1.4846,-0.356985
1.46868,-0.359893
1.45282,-0.363089
1.43701,-0.36657
1.42127,-0.370335
1.40561,-0.374384
1.39002,-0.378715
1.3745,-0.383327
1.35908,-0.388218
1.34374,-0.393387
1.3285,-0.398832
1.31336,-0.404552
1.29832,-0.410544
1.2834,-0.416808
1.26858,-0.42334
1.25388,-0.43014
1.23931,-0.437204
1.22486,-0.444531
1.21054,-0.452119
1.19636,-0.459966
1.18232,-0.468068
1.16842,-0.476424
1.15467,-0.485031
1.14108,-0.493887
1.12764,-0.502988
1.11436,-0.512333
1.10125,-0.521917
1.08831,-0.53174
1.07554,-0.541797
1.06295,-0.552085
1.05054,-0.562602
1.03832,-0.573344
1.02629,-0.584308
1.01444,-0.595491
1.0028,-0.606889
0.991354,-0.6185
0.980114,-0.63032
0.96908,-0.642344
0.958258,-0.65457
0.94765,-0.666994
0.93726,-0.679613
0.927091,-0.692421
0.917146,-0.705417
0.907429,-0.718595
0.897942,-0.731952
0.888689,-0.745484
0.879672,-0.759187
0.870895,-0.773057
0.86236,-0.78709
0.85407,-0.801281
0.846029,-0.815626
0.838237,-0.830122
0.830699,-0.844763
0.823416,-0.859545
0.816391,-0.874465
0.809626,-0.889517
0.803123,-0.904697
0.796885,-0.92
0.790914,-0.935423
0.785212,-0.95096
0.77978,-0.966606
0.774622,-0.982358
0.769737,-0.99821
0.765129,-1.01416
0.760798,-1.0302
0.756747,-1.04632
0.752976,-1.06253
0.749488,-1.07881
0.746283,-1.09516
0.743362,-1.11158
0.740728,-1.12807
0.738381,-1.14461
0.736321,-1.1612
0.73455,-1.17784
0.733069,-1.19452
0.731878,-1.21123
0.730977,-1.22798
0.730369,-1.24476
0.730052,-1.26156
0.730027,-1.27837
0.730296,-1.2952
0.730856,-1.31204
0.73171,-1.32887
0.732857,-1.3457
0.734297,-1.36253
0.736029,-1.37934
0.738054,-1.39613
0.740371,-1.4129
0.74298,-1.42964
0.74588,-1.44635
0.749071,-1.46302
0.752552,-1.47964
0.756323,-1.49622
0.760382,-1.51274
0.764729,-1.52921
0.769362,-1.54561
0.77428,-1.56194
0.779484,-1.5782
0.78497,-1.59439
0.790738,-1.61049
0.796786,-1.6265
0.803113,-1.64241
0.809717,-1.65823
0.816597,-1.67395
0.823751,-1.68956
0.831177,-1.70506
0.838873,-1.72045
0.846837,-1.73571
0.855066,-1.75084
0.86356,-1.76585
0.872315,-1.78072
0.88133,-1.79545
0.890602,-1.81004
0.900128,-1.82448
0.909906,-1.83876
0.919933,-1.85289
0.930207,-1.86686
0.940724,-1.88066
0.951483,-1.8943
0.962479,-1.90776
0.973711,-1.92104
0.985175,-1.93414
0.996868,-1.94705
1.00879,-1.95977
1.02093,-1.9723
1.03329,-1.98463
1.04586,-1.99676
1.05865,-2.00868
1.07165,-2.0204
1.08485,-2.0319
1.09825,-2.04319
1.11186,-2.05426
1.12565,-2.0651
1.13964,-2.07572
1.15381,-2.08611
1.16816,-2.09626
1.1827,-2.10618
1.1974,-2.11587
1.21228,-2.1253
1.22733,-2.1345
1.24253,-2.14344
1.25789,-2.15214
1.27341,-2.16058
1.28908,-2.16877
1.30489,-2.1767
1.32084,-2.18436
1.33692,-2.19177
1.35314,-2.1989
1.36949,-2.20577
1.38595,-2.21237
1.40253,-2.2187
1.41923,-2.22475
1.43603,-2.23053
1.45294,-2.23602
1.46994,-2.24124
1.48704,-2.24618
1.50423,-2.25083
1.5215,-2.2552
1.53885,-2.25928
1.55628,-2.26307
1.57377,-2.26658
1.59133,-2.26979
1.60894,-2.27272
1.62661,-2.27535
1.64433,-2.27768
1.6621,-2.27973
1.6799,-2.28148
1.69774,-2.28293
1.7156,-2.28409
1.73349,-2.28495
1.7514,-2.28551
1.76932,-2.28578
1.78724,-2.28575
1.80518,-2.28542
1.82311,-2.28479
1.84103,-2.28387
1.85894,-2.28264
1.87683,-2.28112
1.8947,-2.27931
1.91255,-2.27719
1.93036,-2.27478
1.94813,-2.27208
1.96586,-2.26908
1.98354,-2.26578
2.00117,-2.26219
2.01874,-2.25831
2.03624,-2.25414
2.05368,-2.24968
2.07105,-2.24492
2.08833,-2.23988
2.10554,-2.23456
2.12265,-2.22894
2.13967,-2.22305
2.1566,-2.21687
2.17342,-2.21041
2.19013,-2.20367
2.20673,-2.19666
2.22321,-2.18937
2.23957,-2.18181
2.25581,-2.17398
2.27191,-2.16588
2.28787,-2.15751
2.3037,-2.14888
2.31938,-2.13999
2.33491,-2.13084
2.35028,-2.12143
2.3655,-2.11177
2.38055,-2.10186
2.39544,-2.0917
2.41015,-2.0813
2.42469,-2.07065
2.43905,-2.05977
2.45322,-2.04865
2.46721,-2.0373
2.481,-2.02571
2.4946,-2.01391
2.508,-2.00188
2.52119,-1.98963
2.53418,-1.97716
2.54695,-1.96448
2.55951,-1.9516
2.57185,-1.93851
2.58396,-1.92522
2.59585,-1.91173
2.60752,-1.89805
2.61895,-1.88418
2.63014,-1.87013
2.6411,-1.8559
2.65181,-1.84149
2.66228,-1.8269
2.6725,-1.81215
2.68247,-1.79724
2.69218,-1.78216
2.70164,-1.76693
2.71084,-1.75156
2.71978,-1.73603
2.72845,-1.72036
2.73686,-1.70456
2.745,-1.68862
2.75287,-1.67256
2.76047,-1.65638
2.76778,-1.64007
2.77483,-1.62366
2.78159,-1.60713
2.78807,-1.5905
2.79427,-1.57377
2.80019,-1.55695
2.80582,-1.54004
2.81116,-1.52305
2.81621,-1.50598
2.82097,-1.48883
2.82544,-1.47162
2.82962,-1.45434
2.83351,-1.437
2.8371,-1.41961
2.84039,-1.40217
2.84339,-1.38469
2.84609,-1.36717
2.8485,-1.34962
2.85061,-1.33204
2.85241,-1.31443
2.85392,-1.29681
2.85514,-1.27918
2.85605,-1.26154
2.85666,-1.2439
2.85697,-1.22626
2.85699,-1.20863
2.85671,-1.19101
2.85612,-1.17341
2.85525,-1.15584
2.85407,-1.13829
2.85259,-1.12078
2.85082,-1.10331
2.84876,-1.08588
2.8464,-1.0685
2.84375,-1.05118
2.8408,-1.03392
2.83756,-1.01672
2.83403,-0.999589
2.83022,-0.982534
2.82611,-0.965559
2.82172,-0.948669
2.81705,-0.931868
2.81209,-0.915161
2.80685,-0.898554
2.80133,-0.882051
2.79554,-0.865656
2.78947,-0.849375
2.78312,-0.833213
2.7765,-0.817173
2.76962,-0.801261
2.76247,-0.785481
2.75505,-0.769838
2.74737,-0.754336
2.73943,-0.73898
2.73124,-0.723774
2.72279,-0.708723
2.71409,-0.69383
2.70514,-0.6791
2.69594,-0.664538
2.68651,-0.650147
2.67683,-0.635932
2.66691,-0.621897
2.65677,-0.608045
2.64639,-0.594381
2.63578,-0.580908
2.62495,-0.56763
2.61391,-0.554552
2.60264,-0.541677
2.59116,-0.529007
2.57947,-0.516548
2.56758,-0.504303
2.55548,-0.492274
2.54319,-0.480466
2.5307,-0.468882
2.51802,-0.457524
2.50516,-0.446397
2.49211,-0.435502
2.47888,-0.424845
2.46548,-0.414426
2.45191,-0.404249
2.43817,-0.394318
2.42428,-0.384634
2.41022,-0.3752
2.39601,-0.36602
2.38165,-0.357095
2.36715,-0.348428
2.35251,-0.340021
2.33773,-0.331877
2.32283,-0.323998
2.30779,-0.316386
2.29264,-0.309043
2.27736,-0.301971
2.26198,-0.295172
2.24649,-0.288647
2.23089,-0.282399
2.2152,-0.27643
2.19941,-0.27074
2.18354,-0.265331
2.16758,-0.260204
2.15154,-0.255362
2.13543,-0.250805
2.11925,-0.246534
2.103,-0.242551
2.0867,-0.238856
2.07034,-0.235451
2.05393,-0.232335
2.03748,-0.229511
2.02099,-0.226978
2.00446,-0.224738
1.98791,-0.22279
1.97133,-0.221135
1.95473,-0.219773
1.93811,-0.218705
1.92149,-0.217931
1.90486,-0.21745
1.88824,-0.217264
1.87161,-0.217371
1.855,-0.217772
1.83841,-0.218465
1.82183,-0.219452
1.80528,-0.220732
1.78876,-0.222303
1.77228,-0.224166
1.75583,-0.226319
1.73944,-0.228762
1.72309,-0.231494
1.70679,-0.234515
1.69056,-0.237822
1.67439,-0.241416
1.65829,-0.245294
1.64227,-0.249456
1.62632,-0.2539
1.61046,-0.258625
1.59469,-0.26363
1.57901,-0.268912
1.56343,-0.27447
1.54795,-0.280302
1.53258,-0.286407
1.51732,-0.292783
1.50218,-0.299427
1.48716,-0.306338
1.47226,-0.313513
1.4575,-0.320951
1.44287,-0.328649
1.42838,-0.336604
1.41403,-0.344815
1.39983,-0.353279
1.38578,-0.361992
1.37189,-0.370954
1.35816,-0.38016
1.34459,-0.389608
1.33119,-0.399296
1.31796,-0.40922
1.30492,-0.419377
1.29205,-0.429765
1.27936,-0.44038
1.26686,-0.451219
1.25456,-0.462279
1.24245,-0.473556
1.23054,-0.485047
1.21883,-0.496749
1.20733,-0.508659
1.19604,-0.520772
1.18497,-0.533085
1.1741,-0.545594
1.16346,-0.558296
1.15305,-0.571187
1.14286,-0.584263
1.1329,-0.597521
1.12317,-0.610955
1.11368,-0.624563
1.10442,-0.63834
1.09541,-0.652282
1.08664,-0.666385
1.07812,-0.680645
1.06985,-0.695057
1.06183,-0.709618
1.05407,-0.724322
1.04656,-0.739167
1.03932,-0.754146
1.03233,-0.769256
1.02561,-0.784492
1.01915,-0.79985
1.01296,-0.815326
1.00705,-0.830913
1.0014,-0.846609
0.99603,-0.862408
0.990934,-0.878305
0.986116,-0.894297
0.981576,-0.910377
0.977316,-0.926542
0.973339,-0.942786
0.969644,-0.959105
0.966233,-0.975493
0.963109,-0.991947
0.96027,-1.00846
0.95772,-1.02503
0.955458,-1.04165
0.953485,-1.05831
0.951802,-1.07502
0.950411,-1.09175
0.94931,-1.10852
0.948502,-1.12532
0.947986,-1.14213
0.947762,-1.15896
0.947831,-1.1758
0.948194,-1.19265
0.948849,-1.20949
0.949798,-1.22634
0.95104,-1.24317
0.952574,-1.25998
0.954401,-1.27678
0.95652,-1.29355
0.958931,-1.31029
0.961634,-1.32699
0.964626,-1.34366
0.967909,-1.36027
0.971481,-1.37684
0.975341,-1.39336
0.979488,-1.40981
0.983922,-1.4262
0.98864,-1.44252
0.993643,-1.45876
0.998928,-1.47492
1.00449,-1.491
1.01034,-1.50699
1.01646,-1.52289
1.02287,-1.53868
1.02954,-1.55437
1.03649,-1.56995
1.04371,-1.58542
1.0512,-1.60077
1.05895,-1.616
1.06697,-1.6311
1.07526,-1.64607
1.0838,-1.6609
1.09261,-1.67559
1.10166,-1.69014
1.11097,-1.70453
1.12054,-1.71877
1.13035,-1.73285
1.1404,-1.74677
1.1507,-1.76052
1.16124,-1.7741
1.17201,-1.78751
1.18302,-1.80073
1.19425,-1.81378
1.20572,-1.82663
1.21741,-1.83929
1.22932,-1.85176
1.24144,-1.86403
1.25378,-1.87609
1.26633,-1.88795
1.27909,-1.89959
1.29205,-1.91103
1.30521,-1.92224
1.31857,-1.93324
1.33212,-1.94401
1.34585,-1.95455
1.35977,-1.96486
1.37387,-1.97494
1.38814,-1.98478
1.40259,-1.99438
1.41721,-2.00374
1.43199,-2.01285
1.44692,-2.02171
1.46202,-2.03032
1.47726,-2.03867
1.49265,-2.04677
1.50818,-2.05461
1.52385,-2.06219
1.53965,-2.0695
1.55558,-2.07655
1.57164,-2.08333
1.58781,-2.08983
1.6041,-2.09607
1.62049,-2.10202
1.63699,-2.10771
1.65359,-2.11311
1.67029,-2.11823
1.68708,-2.12307
1.70395,-2.12763
1.7209,-2.1319
1.73793,-2.13588
1.75503,-2.13958
1.7722,-2.14299
1.78942,-2.1461
1.80671,-2.14893
1.82404,-2.15146
1.84142,-2.15371
1.85883,-2.15565
1.87629,-2.15731
1.89377,-2.15866
1.91128,-2.15972
1.92882,-2.16049
1.94636,-2.16096
1.96392,-2.16113
1.98148,-2.16101
1.99904,-2.16059
2.01659,-2.15987
2.03414,-2.15885
2.05167,-2.15754
2.06918,-2.15593
2.08666,-2.15403
2.10411,-2.15183
2.12153,-2.14933
2.1389,-2.14654
2.15623,-2.14346
2.17351,-2.14008
2.19073,-2.13641
2.20789,-2.13245
2.22498,-2.12821
2.242,-2.12367
2.25895,-2.11884
2.27581,-2.11373
2.29259,-2.10833
2.30928,-2.10265
2.32587,-2.09669
2.34236,-2.09045
2.35874,-2.08393
2.37502,-2.07714
2.39118,-2.07006
2.40721,-2.06272
2.42313,-2.05511
2.43891,-2.04723
2.45456,-2.03908
2.47007,-2.03067
2.48544,-2.02199
2.50066,-2.01306
2.51573,-2.00387
2.53064,-1.99443
2.5454,-1.98474
2.55998,-1.9748
2.5744,-1.96461
2.58864,-1.95418
2.60271,-1.94352
2.61659,-1.93261
2.63029,-1.92148
2.6438,-1.91011
2.65711,-1.89852
2.67022,-1.8867
2.68314,-1.87467
2.69585,-1.86241
2.70834,-1.84995
2.72063,-1.83728
2.7327,-1.8244
2.74455,-1.81132
2.75618,-1.79804
2.76757,-1.78457
2.77874,-1.77091
2.78968,-1.75706
2.80038,-1.74303
2.81084,-1.72882
2.82105,-1.71444
2.83102,-1.69989
2.84075,-1.68518
2.85022,-1.6703
2.85943,-1.65527
2.86839,-1.64009
2.87709,-1.62475
2.88553,-1.60928
2.8937,-1.59367
2.90161,-1.57792
2.90925,-1.56204
2.91661,-1.54604
2.92371,-1.52992
2.93052,-1.51368
2.93706,-1.49734
2.94332,-1.48089
2.9493,-1.46433
2.955,-1.44768
2.96041,-1.43094
2.96554,-1.41412
2.97038,-1.39721
2.97493,-1.38023
2.97919,-1.36317
2.98316,-1.34605
2.98683,-1.32887
2.99022,-1.31164
2.99331,-1.29435
2.9961,-1.27701
2.9986,-1.25964
3.0008,-1.24223
3.00271,-1.22479
3.00432,-1.20732
3.00563,-1.18984
3.00664,-1.17234
3.00735,-1.15482
3.00777,-1.13731
3.00788,-1.11979
3.0077,-1.10228
3.00722,-1.08478
3.00644,-1.0673
3.00537,-1.04984
3.004,-1.0324
3.00233,-1.015
3.00036,-0.997629
2.9981,-0.980302
2.99554,-0.963022
2.99269,-0.945794
2.98955,-0.928622
2.98612,-0.911512
2.98239,-0.894468
2.97838,-0.877497
2.97408,-0.860602
2.96949,-0.843789
2.96461,-0.827063
2.95946,-0.810429
2.95402,-0.79389
2.94829,-0.777453
2.9423,-0.761122
2.93602,-0.744902
2.92947,-0.728798
2.92265,-0.712814
2.91555,-0.696955
2.90819,-0.681226
2.90057,-0.66563
2.89268,-0.650174
2.88452,-0.634861
2.87611,-0.619695
2.86745,-0.604682
2.85853,-0.589825
2.84936,-0.575129
2.83994,-0.560598
2.83028,-0.546236
2.82038,-0.532048
2.81023,-0.518037
2.79986,-0.504208
2.78925,-0.490565
2.77841,-0.477111
2.76734,-0.463851
2.75606,-0.450788
2.74455,-0.437926
2.73283,-0.425268
2.7209,-0.41282
2.70875,-0.400583
2.69641,-0.388562
2.68386,-0.376759
2.67112,-0.365179
2.65818,-0.353825
2.64506,-0.342699
2.63175,-0.331806
2.61826,-0.321148
2.60459,-0.310728
2.59075,-0.300549
2.57674,-0.290614
2.56257,-0.280926
2.54823,-0.271488
2.53374,-0.262302
2.5191,-0.253371
2.50432,-0.244698
2.48939,-0.236284
2.47432,-0.228132
2.45912,-0.220245
2.44379,-0.212625
2.42833,-0.205273
2.41276,-0.198192
2.39707,-0.191384
2.38127,-0.184851
2.36537,-0.178594
2.34936,-0.172616
2.33326,-0.166917
2.31707,-0.1615
2.30079,-0.156365
2.28444,-0.151515
2.268,-0.14695
2.25149,-0.142673
2.23492,-0.138683
2.21828,-0.134982
2.20159,-0.131571
2.18485,-0.12845
2.16806,-0.125622
2.15122,-0.123085
2.13435,-0.120842
2.11745,-0.118892
2.10053,-0.117235
2.08358,-0.115874
2.06661,-0.114806
2.04963,-0.114034
2.03265,-0.113556
2.01566,-0.113373
1.99868,-0.113485
1.98171,-0.113892
1.96475,-0.114593
1.94781,-0.115588
1.93089,-0.116877
1.914,-0.118459
1.89714,-0.120334
1.88033,-0.1225
1.86355,-0.124958
1.84683,-0.127707
1.83015,-0.130745
1.81354,-0.134071
1.79699,-0.137685
1.78051,-0.141585
1.7641,-0.145771
1.74777,-0.15024
1.73152,-0.154991
1.71536,-0.160023
1.69929,-0.165334
1.68331,-0.170924
1.66744,-0.176789
1.65168,-0.182928
1.63602,-0.189339
1.62048,-0.196021
1.60507,-0.202971
1.58977,-0.210187
1.57461,-0.217667
1.55957,-0.225409
1.54468,-0.23341
1.52993,-0.241668
1.51532,-0.25018
1.50087,-0.258945
1.48657,-0.267958
1.47243,-0.277219
1.45846,-0.286723
1.44465,-0.296468
1.43101,-0.306451
1.41755,-0.31667
1.40427,-0.32712
1.39118,-0.3378
1.37827,-0.348705
1.36555,-0.359833
1.35302,-0.37118
1.3407,-0.382743
1.32858,-0.394518
1.31666,-0.406503
1.30495,-0.418693
1.29346,-0.431085
1.28218,-0.443675
1.27112,-0.45646
1.26029,-0.469435
1.24968,-0.482597
1.2393,-0.495943
1.22915,-0.509467
1.21924,-0.523167
1.20956,-0.537037
1.20013,-0.551075
1.19094,-0.565275
1.18199,-0.579635
1.1733,-0.594148
1.16486,-0.608812
1.15667,-0.623622
1.14874,-0.638573
1.14107,-0.653662
1.13366,-0.668883
1.12651,-0.684233
1.11963,-0.699706
1.11302,-0.715299
1.10668,-0.731006
1.10061,-0.746823
1.09481,-0.762745
1.08929,-0.778768
1.08405,-0.794887
1.07908,-0.811098
1.0744,-0.827395
1.07,-0.843773
1.06588,-0.860228
1.06204,-0.876756
1.05849,-0.89335
1.05523,-0.910007
1.05225,-0.926721
1.04956,-0.943488
1.04717,-0.960302
1.04506,-0.977159
1.04324,-0.994053
1.04172,-1.01098
1.04049,-1.02793
1.03955,-1.04491
1.0389,-1.06191
1.03855,-1.07891
1.03849,-1.09593
1.03872,-1.11295
1.03925,-1.12996
1.04007,-1.14697
1.04119,-1.16396
1.04259,-1.18094
1.04429,-1.1979
1.04629,-1.21482
1.04857,-1.23172
1.05115,-1.24858
1.05401,-1.26539
1.05717,-1.28216
1.06062,-1.29887
1.06435,-1.31553
1.06837,-1.33212
1.07268,-1.34865
1.07727,-1.3651
1.08215,-1.38148
1.0873,-1.39778
1.09274,-1.41398
1.09846,-1.4301
1.10446,-1.44612
1.11073,-1.46204
1.11727,-1.47785
1.12409,-1.49355
1.13118,-1.50914
1.13854,-1.52461
1.14616,-1.53995
1.15405,-1.55516
1.1622,-1.57024
1.17061,-1.58517
1.17928,-1.59997
1.1882,-1.61462
1.19738,-1.62912
1.2068,-1.64346
1.21647,-1.65764
1.22639,-1.67165
1.23654,-1.6855
1.24694,-1.69917
1.25757,-1.71267
1.26843,-1.72598
1.27952,-1.73911
1.29084,-1.75205
1.30238,-1.7648
1.31414,-1.77735
1.32612,-1.7897
1.3383,-1.80185
1.3507,-1.81378
1.3633,-1.82551
1.37611,-1.83702
1.38911,-1.84831
1.4023,-1.85938
1.41569,-1.87022
1.42926,-1.88083
1.44301,-1.89122
1.45694,-1.90136
1.47105,-1.91127
1.48533,-1.92094
1.49977,-1.93036
1.51437,-1.93953
1.52913,-1.94846
1.54404,-1.95713
1.55911,-1.96555
1.57431,-1.97371
1.58966,-1.98161
1.60514,-1.98924
1.62075,-1.99661
1.63649,-2.00371
1.65235,-2.01055
1.66832,-2.01711
1.68441,-2.0234
1.7006,-2.02941
1.7169,-2.03515
1.73329,-2.0406
1.74978,-2.04578
1.76635,-2.05067
1.78301,-2.05528
1.79974,-2.0596
1.81655,-2.06363
1.83343,-2.06738
1.85037,-2.07084
1.86736,-2.07401
1.88441,-2.07688
1.90151,-2.07947
1.91865,-2.08176
1.93583,-2.08376
1.95304,-2.08546
1.97028,-2.08687
1.98754,-2.08798
2.00482,-2.0888
2.02211,-2.08932
2.03941,-2.08954
2.05671,-2.08947
2.074,-2.0891
2.09129,-2.08843
2.10856,-2.08747
2.12582,-2.08621
2.14305,-2.08466
2.16025,-2.08281
2.17742,-2.08067
2.19455,-2.07823
2.21164,-2.0755
2.22867,-2.07248
2.24565,-2.06916
2.26258,-2.06556
2.27944,-2.06166
2.29622,-2.05748
2.31294,-2.05301
2.32957,-2.04825
2.34612,-2.04321
2.36259,-2.03788
2.37895,-2.03228
2.39522,-2.02639
2.41139,-2.02023
2.42744,-2.01378
2.44338,-2.00707
2.45921,-2.00008
2.47491,-1.99282
2.49048,-1.98529
2.50593,-1.9775
2.52123,-1.96944
2.5364,-1.96112
2.55141,-1.95254
2.56628,-1.94371
2.581,-1.93462
2.59555,-1.92528
2.60994,-1.9157
2.62417,-1.90586
2.63822,-1.89579
2.65209,-1.88547
2.66579,-1.87492
2.6793,-1.86414
2.69262,-1.85312
2.70576,-1.84188
2.71869,-1.83041
2.73143,-1.81873
2.74396,-1.80682
2.75628,-1.79471
2.7684,-1.78238
2.78029,-1.76985
2.79198,-1.75712
2.80343,-1.74419
2.81467,-1.73106
2.82568,-1.71774
2.83645,-1.70424
2.84699,-1.69055
2.85729,-1.67669
2.86735,-1.66265
2.87717,-1.64844
2.88674,-1.63406
2.89606,-1.61952
2.90513,-1.60483
2.91394,-1.58998
2.92249,-1.57498
2.93079,-1.55984
2.93882,-1.54456
2.94659,-1.52915
2.95409,-1.5136
2.96132,-1.49793
2.96828,-1.48213
2.97496,-1.46622
2.98137,-1.4502
2.9875,-1.43407
2.99335,-1.41784
2.99893,-1.40151
3.00421,-1.38509
3.00922,-1.36858
3.01393,-1.35198
3.01837,-1.33531
3.02251,-1.31857
3.02636,-1.30176
3.02992,-1.28488
3.03319,-1.26795
3.03617,-1.25097
3.03885,-1.23394
3.04124,-1.21686
3.04333,-1.19975
3.04513,-1.1826
3.04663,-1.16543
3.04784,-1.14823
3.04874,-1.13102
3.04935,-1.11379
3.04967,-1.09656
3.04968,-1.07933
3.0494,-1.0621
3.04882,-1.04488
3.04794,-1.02767
3.04677,-1.01048
3.0453,-0.993309
3.04353,-0.976172
3.04147,-0.959068
3.03911,-0.942003
3.03646,-0.924982
3.03351,-0.90801
3.03028,-0.891093
3.02675,-0.874235
3.02293,-0.857441
3.01882,-0.840716
3.01442,-0.824065
3.00974,-0.807493
3.00477,-0.791006
2.99951,-0.774607
2.99398,-0.758302
2.98816,-0.742096
2.98207,-0.725993
2.9757,-0.709998
2.96905,-0.694117
2.96213,-0.678353
2.95494,-0.662711
2.94748,-0.647197
2.93975,-0.631814
2.93176,-0.616567
2.92351,-0.601461
2.915,-0.5865
2.90623,-0.571688
2.89721,-0.557031
2.88793,-0.542532
2.87841,-0.528196
2.86864,-0.514026
2.85863,-0.500028
2.84838,-0.486204
2.83789,-0.47256
2.82716,-0.4591
2.81621,-0.445826
2.80503,-0.432744
2.79362,-0.419857
2.782,-0.407169
2.77016,-0.394684
2.7581,-0.382404
2.74583,-0.370335
2.73336,-0.35848
2.72068,-0.346841
2.70781,-0.335423
2.69474,-0.324229
2.68148,-0.313262
2.66803,-0.302525
2.6544,-0.292022
2.64059,-0.281755
2.62661,-0.271728
2.61245,-0.261944
2.59813,-0.252405
2.58365,-0.243114
2.569,-0.234074
2.55421,-0.225288
2.53926,-0.216758
2.52417,-0.208487
2.50894,-0.200477
2.49357,-0.192731
2.47807,-0.18525
2.46245,-0.178037
2.4467,-0.171095
2.43083,-0.164424
2.41486,-0.158028
2.39877,-0.151907
2.38258,-0.146064
2.36629,-0.140501
2.34991,-0.135218
2.33344,-0.130218
2.31689,-0.125502
2.30025,-0.121071
2.28354,-0.116927
2.26677,-0.113071
2.24993,-0.109504
2.23302,-0.106227
2.21607,-0.103241
2.19906,-0.100546
2.18202,-0.0981443
2.16493,-0.0960356
2.1478,-0.0942208
2.13065,-0.0927003
2.11348,-0.0914746
2.09628,-0.090544
2.07907,-0.0899088
2.06185,-0.0895691
2.04463,-0.089525
2.02741,-0.0897765
2.01019,-0.0903235
1.99299,-0.0911659
1.9758,-0.0923033
1.95863,-0.0937354
1.94149,-0.0954618
1.92438,-0.0974819
1.90731,-0.0997951
1.89028,-0.102401
1.87329,-0.105298
1.85636,-0.108486
1.83948,-0.111964
1.82267,-0.115731
1.80591,-0.119785
1.78923,-0.124126
1.77263,-0.128753
1.75611,-0.133663
1.73967,-0.138855
1.72332,-0.144328
1.70707,-0.150081
1.69092,-0.156111
1.67487,-0.162416
1.65893,-0.168996
1.64311,-0.175848
1.6274,-0.182969
1.61182,-0.190359
1.59636,-0.198014
1.58104,-0.205933
1.56585,-0.214113
1.55081,-0.222552
1.53591,-0.231247
1.52116,-0.240196
1.50656,-0.249396
1.49212,-0.258844
1.47784,-0.268538
1.46374,-0.278475
1.4498,-0.288653
1.43603,-0.299067
1.42245,-0.309715
1.40905,-0.320594
1.39583,-0.331701
1.3828,-0.343032
1.36997,-0.354585
1.35734,-0.366356
1.34491,-0.378341
1.33268,-0.390536
1.32066,-0.40294
1.30886,-0.415547
1.29727,-0.428355
1.2859,-0.441358
1.27475,-0.454555
1.26383,-0.46794
1.25313,-0.481511
1.24267,-0.495262
1.23244,-0.509191
1.22246,-0.523293
1.21271,-0.537563
1.2032,-0.551999
1.19394,-0.566595
1.18494,-0.581347
1.17618,-0.596252
1.16767,-0.611305
1.15943,-0.626501
1.15144,-0.641836
1.14372,-0.657305
1.13625,-0.672905
1.12906,-0.688631
1.12213,-0.704478
1.11547,-0.720441
1.10908,-0.736516
1.10297,-0.752699
1.09713,-0.768984
1.09157,-0.785367
1.08629,-0.801843
1.08129,-0.818408
1.07658,-0.835056
1.07214,-0.851783
1.06799,-0.868584
1.06413,-0.885453
1.06055,-0.902388
1.05726,-0.919381
1.05426,-0.936429
1.05155,-0.953526
1.04913,-0.970668
1.047,-0.987849
1.04516,-1.00506
1.04362,-1.02231
1.04237,-1.03958
1.04141,-1.05687
1.04075,-1.07417
1.04038,-1.09149
1.04031,-1.10881
1.04052,-1.12612
1.04104,-1.14343
1.04185,-1.16074
1.04295,-1.17802
1.04434,-1.19529
1.04603,-1.21253
1.04801,-1.22974
1.05028,-1.24691
1.05285,-1.26404
1.0557,-1.28113
1.05885,-1.29817
1.06228,-1.31515
1.066,-1.33207
1.07001,-1.34893
1.07431,-1.36571
1.07889,-1.38242
1.08375,-1.39905
1.0889,-1.4156
1.09432,-1.43205
1.10003,-1.44841
1.10601,-1.46468
1.11226,-1.48083
1.1188,-1.49688
1.1256,-1.51282
1.13267,-1.52864
1.14001,-1.54433
1.14762,-1.5599
1.15549,-1.57533
1.16362,-1.59063
1.17201,-1.60579
1.18066,-1.6208
1.18956,-1.63567
1.19871,-1.65038
1.20811,-1.66493
1.21776,-1.67932
1.22765,-1.69354
1.23778,-1.70759
1.24815,-1.72146
1.25875,-1.73516
1.26958,-1.74867
1.28064,-1.762
1.29193,-1.77513
1.30343,-1.78807
1.31516,-1.80081
1.3271,-1.81335
1.33925,-1.82568
1.35161,-1.8378
1.36417,-1.84971
1.37693,-1.8614
1.38989,-1.87288
1.40304,-1.88412
1.41638,-1.89514
1.4299,-1.90593
1.44361,-1.91649
1.45749,-1.92681
1.47154,-1.93689
1.48577,-1.94673
1.50015,-1.95632
1.5147,-1.96566
1.5294,-1.97475
1.54426,-1.98359
1.55926,-1.99217
1.5744,-2.0005
1.58968,-2.00856
1.6051,-2.01636
1.62064,-2.02389
1.63631,-2.03115
1.65209,-2.03815
1.66799,-2.04487
1.68401,-2.05131
1.70012,-2.05748
1.71634,-2.06337
1.73265,-2.06899
1.74905,-2.07432
1.76554,-2.07936
1.78211,-2.08413
1.79876,-2.0886
1.81548,-2.09279
1.83226,-2.09669
1.8491,-2.10031
1.866,-2.10363
1.88295,-2.10666
1.89995,-2.10939
1.91698,-2.11184
1.93406,-2.11399
1.95116,-2.11584
1.96829,-2.1174
1.98543,-2.11867
2.0026,-2.11964
2.01977,-2.12031
2.03695,-2.12069
2.05412,-2.12077
2.07129,-2.12056
2.08845,-2.12005
2.1056,-2.11924
2.12272,-2.11814
2.13982,-2.11674
2.15689,-2.11505
2.17392,-2.11307
2.1909,-2.11079
2.20785,-2.10822
2.22474,-2.10535
2.24157,-2.1022
2.25834,-2.09876
2.27504,-2.09502
2.29168,-2.091
2.30823,-2.0867
2.3247,-2.08211
2.34109,-2.07723
2.35738,-2.07208
2.37358,-2.06664
2.38968,-2.06092
2.40567,-2.05493
2.42155,-2.04867
2.43731,-2.04213
2.45295,-2.03532
2.46847,-2.02824
2.48386,-2.02089
2.49911,-2.01328
2.51423,-2.00541
2.5292,-1.99728
2.54402,-1.98889
2.55869,-1.98025
2.5732,-1.97136
2.58755,-1.96221
2.60174,-1.95282
2.61575,-1.94319
2.62959,-1.93332
2.64326,-1.92321
2.65674,-1.91287
2.67003,-1.90229
2.68314,-1.89149
2.69605,-1.88047
2.70876,-1.86922
2.72127,-1.85776
2.73357,-1.84608
2.74567,-1.83419
2.75755,-1.82209
2.76922,-1.8098
2.78067,-1.7973
2.79189,-1.78461
2.80289,-1.77172
2.81365,-1.75865
2.82419,-1.7454
2.83449,-1.73196
2.84454,-1.71835
2.85436,-1.70457
2.86393,-1.69063
2.87326,-1.67652
2.88233,-1.66225
2.89115,-1.64782
2.89971,-1.63325
2.90801,-1.61853
2.91606,-1.60368
2.92384,-1.58868
2.93135,-1.57355
2.9386,-1.5583
2.94557,-1.54292
2.95227,-1.52743
2.9587,-1.51182
2.96486,-1.49611
2.97073,-1.48029
2.97633,-1.46437
2.98164,-1.44836
2.98667,-1.43226
2.99142,-1.41608
2.99588,-1.39981
3.00005,-1.38348
3.00394,-1.36707
3.00754,-1.3506
3.01084,-1.33406
3.01386,-1.31748
3.01658,-1.30084
3.01901,-1.28416
3.02114,-1.26745
3.02298,-1.25069
3.02452,-1.23391
3.02577,-1.2171
3.02673,-1.20028
3.02739,-1.18344
3.02775,-1.16659
3.02781,-1.14974
3.02758,-1.13289
3.02705,-1.11605
3.02623,-1.09921
3.02511,-1.0824
3.02369,-1.0656
3.02198,-1.04884
3.01997,-1.0321
3.01767,-1.0154
3.01508,-0.998744
3.01219,-0.982134
3.00901,-0.965576
3.00554,-0.949075
3.00179,-0.932636
2.99774,-0.916264
2.9934,-0.899963
2.98878,-0.88374
2.98387,-0.867598
2.97869,-0.851543
2.97321,-0.835579
2.96746,-0.819711
2.96143,-0.803944
2.95512,-0.788283
2.94854,-0.772733
2.94168,-0.757297
2.93456,-0.741982
2.92716,-0.726791
2.9195,-0.711729
2.91157,-0.696801
2.90338,-0.682011
2.89494,-0.667363
2.88623,-0.652863
2.87727,-0.638514
2.86806,-0.624321
2.85859,-0.610288
2.84889,-0.596419
2.83893,-0.582718
2.82874,-0.569191
2.81831,-0.55584
2.80764,-0.54267
2.79675,-0.529685
2.78562,-0.516888
2.77427,-0.504285
2.7627,-0.491877
2.75091,-0.47967
2.7389,-0.467667
2.72669,-0.455871
2.71426,-0.444287
2.70163,-0.432917
2.68881,-0.421766
2.67578,-0.410836
2.66256,-0.400131
2.64915,-0.389654
2.63556,-0.379408
2.62179,-0.369397
2.60784,-0.359624
2.59372,-0.350091
2.57942,-0.340802
2.56497,-0.331759
2.55035,-0.322965
2.53558,-0.314422
2.52066,-0.306135
2.50559,-0.298104
2.49037,-0.290333
2.47502,-0.282823
2.45954,-0.275578
2.44392,-0.2686
2.42818,-0.261889
2.41232,-0.25545
2.39635,-0.249283
2.38026,-0.243391
2.36407,-0.237776
2.34778,-0.232439
2.33139,-0.227381
2.31491,-0.222606
2.29834,-0.218113
2.28169,-0.213905
2.26496,-0.209982
2.24817,-0.206347
2.2313,-0.203001
2.21437,-0.199943
2.19739,-0.197176
2.18035,-0.194701
2.16327,-0.192517
2.14614,-0.190627
2.12898,-0.18903
2.11178,-0.187727
2.09456,-0.18672
2.07731,-0.186007
2.06005,-0.18559
2.04278,-0.185468
2.02549,-0.185643
2.00821,-0.186113
1.99093,-0.186879
1.97366,-0.187941
1.9564,-0.189298
1.93916,-0.190951
1.92195,-0.192899
1.90476,-0.195141
1.88761,-0.197677
1.87049,-0.200507
1.85342,-0.203629
1.83639,-0.207043
1.81943,-0.210747
1.80251,-0.214742
1.78567,-0.219026
1.76889,-0.223597
1.75218,-0.228455
1.73555,-0.233598
1.71901,-0.239025
1.70255,-0.244734
1.68619,-0.250724
1.66992,-0.256993
1.65376,-0.263539
1.6377,-0.270361
1.62176,-0.277457
1.60593,-0.284825
1.59022,-0.292462
1.57464,-0.300367
1.55919,-0.308538
1.54387,-0.316971
1.52869,-0.325665
1.51366,-0.334618
1.49877,-0.343826
1.48404,-0.353288
1.46946,-0.363
1.45504,-0.37296
1.44079,-0.383166
1.42671,-0.393613
1.4128,-0.4043
1.39907,-0.415223
1.38552,-0.426379
1.37215,-0.437765
1.35898,-0.449378
1.346,-0.461215
1.33321,-0.473272
1.32063,-0.485545
1.30825,-0.498032
1.29607,-0.510729
1.28411,-0.523632
1.27236,-0.536738
1.26084,-0.550042
1.24953,-0.563542
1.23845,-0.577233
1.2276,-0.591111
1.21697,-0.605173
1.20659,-0.619414
1.19644,-0.63383
1.18653,-0.648418
1.17686,-0.663173
1.16744,-0.678091
1.15827,-0.693168
1.14935,-0.7084
1.14068,-0.723781
1.13228,-0.739309
1.12413,-0.754978
1.11624,-0.770783
1.10861,-0.786722
1.10125,-0.802788
1.09416,-0.818978
1.08734,-0.835286
1.0808,-0.851709
1.07452,-0.868241
1.06852,-0.884878
1.0628,-0.901615
1.05736,-0.918447
1.0522,-0.93537
1.04732,-0.952378
1.04273,-0.969468
1.03842,-0.986633
1.0344,-1.00387
1.03066,-1.02117
1.02722,-1.03854
1.02406,-1.05596
1.02119,-1.07343
1.01862,-1.09095
1.01633,-1.10851
1.01434,-1.1261
1.01265,-1.14373
1.01125,-1.16139
1.01014,-1.17906
1.00932,-1.19675
1.0088,-1.21446
1.00858,-1.23217
1.00865,-1.24988
1.00902,-1.26759
1.00968,-1.28529
1.01063,-1.30297
1.01188,-1.32064
1.01343,-1.33828
1.01527,-1.35589
1.0174,-1.37347
1.01982,-1.39101
1.02254,-1.40851
1.02554,-1.42596
1.02884,-1.44335
1.03243,-1.46069
1.0363,-1.47796
1.04046,-1.49517
1.04491,-1.51229
1.04964,-1.52935
1.05466,-1.54631
1.05995,-1.56319
1.06553,-1.57998
1.07139,-1.59667
1.07752,-1.61326
1.08393,-1.62974
1.09061,-1.64611
1.09756,-1.66236
1.10478,-1.67849
1.11227,-1.69449
1.12002,-1.71037
1.12804,-1.72611
1.13632,-1.74171
1.14485,-1.75716
1.15364,-1.77247
1.16268,-1.78763
1.17198,-1.80263
1.18152,-1.81746
1.1913,-1.83214
1.20133,-1.84664
1.2116,-1.86097
1.2221,-1.87512
1.23284,-1.88909
1.2438,-1.90287
1.255,-1.91647
1.26641,-1.92987
1.27805,-1.94307
1.2899,-1.95608
1.30196,-1.96887
1.31424,-1.98146
1.32672,-1.99384
1.3394,-2.006
1.35228,-2.01795
1.36536,-2.02967
1.37863,-2.04116
1.39208,-2.05243
1.40572,-2.06346
1.41954,-2.07426
1.43353,-2.08482
1.44769,-2.09514
1.46202,-2.10521
1.47651,-2.11504
1.49116,-2.12461
1.50597,-2.13394
1.52092,-2.14301
1.53602,-2.15182
1.55126,-2.16037
1.56664,-2.16866
1.58214,-2.17668
1.59778,-2.18444
1.61354,-2.19192
1.62941,-2.19914
1.6454,-2.20608
1.66149,-2.21275
1.67769,-2.21914
1.69399,-2.22525
1.71038,-2.23108
1.72686,-2.23662
1.74343,-2.24189
1.76007,-2.24687
1.77679,-2.25156
1.79358,-2.25596
1.81043,-2.26008
1.82734,-2.2639
1.84431,-2.26743
1.86133,-2.27067
1.87838,-2.27362
1.89548,-2.27628
1.91261,-2.27864
1.92978,-2.28071
1.94696,-2.28248
1.96416,-2.28395
1.98138,-2.28513
1.9986,-2.28602
2.01583,-2.2866
2.03306,-2.2869
2.05028,-2.28689
2.06748,-2.28659
2.08467,-2.28599
2.10184,-2.2851
2.11898,-2.28392
2.13608,-2.28244
2.15315,-2.28066
2.17017,-2.27859
2.18715,-2.27624
2.20407,-2.27358
2.22094,-2.27064
2.23774,-2.26741
2.25447,-2.26389
2.27113,-2.26009
2.28771,-2.256
2.30421,-2.25162
2.32062,-2.24696
2.33693,-2.24203
2.35315,-2.23681
2.36927,-2.23131
2.38527,-2.22554
2.40117,-2.21949
2.41694,-2.21318
2.4326,-2.20659
2.44812,-2.19973
2.46352,-2.19261
2.47878,-2.18523
2.4939,-2.17758
2.50887,-2.16968
2.5237,-2.16152
2.53837,-2.15311
2.55288,-2.14445
2.56723,-2.13555
2.58141,-2.12639
2.59542,-2.117
2.60926,-2.10737
2.62291,-2.0975
2.63639,-2.0874
2.64967,-2.07707
2.66276,-2.06652
2.67566,-2.05574
2.68836,-2.04474
2.70085,-2.03353
2.71314,-2.02211
2.72521,-2.01048
2.73708,-1.99865
2.74872,-1.98661
2.76015,-1.97438
2.77135,-1.96195
2.78232,-1.94934
2.79306,-1.93654
2.80356,-1.92356
2.81383,-1.91041
2.82386,-1.89708
2.83365,-1.88358
2.84319,-1.86992
2.85248,-1.8561
2.86152,-1.84212
2.8703,-1.82799
2.87883,-1.81371
2.8871,-1.7993
2.8951,-1.78474
2.90284,-1.77006
2.91032,-1.75524
2.91753,-1.7403
2.92446,-1.72524
2.93113,-1.71007
2.93752,-1.69478
2.94363,-1.67939
2.94946,-1.6639
2.95502,-1.64832
2.96029,-1.63265
2.96528,-1.61689
2.96999,-1.60105
2.97441,-1.58513
2.97854,-1.56914
2.98239,-1.55309
2.98594,-1.53697
2.98921,-1.5208
2.99218,-1.50458
2.99487,-1.48832
2.99726,-1.47201
