1,0
0.999849,0.0172222
0.999397,0.034409
0.998644,0.0515914
0.997591,0.0687521
0.996236,0.0858862
0.994582,0.102989
0.992628,0.120054
0.990374,0.13709
0.987823,0.154066
0.984975,0.170991
0.98183,0.187859
0.978389,0.204665
0.974654,0.221403
0.970625,0.23807
0.966304,0.25466
0.961693,0.271168
0.956792,0.287589
0.951603,0.303918
0.946127,0.320151
0.940367,0.336282
0.934323,0.352307
0.927999,0.368221
0.921395,0.384019
0.914513,0.399696
0.907357,0.415249
0.899927,0.430671
0.892232,0.445948
0.884262,0.461097
0.876027,0.476103
0.867528,0.49096
0.858768,0.505665
0.849749,0.520213
0.840474,0.5346
0.830946,0.548821
0.821169,0.562872
0.811143,0.576749
0.800874,0.590448
0.790363,0.603965
0.779614,0.617296
0.76863,0.630436
0.757415,0.643382
0.745972,0.65613
0.734303,0.668676
0.722414,0.681016
0.710306,0.693147
0.697985,0.705065
0.685453,0.716767
0.672714,0.728248
0.659773,0.739507
0.646632,0.750538
0.633296,0.76134
0.619769,0.771908
0.606055,0.78224
0.592157,0.792332
0.578081,0.802182
0.56383,0.811787
0.549408,0.821144
0.53482,0.83025
0.52007,0.839102
0.505162,0.847698
0.490101,0.856035
0.474891,0.864112
0.459537,0.871924
0.444043,0.879471
0.428414,0.88675
0.412654,0.893759
0.396768,0.900496
0.38076,0.906958
0.364636,0.913145
0.348399,0.919054
0.332055,0.924683
0.315609,0.930031
0.299065,0.935097
0.282428,0.939879
0.265702,0.944375
0.248894,0.948584
0.232006,0.952506
0.215045,0.956138
0.198016,0.959481
0.180922,0.962532
0.16377,0.965292
0.146563,0.967759
0.129307,0.969933
0.112007,0.971813
0.0946672,0.973398
0.0772932,0.974689
0.0598897,0.975685
0.0424616,0.976385
0.0250138,0.976789
0.00755123,0.976898
-0.00992123,0.976711
-0.0273987,0.976229
-0.0448762,0.975451
-0.062349,0.974378
-0.0798121,0.97301
-0.0972607,0.971347
-0.11469,0.969391
-0.132095,0.967141
-0.149471,0.964598
-0.166814,0.961764
-0.184118,0.958638
-0.201378,0.955221
-0.218591,0.951515
-0.235751,0.947521
-0.252854,0.943239
-0.269895,0.938671
-0.286869,0.933819
-0.303772,0.928683
-0.320599,0.923264
-0.337346,0.917565
-0.354008,0.911587
-0.370581,0.905332
-0.38706,0.8988
-0.403441,0.891995
-0.419719,0.884917
-0.435891,0.877569
-0.451952,0.869952
-0.467897,0.862069
-0.483723,0.853922
-0.499425,0.845513
-0.515,0.836844
-0.530442,0.827917
-0.545749,0.818734
-0.560915,0.809299
-0.575938,0.799613
-0.590812,0.78968
-0.605535,0.779501
-0.620103,0.769079
-0.634511,0.758417
-0.648756,0.747518
-0.662834,0.736384
-0.676742,0.725018
-0.690476,0.713424
-0.704032,0.701604
-0.717408,0.689561
-0.730599,0.677298
-0.743602,0.664818
-0.756414,0.652125
-0.769032,0.639222
-0.781452,0.626111
-0.793671,0.612797
-0.805686,0.599282
-0.817494,0.58557
-0.829093,0.571664
-0.840478,0.557568
-0.851648,0.543285
-0.862598,0.528819
-0.873328,0.514173
-0.883833,0.499351
-0.894111,0.484357
-0.904159,0.469194
-0.913976,0.453867
-0.923558,0.438378
-0.932903,0.422732
-0.942008,0.406932
-0.950872,0.390983
-0.959492,0.374888
-0.967865,0.358651
-0.97599,0.342277
-0.983865,0.325768
-0.991487,0.30913
-0.998855,0.292366
-1.00597,0.275481
-1.01282,0.258478
-1.01941,0.241361
-1.02574,0.224136
-1.03181,0.206805
-1.03762,0.189374
-1.04315,0.171846
-1.04842,0.154226
-1.05342,0.136518
-1.05815,0.118726
-1.06261,0.100855
-1.06679,0.0829087
-1.0707,0.064892
-1.07434,0.0468091
-1.07769,0.0286645
-1.08077,0.0104625
-1.08358,-0.00779238
-1.0861,-0.0260957
-1.08834,-0.044443
-1.09031,-0.0628297
-1.09199,-0.0812513
-1.09339,-0.0997034
-1.09451,-0.118181
-1.09534,-0.136681
-1.0959,-0.155197
-1.09617,-0.173725
-1.09616,-0.192261
-1.09586,-0.2108
-1.09528,-0.229337
-1.09442,-0.247868
-1.09327,-0.266388
-1.09184,-0.284893
-1.09013,-0.303378
-1.08814,-0.321839
-1.08586,-0.34027
-1.0833,-0.358667
-1.08046,-0.377025
-1.07734,-0.395341
-1.07394,-0.413621
-1.07026,-0.431836
-1.06631,-0.449995
-1.06207,-0.468091
-1.05756,-0.486121
-1.05278,-0.504081
-1.04772,-0.521965
-1.04238,-0.539769
-1.03678,-0.557488
-1.03091,-0.575119
-1.02477,-0.592655
-1.01836,-0.610093
-1.01168,-0.627429
-1.00474,-0.644657
-0.997545,-0.661774
-0.990085,-0.678774
-0.982368,-0.695653
-0.974394,-0.712408
-0.966167,-0.729033
-0.957687,-0.745524
-0.948959,-0.761877
-0.939984,-0.778087
-0.930764,-0.79415
-0.921302,-0.810063
-0.9116,-0.82582
-0.901663,-0.841417
-0.891491,-0.856851
-0.881088,-0.872117
-0.870457,-0.887212
-0.859601,-0.90213
-0.848523,-0.916869
-0.837226,-0.931423
-0.825714,-0.945791
-0.81399,-0.959966
-0.802057,-0.973946
-0.789919,-0.987727
-0.777579,-1.00131
-0.765041,-1.01468
-0.752309,-1.02784
-0.739386,-1.04079
-0.726277,-1.05352
-0.712986,-1.06603
-0.699516,-1.07832
-0.685871,-1.09038
-0.672057,-1.10221
-0.658076,-1.11381
-0.643934,-1.12517
-0.629634,-1.13629
-0.615182,-1.14717
-0.600581,-1.1578
-0.585837,-1.16819
-0.570954,-1.17832
-0.555936,-1.18821
-0.540788,-1.19784
-0.525516,-1.20721
-0.510124,-1.21632
-0.494617,-1.22516
-0.479,-1.23375
-0.463278,-1.24206
-0.447456,-1.25011
-0.431539,-1.25789
-0.415533,-1.26539
-0.399442,-1.27262
-0.383272,-1.27958
-0.367028,-1.28626
-0.350716,-1.29266
-0.33434,-1.29878
-0.317906,-1.30462
-0.301419,-1.31018
-0.284886,-1.31546
-0.268311,-1.32045
-0.251699,-1.32516
-0.235057,-1.32958
-0.218389,-1.33372
-0.201702,-1.33757
-0.185,-1.34114
-0.16829,-1.34441
-0.151576,-1.34741
-0.134864,-1.35011
-0.11816,-1.35253
-0.101469,-1.35466
-0.0847969,-1.35651
-0.0681488,-1.35807
-0.0515302,-1.35935
-0.0349467,-1.36034
-0.0184037,-1.36104
-0.00190651,-1.36147
0.0145394,-1.36161
0.0309287,-1.36147
0.0472561,-1.36105
0.0635162,-1.36035
0.0797039,-1.35937
0.0958138,-1.35812
0.111841,-1.35659
0.12778,-1.35479
0.143625,-1.35272
0.159373,-1.35038
0.175017,-1.34777
0.190552,-1.3449
0.205975,-1.34176
0.221279,-1.33836
0.236461,-1.3347
0.251514,-1.33079
0.266436,-1.32661
0.28122,-1.32219
0.295862,-1.31752
0.310358,-1.3126
0.324704,-1.30744
0.338894,-1.30203
0.352925,-1.29639
0.366791,-1.29051
0.38049,-1.2844
0.394017,-1.27806
0.407367,-1.27149
0.420536,-1.2647
0.433522,-1.25768
0.446319,-1.25046
0.458924,-1.24302
0.471333,-1.23536
0.483543,-1.22751
0.495549,-1.21945
0.507349,-1.21119
0.518939,-1.20273
0.530315,-1.19408
0.541475,-1.18525
0.552414,-1.17623
0.56313,-1.16703
0.57362,-1.15765
0.583881,-1.1481
0.593909,-1.13838
0.603702,-1.1285
0.613257,-1.11846
0.622572,-1.10826
0.631643,-1.09791
0.640468,-1.0874
0.649046,-1.07676
0.657372,-1.06598
0.665445,-1.05506
0.673263,-1.044
0.680823,-1.03283
0.688124,-1.02153
0.695163,-1.01011
0.701939,-0.998574
0.708449,-0.986932
0.714691,-0.975185
0.720665,-0.963337
0.726368,-0.951393
0.731798,-0.939357
0.736955,-0.927234
0.741837,-0.915029
0.746441,-0.902746
0.750769,-0.890389
0.754817,-0.877964
0.758584,-0.865474
0.762071,-0.852925
0.765275,-0.84032
0.768196,-0.827665
0.770833,-0.814964
0.773185,-0.802222
0.775252,-0.789443
0.777033,-0.776632
0.778526,-0.763794
0.779733,-0.750934
0.780652,-0.738055
0.781284,-0.725163
0.781627,-0.712263
0.781682,-0.699359
0.781448,-0.686455
0.780926,-0.673557
0.780115,-0.660669
0.779016,-0.647795
0.777628,-0.634941
0.775953,-0.622111
0.77399,-0.60931
0.77174,-0.596542
0.769203,-0.583812
0.766379,-0.571124
0.76327,-0.558484
0.759876,-0.545896
0.756197,-0.533364
0.752235,-0.520894
0.74799,-0.508489
0.743464,-0.496155
0.738657,-0.483895
0.73357,-0.471715
0.728205,-0.459618
0.722562,-0.44761
0.716644,-0.435695
0.710451,-0.423878
0.703985,-0.412163
0.697248,-0.400554
0.69024,-0.389055
0.682965,-0.377672
0.675422,-0.366409
0.667615,-0.35527
0.659545,-0.344259
0.651214,-0.333381
0.642623,-0.32264
0.633776,-0.31204
0.624674,-0.301585
0.615319,-0.291281
0.605714,-0.28113
0.595861,-0.271137
0.585763,-0.261306
0.575421,-0.251642
0.564839,-0.242148
0.554019,-0.232829
0.542964,-0.223687
0.531676,-0.214728
0.520159,-0.205955
0.508414,-0.197373
0.496446,-0.188984
0.484258,-0.180792
0.471851,-0.172802
0.45923,-0.165017
0.446398,-0.157441
0.433358,-0.150077
0.420113,-0.142929
0.406667,-0.136
0.393023,-0.129295
0.379184,-0.122815
0.365155,-0.116565
0.350939,-0.110547
0.33654,-0.104766
0.321962,-0.099224
0.307207,-0.0939243
0.292281,-0.08887
0.277187,-0.084064
0.261929,-0.0795093
0.246512,-0.0752088
0.230939,-0.0711653
0.215214,-0.0673814
0.199342,-0.0638599
0.183327,-0.0606033
0.167174,-0.0576143
0.150886,-0.0548951
0.134469,-0.0524482
0.117926,-0.050276
0.101262,-0.0483805
0.0844824,-0.0467641
0.0675908,-0.0454287
0.0505922,-0.0443763
0.0334912,-0.043609
0.0162927,-0.0431284
-0.000998737,-0.0429364
-0.0183782,-0.0430346
-0.0358409,-0.0434247
-0.0533819,-0.0441081
-0.0709965,-0.0450862
-0.0886795,-0.0463604
-0.106426,-0.0479319
-0.124231,-0.0498018
-0.14209,-0.0519713
-0.159998,-0.0544414
-0.177949,-0.0572128
-0.195938,-0.0602864
-0.213961,-0.063663
-0.232012,-0.067343
-0.250086,-0.0713271
-0.268178,-0.0756157
-0.286284,-0.0802091
-0.304397,-0.0851075
-0.322512,-0.0903112
-0.340625,-0.09582
-0.358731,-0.101634
-0.376823,-0.107753
-0.394898,-0.114177
-0.41295,-0.120906
-0.430973,-0.127939
-0.448963,-0.135275
-0.466915,-0.142914
-0.484822,-0.150856
-0.502682,-0.159099
-0.520487,-0.167643
-0.538234,-0.176487
-0.555917,-0.185629
-0.573531,-0.195068
-0.591071,-0.204804
-0.608532,-0.214834
-0.62591,-0.225158
-0.643199,-0.235774
-0.660394,-0.24668
-0.677491,-0.257875
-0.694485,-0.269357
-0.711371,-0.281123
-0.728144,-0.293173
-0.7448,-0.305503
-0.761334,-0.318113
-0.777742,-0.330998
-0.794018,-0.344159
-0.810159,-0.357591
-0.826159,-0.371293
-0.842015,-0.385262
-0.857723,-0.399495
-0.873277,-0.41399
-0.888673,-0.428744
-0.903908,-0.443755
-0.918978,-0.459018
-0.933877,-0.474532
-0.948593,-0.490283
-0.963141,-0.506288
-0.977507,-0.522535
-0.991688,-0.53902
-1.00568,-0.555739
-1.01948,-0.57269
-1.03308,-0.589869
-1.04648,-0.607272
-1.05968,-0.624896
-1.07267,-0.642738
-1.08545,-0.660794
-1.09802,-0.67906
-1.11037,-0.697532
-1.1225,-0.716207
-1.13441,-0.735081
-1.14609,-0.754151
-1.15754,-0.773412
-1.16876,-0.79286
-1.17975,-0.812491
-1.19049,-0.832302
-1.201,-0.852288
-1.21127,-0.872446
-1.22129,-0.892771
-1.23106,-0.913259
-1.24058,-0.933907
-1.24985,-0.954709
-1.25887,-0.975662
-1.26763,-0.996761
-1.27613,-1.018
-1.28437,-1.03938
-1.29234,-1.06089
-1.30006,-1.08254
-1.3075,-1.1043
-1.31468,-1.12619
-1.32159,-1.1482
-1.32823,-1.17031
-1.3346,-1.19254
-1.34069,-1.21486
-1.34651,-1.23729
-1.35205,-1.25981
-1.35732,-1.28242
-1.36231,-1.30511
-1.36701,-1.32789
-1.37144,-1.35075
-1.37558,-1.37367
-1.37944,-1.39667
-1.38302,-1.41972
-1.38632,-1.44284
-1.38933,-1.46601
-1.39205,-1.48923
-1.39449,-1.5125
-1.39665,-1.53581
-1.39851,-1.55915
-1.4001,-1.58253
-1.40139,-1.60594
-1.4024,-1.62937
-1.40312,-1.65282
-1.40355,-1.67628
-1.40369,-1.69976
-1.40355,-1.72324
-1.40312,-1.74672
-1.4024,-1.7702
-1.4014,-1.79368
-1.40011,-1.81714
-1.39853,-1.84059
-1.39667,-1.86402
-1.39452,-1.88742
-1.39209,-1.9108
-1.38938,-1.93414
-1.38638,-1.95745
-1.38309,-1.98071
-1.37953,-2.00394
-1.37568,-2.02711
-1.37155,-2.05023
-1.36715,-2.07329
-1.36246,-2.09629
-1.3575,-2.11922
-1.35225,-2.14209
-1.34674,-2.16488
-1.34095,-2.18759
-1.33488,-2.21022
-1.32854,-2.23277
-1.32194,-2.25522
-1.31506,-2.27758
-1.30791,-2.29984
-1.3005,-2.322
-1.29282,-2.34406
-1.28488,-2.366
-1.27668,-2.38783
-1.26821,-2.40954
-1.25949,-2.43114
-1.25051,-2.4526
-1.24127,-2.47394
-1.23178,-2.49514
-1.22204,-2.51621
-1.21205,-2.53713
-1.20181,-2.55791
-1.19132,-2.57855
-1.18059,-2.59903
-1.16962,-2.61935
-1.15841,-2.63952
-1.14696,-2.65952
-1.13528,-2.67936
-1.12336,-2.69903
-1.11121,-2.71852
-1.09884,-2.73784
-1.08623,-2.75697
-1.07341,-2.77592
-1.06036,-2.79469
-1.0471,-2.81326
-1.03362,-2.83163
-1.01992,-2.84981
-1.00602,-2.86779
-0.991911,-2.88556
-0.977596,-2.90313
-0.96308,-2.92048
-0.948365,-2.93762
-0.933454,-2.95454
-0.91835,-2.97123
-0.903057,-2.98771
-0.887578,-3.00395
-0.871915,-3.01997
-0.856073,-3.03575
-0.840054,-3.05129
-0.823863,-3.0666
-0.807501,-3.08166
-0.790974,-3.09647
-0.774284,-3.11104
-0.757436,-3.12535
-0.740432,-3.13941
-0.723277,-3.15321
-0.705974,-3.16676
-0.688528,-3.18003
-0.670942,-3.19305
-0.653221,-3.20579
-0.635368,-3.21827
-0.617387,-3.23047
-0.599284,-3.2424
-0.581061,-3.25405
-0.562724,-3.26542
-0.544277,-3.27651
-0.525725,-3.28731
-0.507071,-3.29783
-0.48832,-3.30806
-0.469478,-3.31799
-0.450549,-3.32764
-0.431538,-3.33699
-0.412449,-3.34605
-0.393287,-3.35481
-0.374059,-3.36327
-0.354768,-3.37144
-0.335419,-3.3793
-0.316019,-3.38686
-0.296571,-3.39412
-0.277082,-3.40107
-0.257557,-3.40772
-0.238,-3.41406
-0.218419,-3.4201
-0.198817,-3.42584
-0.179201,-3.43126
-0.159576,-3.43638
-0.139948,-3.4412
-0.120322,-3.44571
-0.100704,-3.44991
-0.0811003,-3.45381
-0.0615155,-3.4574
-0.0419559,-3.46069
-0.0224271,-3.46368
-0.00293492,-3.46637
0.016515,-3.46876
0.035917,-3.47085
0.0552653,-3.47265
0.0745542,-3.47415
0.0937782,-3.47537
0.112932,-3.47629
0.132009,-3.47693
0.151004,-3.47728
0.169913,-3.47736
0.188729,-3.47715
0.207448,-3.47668
0.226063,-3.47594
0.24457,-3.47493
0.262965,-3.47366
0.281241,-3.47213
0.299395,-3.47035
0.317422,-3.46832
0.335317,-3.46606
0.353076,-3.46355
0.370695,-3.46082
0.38817,-3.45785
0.405496,-3.45467
0.422671,-3.45128
0.439692,-3.44767
0.456554,-3.44387
0.473254,-3.43987
0.489791,-3.43568
0.506162,-3.43132
0.522363,-3.42677
0.538394,-3.42206
0.554252,-3.4172
0.569935,-3.41217
0.585443,-3.40701
0.600774,-3.4017
0.615927,-3.39627
0.630902,-3.39071
0.645699,-3.38504
0.660317,-3.37926
0.674757,-3.37338
0.689018,-3.36741
0.703102,-3.36135
0.71701,-3.35522
0.730742,-3.34902
0.744301,-3.34276
0.757687,-3.33645
0.770903,-3.33009
0.783951,-3.32369
0.796833,-3.31726
0.809551,-3.31081
0.822109,-3.30434
0.834509,-3.29787
0.846755,-3.29139
0.858849,-3.28491
0.870795,-3.27845
0.882598,-3.27201
0.89426,-3.26559
0.905786,-3.2592
0.91718,-3.25285
0.928446,-3.24655
0.939588,-3.24029
0.950612,-3.23409
0.961521,-3.22795
0.972321,-3.22188
0.983016,-3.21589
0.993611,-3.20997
1.00411,-3.20414
1.01452,-3.19839
1.02485,-3.19274
1.0351,-3.18718
1.04528,-3.18173
1.05539,-3.17639
1.06543,-3.17116
1.07542,-3.16605
1.08537,-3.16106
1.09526,-3.15619
1.10512,-3.15146
1.11494,-3.14685
1.12474,-3.14239
1.13452,-3.13806
1.14429,-3.13388
1.15405,-3.12985
1.16381,-3.12598
1.17357,-3.12225
1.18335,-3.11869
1.19315,-3.11529
1.20297,-3.11206
1.21283,-3.109
1.22273,-3.10611
1.23269,-3.1034
1.2427,-3.10087
1.25277,-3.09852
1.26292,-3.09636
1.27315,-3.09439
1.28347,-3.09262
1.2939,-3.09105
1.30443,-3.08967
1.31509,-3.08851
1.32587,-3.08755
1.3368,-3.08681
1.34788,-3.08629
1.35912,-3.086
1.37055,-3.08593
1.38216,-3.08609
1.39398,-3.08649
1.40602,-3.08714
1.4183,-3.08803
1.43084,-3.08918
1.44365,-3.09059
1.45675,-3.09228
1.47017,-3.09424
1.48393,-3.09648
1.49806,-3.09902
1.51258,-3.10187
1.52753,-3.10503
1.54295,-3.10851
1.55888,-3.11234
1.57535,-3.11652
1.59244,-3.12108
1.61019,-3.12602
1.62867,-3.13138
1.64798,-3.13718
1.66821,-3.14344
1.68948,-3.15019
1.71193,-3.15749
1.73577,-3.16537
1.76124,-3.1739
1.78866,-3.18314
1.81851,-3.19319
1.85147,-3.20417
1.88869,-3.21622
1.93228,-3.2295
1.98739,-3.24399
2.08197,-3.24925
2.0575,-3.1388
2.01239,-3.08212
1.97278,-3.03742
1.93669,-2.99888
1.90312,-2.96433
1.8715,-2.93266
1.84145,-2.90323
1.81272,-2.8756
1.7851,-2.84949
1.75847,-2.82467
1.7327,-2.80099
1.7077,-2.77832
1.6834,-2.75656
1.65974,-2.73562
1.63667,-2.71544
1.61414,-2.69595
1.59212,-2.67712
1.57057,-2.6589
1.54946,-2.64125
1.52878,-2.62414
1.50849,-2.60755
1.48858,-2.59145
1.46904,-2.57581
1.44985,-2.56062
1.43098,-2.54586
1.41244,-2.53152
1.39422,-2.51757
1.37629,-2.50401
1.35865,-2.49083
1.3413,-2.478
1.32422,-2.46553
1.30741,-2.4534
1.29087,-2.4416
1.27458,-2.43012
1.25855,-2.41896
1.24276,-2.40811
1.22721,-2.39756
1.2119,-2.3873
1.19683,-2.37733
1.18199,-2.36764
1.16737,-2.35824
1.15299,-2.3491
1.13882,-2.34023
1.12487,-2.33162
1.11114,-2.32327
1.09762,-2.31517
1.08432,-2.30733
1.07123,-2.29972
1.05834,-2.29236
1.04567,-2.28524
1.0332,-2.27836
1.02093,-2.2717
1.00887,-2.26528
0.997007,-2.25908
0.985347,-2.2531
0.973886,-2.24735
0.962625,-2.24181
0.951561,-2.23649
0.940695,-2.23139
0.930026,-2.22649
0.919552,-2.22181
0.909274,-2.21734
0.899191,-2.21307
0.889303,-2.209
0.879609,-2.20514
0.87011,-2.20149
0.860804,-2.19803
0.851692,-2.19477
0.842773,-2.19171
0.834049,-2.18884
0.825518,-2.18618
0.817181,-2.1837
0.809038,-2.18142
0.80109,-2.17934
0.793336,-2.17745
0.785777,-2.17575
0.778414,-2.17424
0.771246,-2.17292
0.764275,-2.17179
0.757501,-2.17085
0.750925,-2.17011
0.744548,-2.16955
0.73837,-2.16919
0.732392,-2.16901
0.726615,-2.16902
0.721041,-2.16923
0.71567,-2.16963
0.710503,-2.17021
0.705542,-2.17099
0.700788,-2.17196
0.696242,-2.17313
0.691907,-2.17449
0.687783,-2.17604
0.683872,-2.17779
0.680176,-2.17973
0.676697,-2.18188
0.673437,-2.18422
0.670398,-2.18676
0.667582,-2.18951
0.664992,-2.19246
0.662629,-2.19561
0.660497,-2.19897
0.658599,-2.20254
0.656936,-2.20633
0.655513,-2.21032
0.654332,-2.21454
0.653397,-2.21897
0.652712,-2.22363
0.652279,-2.22851
0.652104,-2.23362
0.65219,-2.23896
0.652543,-2.24454
0.653165,-2.25036
0.654064,-2.25642
0.655244,-2.26274
0.65671,-2.26931
0.658469,-2.27613
0.660528,-2.28323
0.662893,-2.29059
0.665571,-2.29824
0.66857,-2.30617
0.6719,-2.31439
0.675568,-2.32292
0.679585,-2.33176
0.683961,-2.34092
0.688707,-2.35041
0.693837,-2.36025
0.699363,-2.37044
0.705299,-2.38101
0.711663,-2.39196
0.718471,-2.40332
0.725743,-2.4151
0.7335,-2.42733
0.741766,-2.44003
0.750568,-2.45322
0.759936,-2.46694
0.769903,-2.48123
0.780509,-2.49612
0.791797,-2.51166
0.803819,-2.5279
0.816637,-2.54492
0.830322,-2.5628
0.84496,-2.58162
0.860659,-2.60152
0.877552,-2.62265
0.89581,-2.64521
0.915662,-2.66949
0.937426,-2.69589
0.961569,-2.72504
0.988841,-2.75801
1.02062,-2.79692
1.0602,-2.84788
1.05451,-2.93354
0.969418,-2.90847
0.910818,-2.88685
0.861884,-2.86791
0.818647,-2.85089
0.779358,-2.83535
0.74305,-2.82101
0.70912,-2.80769
0.677156,-2.79524
0.646863,-2.78356
0.61802,-2.77257
0.590456,-2.76221
0.564036,-2.75241
0.538648,-2.74314
0.514202,-2.73436
0.490621,-2.72604
0.467841,-2.71814
0.445805,-2.71064
0.424466,-2.70353
0.403781,-2.69678
0.383713,-2.69038
0.364229,-2.6843
0.3453,-2.67855
0.3269,-2.6731
0.309005,-2.66794
0.291593,-2.66307
0.274644,-2.65847
0.258142,-2.65413
0.24207,-2.65005
0.226412,-2.64623
0.211155,-2.64264
0.196287,-2.6393
0.181795,-2.63618
0.167669,-2.63329
0.153898,-2.63062
0.140474,-2.62817
0.127387,-2.62593
0.114629,-2.6239
0.102193,-2.62207
0.0900705,-2.62043
0.0782559,-2.619
0.0667424,-2.61776
0.0555241,-2.61671
0.0445954,-2.61584
0.0339511,-2.61517
0.023586,-2.61467
0.0134956,-2.61435
0.00367542,-2.61421
-0.00587879,-2.61425
-0.0151709,-2.61446
-0.0242048,-2.61484
-0.0329838,-2.61539
-0.0415115,-2.6161
-0.0497908,-2.61699
-0.0578249,-2.61804
-0.0656164,-2.61925
-0.0731682,-2.62063
-0.0804827,-2.62216
-0.0875623,-2.62386
-0.0944093,-2.62571
-0.101026,-2.62773
-0.107413,-2.6299
-0.113575,-2.63223
-0.119511,-2.63471
-0.125224,-2.63735
-0.130715,-2.64014
-0.135986,-2.64308
-0.141038,-2.64618
-0.145872,-2.64943
-0.15049,-2.65284
-0.154892,-2.65639
-0.15908,-2.6601
-0.163054,-2.66396
-0.166816,-2.66797
-0.170365,-2.67213
-0.173703,-2.67645
-0.17683,-2.68091
-0.179746,-2.68553
-0.182453,-2.69029
-0.184949,-2.69521
-0.187236,-2.70028
-0.189314,-2.70551
-0.191183,-2.71088
-0.192842,-2.71641
-0.194292,-2.72209
-0.195532,-2.72793
-0.196563,-2.73392
-0.197383,-2.74007
-0.197993,-2.74637
-0.198392,-2.75283
-0.19858,-2.75945
-0.198555,-2.76623
-0.198318,-2.77316
-0.197867,-2.78026
-0.197201,-2.78752
-0.196319,-2.79494
-0.19522,-2.80253
-0.193904,-2.81028
-0.192368,-2.8182
-0.190611,-2.82629
-0.188632,-2.83455
-0.186429,-2.84298
-0.184001,-2.85159
-0.181344,-2.86038
-0.178458,-2.86934
-0.17534,-2.87848
-0.171988,-2.88781
-0.1684,-2.89732
-0.164572,-2.90703
-0.160502,-2.91692
-0.156186,-2.92701
-0.151623,-2.9373
-0.146808,-2.94779
-0.141737,-2.95848
-0.136408,-2.96938
-0.130815,-2.9805
-0.124955,-2.99183
-0.118823,-3.00339
-0.112413,-3.01517
-0.105722,-3.02719
-0.0987418,-3.03944
-0.0914679,-3.05194
-0.0838934,-3.06469
-0.0760114,-3.0777
-0.0678145,-3.09097
-0.0592947,-3.10452
-0.0504433,-3.11835
-0.041251,-3.13247
-0.0317078,-3.14689
-0.0218026,-3.16163
-0.0115237,-3.17669
-0.000858087,-3.1921
0.0102084,-3.20785
0.0216912,-3.22398
0.0336075,-3.2405
0.0459762,-3.25742
0.058818,-3.27478
0.0721565,-3.29259
0.0860178,-3.31088
0.100431,-3.32969
0.115431,-3.34906
0.131054,-3.36901
0.147346,-3.38961
0.164358,-3.41092
0.18215,-3.43299
0.200795,-3.45593
0.220381,-3.47982
0.241015,-3.50479
0.262835,-3.53102
0.286018,-3.55873
0.310801,-3.58822
0.337521,-3.61993
0.36668,-3.65456
0.399109,-3.69333
0.436415,-3.73883
0.482914,-3.79951
0.446301,-3.86054
0.379151,-3.83533
0.330167,-3.81513
0.289203,-3.7979
0.253207,-3.78274
0.220736,-3.76917
0.190965,-3.75688
0.163365,-3.74565
0.137573,-3.73534
0.113324,-3.72583
0.0904185,-3.71703
0.0687012,-3.70887
0.0480479,-3.70129
0.0283573,-3.69425
0.0095457,-3.68771
-0.00845745,-3.68162
-0.0257121,-3.67597
-0.0422697,-3.67071
-0.0581752,-3.66585
-0.0734676,-3.66134
-0.0881815,-3.65717
-0.102347,-3.65334
-0.115993,-3.64982
-0.129142,-3.6466
-0.141817,-3.64367
-0.154039,-3.64101
-0.165824,-3.63863
-0.17719,-3.6365
-0.188152,-3.63463
-0.198724,-3.633
-0.208919,-3.63161
-0.218747,-3.63045
-0.228221,-3.62951
-0.237351,-3.62879
-0.246145,-3.62829
-0.254612,-3.62799
-0.262762,-3.6279
-0.2706,-3.62801
-0.278135,-3.62831
-0.285372,-3.62881
-0.292319,-3.6295
-0.298981,-3.63037
-0.305363,-3.63143
-0.31147,-3.63266
-0.317308,-3.63408
-0.322881,-3.63567
-0.328193,-3.63743
-0.333248,-3.63936
-0.33805,-3.64146
-0.342602,-3.64372
-0.346909,-3.64615
-0.350972,-3.64875
-0.354795,-3.6515
-0.358381,-3.65442
-0.361733,-3.65749
-0.364852,-3.66072
-0.367742,-3.6641
-0.370403,-3.66764
-0.372839,-3.67134
-0.375052,-3.67518
-0.377042,-3.67918
-0.378812,-3.68333
-0.380364,-3.68763
-0.381698,-3.69208
-0.382816,-3.69668
-0.383719,-3.70142
-0.384409,-3.70632
-0.384886,-3.71136
-0.385151,-3.71655
-0.385206,-3.72189
-0.38505,-3.72737
-0.384684,-3.733
-0.38411,-3.73878
-0.383327,-3.7447
-0.382336,-3.75077
-0.381136,-3.75698
-0.379729,-3.76335
-0.378115,-3.76986
-0.376292,-3.77652
-0.374262,-3.78332
-0.372024,-3.79028
-0.369578,-3.79738
-0.366924,-3.80464
-0.36406,-3.81204
-0.360987,-3.81959
-0.357704,-3.8273
-0.35421,-3.83516
-0.350505,-3.84317
-0.346587,-3.85133
-0.342455,-3.85965
-0.338109,-3.86813
-0.333547,-3.87677
-0.328768,-3.88556
-0.323771,-3.89452
-0.318553,-3.90363
-0.313113,-3.91291
-0.30745,-3.92236
-0.301561,-3.93198
-0.295444,-3.94176
-0.289098,-3.95171
-0.282519,-3.96184
-0.275705,-3.97215
-0.268654,-3.98263
-0.261362,-3.9933
-0.253826,-4.00415
-0.246043,-4.01519
-0.23801,-4.02641
-0.229723,-4.03784
-0.221177,-4.04946
-0.212369,-4.06128
-0.203294,-4.0733
-0.193947,-4.08554
-0.184323,-4.09799
-0.174416,-4.11067
-0.16422,-4.12356
-0.153729,-4.13669
-0.142937,-4.15006
-0.131835,-4.16367
-0.120416,-4.17753
-0.108671,-4.19165
-0.0965913,-4.20604
-0.0841669,-4.22071
-0.0713869,-4.23566
-0.0582396,-4.25091
-0.0447123,-4.26646
-0.0307909,-4.28234
-0.0164603,-4.29856
-0.0017035,-4.31513
0.0134979,-4.33206
0.0291645,-4.34939
0.0453193,-4.36712
0.0619878,-4.38529
0.079199,-4.40391
0.0969855,-4.42304
0.115385,-4.44268
0.13444,-4.4629
0.1542,-4.48373
0.174724,-4.50524
0.196081,-4.52749
0.218356,-4.55056
0.241649,-4.57456
0.266091,-4.59962
0.291844,-4.6259
0.319127,-4.65362
0.348238,-4.68311
0.379615,-4.71483
0.413944,-4.74954
0.452449,-4.78865
0.497852,-4.83548
0.561978,-4.90778
0.482716,-4.89914
0.431299,-4.87331
0.390834,-4.85272
0.356298,-4.83521
0.325725,-4.81986
0.298084,-4.80616
0.272748,-4.79378
0.249302,-4.78251
0.227451,-4.77219
0.206977,-4.76269
0.187712,-4.75392
0.169524,-4.74582
0.152306,-4.73831
0.13597,-4.73135
0.120444,-4.72489
0.105664,-4.7189
0.091579,-4.71335
0.0781418,-4.70821
0.0653129,-4.70346
0.0530572,-4.69907
0.0413436,-4.69503
0.0301445,-4.69131
0.0194353,-4.68792
0.00919361,-4.68482
-0.000600509,-4.68202
-0.00996528,-4.67949
-0.0189173,-4.67723
-0.0274716,-4.67524
-0.0356421,-4.67349
-0.0434414,-4.67198
-0.0508815,-4.67071
-0.0579729,-4.66967
-0.0647259,-4.66885
-0.0711495,-4.66825
-0.0772526,-4.66786
-0.083043,-4.66768
-0.0885282,-4.6677
-0.0937154,-4.66792
-0.0986108,-4.66833
-0.103221,-4.66893
-0.107551,-4.66971
-0.111606,-4.67068
-0.115393,-4.67183
-0.118914,-4.67315
-0.122175,-4.67465
-0.12518,-4.67633
-0.127932,-4.67817
-0.130436,-4.68017
-0.132695,-4.68235
-0.134712,-4.68468
-0.13649,-4.68718
-0.138032,-4.68983
-0.139341,-4.69264
-0.140419,-4.69561
-0.141269,-4.69874
-0.141892,-4.70201
-0.142291,-4.70544
-0.142469,-4.70902
-0.142425,-4.71275
-0.142163,-4.71663
-0.141684,-4.72065
-0.14099,-4.72482
-0.140081,-4.72914
-0.138959,-4.73361
-0.137625,-4.73822
-0.13608,-4.74297
-0.134325,-4.74787
-0.13236,-4.75291
-0.130187,-4.7581
-0.127807,-4.76343
-0.125218,-4.7689
-0.122423,-4.77451
-0.119422,-4.78027
-0.116214,-4.78617
-0.1128,-4.79221
-0.109179,-4.7984
-0.105353,-4.80473
-0.101321,-4.8112
-0.0970818,-4.81782
-0.0926364,-4.82458
-0.0879839,-4.83148
-0.0831239,-4.83853
-0.0780559,-4.84573
-0.0727793,-4.85307
-0.0672932,-4.86056
-0.0615968,-4.8682
-0.0556892,-4.87598
-0.0495694,-4.88392
-0.0432361,-4.89201
-0.0366882,-4.90025
-0.0299242,-4.90864
-0.0229426,-4.91719
-0.0157419,-4.92589
-0.00832024,-4.93475
-0.0006758,-4.94377
0.00719344,-4.95295
0.0152896,-4.96229
0.0236151,-4.9718
0.0321723,-4.98148
0.0409639,-4.99132
0.0499927,-5.00133
0.0592616,-5.01152
0.0687739,-5.02189
0.0785331,-5.03244
0.0885426,-5.04316
0.0988064,-5.05408
0.109329,-5.06518
0.120114,-5.07647
0.131166,-5.08797
0.142491,-5.09966
0.154094,-5.11156
0.165981,-5.12367
0.178157,-5.13599
0.19063,-5.14854
0.203406,-5.16131
0.216493,-5.17431
0.2299,-5.18756
0.243634,-5.20105
0.257705,-5.2148
0.272124,-5.22881
0.286903,-5.24309
0.302051,-5.25766
0.317585,-5.27252
0.333516,-5.28768
0.349862,-5.30317
0.36664,-5.31899
0.383869,-5.33516
0.40157,-5.3517
0.419767,-5.36863
0.438487,-5.38597
0.45776,-5.40375
0.47762,-5.42199
0.498106,-5.44073
0.519262,-5.46001
0.541141,-5.47988
0.563803,-5.50038
0.587323,-5.52158
0.611786,-5.54355
0.637302,-5.5664
0.664005,-5.59024
0.692068,-5.61522
0.721723,-5.64155
0.753288,-5.66953
0.787229,-5.69958
0.824285,-5.73239
0.865782,-5.76923
0.914722,-5.81308
0.984949,-5.87931
0.892868,-5.87053
0.812764,-5.84505
0.739779,-5.82196
0.670199,-5.80006
0.602676,-5.77888
0.536548,-5.7582
0.471438,-5.73788
0.407106,-5.71784
0.34339,-5.69802
0.280176,-5.67838
0.21738,-5.65888
0.154937,-5.63951
0.0927972,-5.62024
0.0309212,-5.60107
-0.0307232,-5.58197
-0.0921623,-5.56294
-0.153418,-5.54398
-0.214509,-5.52507
-0.275451,-5.50621
-0.336257,-5.4874
-0.39694,-5.46863
-0.457508,-5.44989
-0.517971,-5.43119
-0.578336,-5.41252
-0.638612,-5.39388
-0.698803,-5.37526
-0.758915,-5.35667
-0.818953,-5.3381
-0.878923,-5.31956
-0.938827,-5.30103
-0.99867,-5.28252
-1.05845,-5.26403
-1.11818,-5.24555
-1.17786,-5.22709
-1.23749,-5.20865
-1.29707,-5.19022
-1.3566,-5.1718
-1.41609,-5.15339
-1.47555,-5.135
-1.53496,-5.11661
-1.59433,-5.09824
-1.65367,-5.07988
-1.71297,-5.06153
-1.77224,-5.04318
-1.83148,-5.02485
-1.89069,-5.00652
-1.94986,-4.9882
-2.00901,-4.96989
-2.06813,-4.95158
-2.12722,-4.93329
-2.18629,-4.91499
-2.24533,-4.89671
-2.30435,-4.87843
-2.36335,-4.86016
-2.42232,-4.8419
-2.48127,-4.82363
-2.5402,-4.80538
-2.5991,-4.78713
-2.65799,-4.76889
-2.71686,-4.75065
-2.77571,-4.73241
-2.83454,-4.71418
-2.89335,-4.69596
-2.95214,-4.67773
-3.01092,-4.65952
-3.06968,-4.6413
-3.12842,-4.62309
-3.18715,-4.60489
-3.24586,-4.58669
-3.30456,-4.56849
-3.36324,-4.5503
-3.42191,-4.5321
-3.48056,-4.51392
-3.5392,-4.49573
-3.59783,-4.47755
-3.65644,-4.45937
-3.71504,-4.4412
-3.77363,-4.42303
-3.8322,-4.40486
-3.89076,-4.38669
-3.94931,-4.36853
-4.00785,-4.35037
-4.06638,-4.33221
-4.1249,-4.31405
-4.1834,-4.2959
-4.2419,-4.27775
-4.30038,-4.2596
-4.35886,-4.24146
-4.41732,-4.22331
-4.47577,-4.20517
-4.53422,-4.18703
-4.59265,-4.1689
-4.65108,-4.15076
-4.70949,-4.13263
-4.7679,-4.1145
-4.8263,-4.09637
-4.88469,-4.07824
-4.94307,-4.06012
-5.00144,-4.042
-5.0598,-4.02388
-5.11816,-4.00576
-5.1765,-3.98764
-5.23484,-3.96953
-5.29317,-3.95141
-5.3515,-3.9333
-5.40981,-3.91519
-5.46812,-3.89708
-5.52642,-3.87898
-5.58472,-3.86087
-5.643,-3.84277
-5.70128,-3.82467
-5.75956,-3.80657
-5.81782,-3.78847
-5.87608,-3.77037
-5.93434,-3.75228
-5.99258,-3.73418
-6.05082,-3.71609
-6.10906,-3.698
-6.16728,-3.67991
-6.2255,-3.66182
-6.28372,-3.64373
-6.34193,-3.62565
-6.40013,-3.60756
-6.45833,-3.58948
-6.51652,-3.5714
-6.57471,-3.55331
-6.63289,-3.53524
-6.69106,-3.51716
-6.74923,-3.49908
-6.8074,-3.481
-6.86556,-3.46293
-6.92371,-3.44486
-6.98186,-3.42678
-7.04,-3.40871
-7.09814,-3.39064
-7.15627,-3.37257
-7.2144,-3.35451
-7.27253,-3.33644
-7.33065,-3.31837
-7.38876,-3.30031
-7.44687,-3.28224
-7.50498,-3.26418
-7.56308,-3.24612
-7.62117,-3.22806
-7.67926,-3.21
-7.73735,-3.19194
-7.79543,-3.17388
-7.85351,-3.15583
-7.91159,-3.13777
-7.96966,-3.11972
-8.02772,-3.10166
-8.08578,-3.08361
-8.14384,-3.06556
-8.2019,-3.04751
-8.25995,-3.02946
-8.31799,-3.01141
-8.37603,-2.99336
-8.43407,-2.97531
-8.49211,-2.95726
-8.55014,-2.93922
-8.60816,-2.92117
-8.66619,-2.90313
-8.72421,-2.88508
-8.78222,-2.86704
-8.84023,-2.849
-8.89824,-2.83096
-8.95625,-2.81292
-9.01425,-2.79488
-9.07225,-2.77684
-9.13024,-2.7588
-9.18824,-2.74077
-9.24622,-2.72273
-9.30421,-2.70469
-9.36219,-2.68666
-9.42017,-2.66862
-9.47815,-2.65059
-9.53612,-2.63256
-9.59409,-2.61453
-9.65205,-2.59649
-9.71002,-2.57846
-9.76798,-2.56043
-9.82593,-2.5424
-9.88389,-2.52438
-9.94184,-2.50635
-9.99979,-2.48832
-10.0577,-2.47029
-10.1157,-2.45227
-10.1736,-2.43424
-10.2316,-2.41622
-10.2895,-2.39819
-10.3474,-2.38017
-10.4053,-2.36215
-10.4633,-2.34412
-10.5212,-2.3261
-10.5791,-2.30808
-10.637,-2.29006
-10.6949,-2.27204
-10.7529,-2.25402
-10.8108,-2.236
-10.8687,-2.21799
-10.9266,-2.19997
-10.9845,-2.18195
-11.0424,-2.16394
-11.1003,-2.14592
-11.1582,-2.12791
-11.2161,-2.10989
-11.274,-2.09186
-11.3319,-2.07385
-11.3898,-2.05584
-11.4477,-2.03783
-11.5055,-2.01981
-11.5634,-2.0018
-11.6213,-1.98379
-11.6792,-1.96578
-11.737,-1.94777
-11.7949,-1.92976
-11.8528,-1.91175
-11.9106,-1.89375
-11.9685,-1.87574
-12.0264,-1.85773
-12.0842,-1.83972
-12.1421,-1.82172
-12.1999,-1.80371
-12.2578,-1.78571
-12.3156,-1.7677
-12.3735,-1.7497
-12.4313,-1.73169
-12.4892,-1.71369
-12.547,-1.69569
-12.6049,-1.67769
-12.6627,-1.65968
-12.7205,-1.64168
-12.7784,-1.62368
-12.8362,-1.60568
-12.894,-1.58768
-12.9519,-1.56968
-13.0097,-1.55168
-13.0675,-1.53368
-13.1253,-1.51569
-13.1832,-1.49769
-13.241,-1.47969
-13.2988,-1.46169
-13.3566,-1.4437
-13.4144,-1.4257
-13.4722,-1.4077
-13.53,-1.38971
-13.5878,-1.37171
-13.6457,-1.35372
-13.7035,-1.33573
-13.7613,-1.31773
-13.8191,-1.29974
-13.8769,-1.28175
-13.9347,-1.26375
-13.9925,-1.24576
-14.0503,-1.22777
-14.108,-1.20978
-14.1658,-1.19179
-14.2236,-1.1738
-14.2814,-1.15581
-14.3392,-1.13782
-14.397,-1.11983
-14.4548,-1.10184
-14.5126,-1.08385
-14.5703,-1.06586
-14.6281,-1.04787
-14.6859,-1.02989
-14.7437,-1.0119
-14.8014,-0.993912
-14.8592,-0.975926
-14.917,-0.957939
-14.9748,-0.939954
-15.0325,-0.921968
-15.0903,-0.903983
-15.1481,-0.885999
-15.2058,-0.868014
-15.2636,-0.85003
-15.3213,-0.832047
-15.3791,-0.814064
-15.4369,-0.796081
-15.4946,-0.778098
-15.5524,-0.760116
-15.6101,-0.742134
-15.6679,-0.724152
-15.7256,-0.706171
-15.7834,-0.68819
-15.8411,-0.670209
-15.8989,-0.652229
-15.9566,-0.634249
-16.0144,-0.616269
-16.0721,-0.59829
-16.1299,-0.580311
-16.1876,-0.562332
-16.2453,-0.544354
-16.3031,-0.526376
-16.3608,-0.508398
-16.4185,-0.490421
-16.4763,-0.472443
-16.534,-0.454466
-16.5917,-0.43649
-16.6495,-0.418514
-16.7072,-0.400538
-16.7649,-0.382562
-16.8227,-0.364587
-16.8804,-0.346612
-16.9381,-0.328637
-16.9958,-0.310662
-17.0536,-0.292688
-17.1113,-0.274714
-17.169,-0.256741
-17.2267,-0.238767
-17.2844,-0.220794
-17.3422,-0.202822
-17.3999,-0.184849
-17.4576,-0.166877
-17.5153,-0.148905
-17.573,-0.130933
-17.6307,-0.112962
-17.6884,-0.0949907
-17.7461,-0.0770199
-17.8038,-0.0590493
-17.8615,-0.0410791
-17.9193,-0.023109
-17.977,-0.00513926
-18.0347,0.0128302
-18.0924,0.0307995
-18.1501,0.0487684
-18.2078,0.0667371
-18.2655,0.0847056
-18.3232,0.102674
-18.3809,0.120642
-18.4386,0.138609
-18.4962,0.156577
-18.5539,0.174544
-18.6116,0.192511
-18.6693,0.210478
-18.727,0.228444
-18.7847,0.24641
-18.8424,0.264376
-18.9001,0.282342
-18.9578,0.300307
-19.0155,0.318272
-19.0731,0.336237
-19.1308,0.354202
-19.1885,0.372167
-19.2462,0.390131
-19.3039,0.408095
-19.3615,0.426058
-19.4192,0.444022
-19.4769,0.461985
-19.5346,0.479948
-19.5923,0.497911
-19.6499,0.515874
-19.7076,0.533836
-19.7653,0.551798
-19.823,0.56976
-19.8806,0.587722
-19.9383,0.605683
-19.996,0.623645
-20.0536,0.641606
-20.1113,0.659566
-20.169,0.677527
-20.2266,0.695487
-20.2843,0.713447
-20.342,0.731407
-20.3996,0.749367
-20.4573,0.767326
-20.515,0.785286
-20.5726,0.803245
-20.6303,0.821204
-20.6879,0.839162
-20.7456,0.857121
-20.8033,0.875079
-20.8609,0.893037
-20.9186,0.910995
-20.9762,0.928952
-21.0339,0.946909
-21.0915,0.964867
-21.1492,0.982824
-21.2068,1.00078
-21.2645,1.01874
-21.3221,1.03669
-21.3798,1.05465
-21.4374,1.07261
-21.4951,1.09056
-21.5527,1.10852
-21.6104,1.12647
-21.668,1.14443
-21.7257,1.16238
-21.7833,1.18034
-21.841,1.19829
-21.8986,1.21625
-21.9562,1.2342
-22.0139,1.25215
-22.0715,1.27011
-22.1292,1.28806
-22.1868,1.30601
-22.2444,1.32397
-22.3021,1.34192
-22.3597,1.35987
-22.4173,1.37783
-22.475,1.39578
-22.5326,1.41373
-22.5902,1.43168
-22.6479,1.44964
-22.7055,1.46759
-22.7631,1.48554
-22.8208,1.50349
-22.8784,1.52144
-22.936,1.53939
-22.9937,1.55734
-23.0513,1.57529
-23.1089,1.59324
-23.1665,1.61119
-23.2242,1.62914
-23.2818,1.64709
-23.3394,1.66504
-23.397,1.68299
-23.4547,1.70094
-23.5123,1.71889
-23.5699,1.73684
-23.6275,1.75479
-23.6852,1.77274
-23.7428,1.79069
-23.8004,1.80864
-23.858,1.82659
-23.9156,1.84453
-23.9732,1.86248
-24.0309,1.88043
-24.0885,1.89838
-24.1461,1.91632
-24.2037,1.93427
-24.2613,1.95222
-24.3189,1.97017
-24.3766,1.98811
-24.4342,2.00606
-24.4918,2.02401
-24.5494,2.04195
-24.607,2.0599
-24.6646,2.07784
-24.7222,2.09579
-24.7798,2.11374
-24.8374,2.13168
-24.895,2.14963
-24.9526,2.16757
-25.0103,2.18552
-25.0679,2.20346
-25.1255,2.22141
-25.1831,2.23935
-25.2407,2.25729
-25.2983,2.27524
-25.3559,2.29318
-25.4135,2.31113
-25.4711,2.32907
-25.5287,2.34701
-25.5863,2.36496
-25.6439,2.3829
-25.7015,2.40084
-25.7591,2.41879
-25.8167,2.43673
-25.8743,2.45467
-25.9319,2.47262
-25.9895,2.49056
-26.0471,2.5085
-26.1047,2.52644
-26.1623,2.54439
-26.2198,2.56233
-26.2774,2.58027
-26.335,2.59821
-26.3926,2.61615
-26.4502,2.63409
-26.5078,2.65203
-26.5654,2.66998
-26.623,2.68792
-26.6806,2.70586
-26.7382,2.7238
-26.7958,2.74174
-26.8533,2.75968
-26.9109,2.77762
-26.9685,2.79556
-27.0261,2.8135
-27.0837,2.83144
-27.1413,2.84938
-27.1989,2.86732
-27.2565,2.88526
-27.314,2.9032
-27.3716,2.92114
-27.4292,2.93908
-27.4868,2.95701
-27.5444,2.97495
-27.6019,2.99289
-27.6595,3.01083
-27.7171,3.02877
-27.7747,3.04671
-27.8323,3.06464
-27.8898,3.08258
-27.9474,3.10052
-28.005,3.11846
-28.0626,3.1364
-28.1202,3.15433
-28.1777,3.17227
-28.2353,3.19021
-28.2929,3.20814
-28.3505,3.22608
-28.408,3.24402
-28.4656,3.26196
-28.5232,3.27989
-28.5808,3.29783
-28.6383,3.31576
-28.6959,3.3337
-28.7535,3.35164
-28.811,3.36957
-28.8686,3.38751
-28.9262,3.40544
-28.9838,3.42338
-29.0413,3.44132
-29.0989,3.45925
-29.1565,3.47719
-29.214,3.49512
-29.2716,3.51306
-29.3292,3.53099
-29.3867,3.54893
-29.4443,3.56686
-29.5019,3.58479
-29.5594,3.60273
-29.617,3.62066
-29.6746,3.6386
-29.7321,3.65653
-29.7897,3.67447
-29.8473,3.6924
-29.9048,3.71033
-29.9624,3.72827
-30.0199,3.7462
-30.0775,3.76413
-30.1351,3.78207
-30.1926,3.8
-30.2502,3.81793
-30.3077,3.83587
-30.3653,3.8538
-30.4229,3.87173
-30.4804,3.88966
-30.538,3.9076
-30.5955,3.92553
-30.6531,3.94346
-30.7107,3.96139
-30.7682,3.97933
-30.8258,3.99726
-30.8833,4.01519
-30.9409,4.03312
-30.9984,4.05105
-31.056,4.06898
-31.1135,4.08692
-31.1711,4.10485
-31.2287,4.12278
-31.2862,4.14071
-31.3438,4.15864
-31.4013,4.17657
-31.4589,4.1945
-31.5164,4.21243
-31.574,4.23036
-31.6315,4.24829
-31.6891,4.26622
-31.7466,4.28415
-31.8042,4.30208
-31.8617,4.32001
-31.9193,4.33794
-31.9768,4.35587
-32.0344,4.3738
-32.0919,4.39173
-32.1495,4.40966
-32.207,4.42759
-32.2645,4.44552
-32.3221,4.46345
-32.3796,4.48138
-32.4372,4.49931
-32.4947,4.51724
-32.5523,4.53517
-32.6098,4.55309
-32.6674,4.57102
-32.7249,4.58895
-32.7824,4.60688
-32.84,4.62481
-32.8975,4.64274
-32.9551,4.66066
-33.0126,4.67859
-33.0702,4.69652
-33.1277,4.71445
-33.1852,4.73238
-33.2428,4.7503
-33.3003,4.76823
-33.3579,4.78616
-33.4154,4.80409
-33.4729,4.82201
-33.5305,4.83994
-33.588,4.85787
-33.6455,4.87579
-33.7031,4.89372
-33.7606,4.91165
-33.8182,4.92957
-33.8757,4.9475
-33.9332,4.96543
-33.9908,4.98335
-34.0483,5.00128
-34.1058,5.01921
-34.1634,5.03713
-34.2209,5.05506
-34.2784,5.07299
-34.336,5.09091
-34.3935,5.10884
-34.451,5.12676
-34.5086,5.14469
-34.5661,5.16261
-34.6236,5.18054
-34.6812,5.19846
-34.7387,5.21639
-34.7962,5.23431
-34.8538,5.25224
-34.9113,5.27016
-34.9688,5.28809
-35.0264,5.30601
-35.0839,5.32394
-35.1414,5.34186
-35.1989,5.35979
-35.2565,5.37771
-35.314,5.39564
-35.3715,5.41356
-35.4291,5.43149
-35.4866,5.44941
-35.5441,5.46733
-35.6016,5.48526
-35.6592,5.50318
-35.7167,5.5211
-35.7742,5.53903
-35.8317,5.55695
-35.8893,5.57488
-35.9468,5.5928
-36.0043,5.61072
-36.0618,5.62865
-36.1194,5.64657
-36.1769,5.66449
-36.2344,5.68241
-36.2919,5.70034
-36.3495,5.71826
-36.407,5.73618
-36.4645,5.75411
-36.522,5.77203
-36.5795,5.78995
-36.6371,5.80787
-36.6946,5.8258
-36.7521,5.84372
-36.8096,5.86164
-36.8671,5.87956
-36.9247,5.89748
-36.9822,5.91541
-37.0397,5.93333
-37.0972,5.95125
-37.1547,5.96917
-37.2123,5.98709
-37.2698,6.00501
-37.3273,6.02294
-37.3848,6.04086
-37.4423,6.05878
-37.4998,6.0767
-37.5574,6.09462
-37.6149,6.11254
-37.6724,6.13046
-37.7299,6.14838
-37.7874,6.16631
-37.8449,6.18423
-37.9024,6.20215
-37.96,6.22007
-38.0175,6.23799
-38.075,6.25591
-38.1325,6.27383
-38.19,6.29175
-38.2475,6.30967
-38.305,6.32759
-38.3626,6.34551
-38.4201,6.36343
-38.4776,6.38135
-38.5351,6.39927
-38.5926,6.41719
-38.6501,6.43511
-38.7076,6.45303
-38.7651,6.47095
-38.8226,6.48887
-38.8802,6.50679
-38.9377,6.52471
-38.9952,6.54263
-39.0527,6.56054
-39.1102,6.57846
-39.1677,6.59638
-39.2252,6.6143
-39.2827,6.63222
-39.3402,6.65014
-39.3977,6.66806
-39.4552,6.68598
-39.5128,6.7039
-39.5703,6.72181
-39.6278,6.73973
-39.6853,6.75765
-39.7428,6.77557
-39.8003,6.79349
-39.8578,6.81141
-39.9153,6.82932
-39.9728,6.84724
-40.0303,6.86516
-40.0878,6.88308
-40.1453,6.901
-40.2028,6.91891
-40.2603,6.93683
-40.3178,6.95475
-40.3753,6.97267
-40.4328,6.99058
-40.4903,7.0085
-40.5478,7.02642
-40.6053,7.04434
-40.6628,7.06225
-40.7203,7.08017
-40.7778,7.09809
-40.8353,7.11601
-40.8928,7.13392
-40.9504,7.15184
-41.0079,7.16976
-41.0654,7.18767
-41.1229,7.20559
-41.1804,7.22351
-41.2379,7.24142
-41.2954,7.25934
-41.3529,7.27726
-41.4103,7.29517
-41.4678,7.31309
-41.5253,7.331
-41.5828,7.34892
-41.6403,7.36684
-41.6978,7.38475
-41.7553,7.40267
-41.8128,7.42058
-41.8703,7.4385
-41.9278,7.45642
-41.9853,7.47433
-42.0428,7.49225
-42.1003,7.51016
-42.1578,7.52808
-42.2153,7.54599
-42.2728,7.56391
-42.3303,7.58182
-42.3878,7.59974
-42.4453,7.61766
-42.5028,7.63557
-42.5603,7.65349
-42.6178,7.6714
-42.6753,7.68932
-42.7328,7.70723
-42.7903,7.72515
-42.8478,7.74306
-42.9052,7.76097
-42.9627,7.77889
-43.0202,7.7968
-43.0777,7.81472
-43.1352,7.83263
-43.1927,7.85055
-43.2502,7.86846
-43.3077,7.88638
-43.3652,7.90429
-43.4227,7.9222
-43.4802,7.94012
-43.5377,7.95803
-43.5951,7.97595
-43.6526,7.99386
-43.7101,8.01177
-43.7676,8.02969
-43.8251,8.0476
-43.8826,8.06552
-43.9401,8.08343
-43.9976,8.10134
-44.0551,8.11926
-44.1126,8.13717
-44.17,8.15508
-44.2275,8.173
-44.285,8.19091
-44.3425,8.20882
-44.4,8.22674
-44.4575,8.24465
-44.515,8.26256
-44.5725,8.28048
-44.6299,8.29839
-44.6874,8.3163
-44.7449,8.33421
-44.8024,8.35213
-44.8599,8.37004
-44.9174,8.38795
-44.9749,8.40586
-45.0323,8.42378
-45.0898,8.44169
-45.1473,8.4596
-45.2048,8.47751
-45.2623,8.49543
-45.3198,8.51334
-45.3773,8.53125
-45.4347,8.54916
-45.4922,8.56708
-45.5497,8.58499
-45.6072,8.6029
-45.6647,8.62081
-45.7222,8.63872
-45.7796,8.65664
-45.8371,8.67455
-45.8946,8.69246
-45.9521,8.71037
-46.0096,8.72828
-46.067,8.74619
-46.1245,8.7641
-46.182,8.78202
-46.2395,8.79993
-46.297,8.81784
-46.3545,8.83575
-46.4119,8.85366
-46.4694,8.87157
-46.5269,8.88948
-46.5844,8.90739
-46.6419,8.92531
-46.6993,8.94322
-46.7568,8.96113
-46.8143,8.97904
-46.8718,8.99695
-46.9293,9.01486
-46.9867,9.03277
-47.0442,9.05068
-47.1017,9.06859
-47.1592,9.0865
-47.2166,9.10441
-47.2741,9.12232
-47.3316,9.14023
-47.3891,9.15814
-47.4466,9.17605
-47.504,9.19396
-47.5615,9.21187
-47.619,9.22978
-47.6765,9.24769
-47.7339,9.2656
-47.7914,9.28351
-47.8489,9.30142
-47.9064,9.31933
-47.9638,9.33724
-48.0213,9.35515
-48.0788,9.37306
-48.1363,9.39097
-48.1937,9.40888
-48.2512,9.42679
-48.3087,9.4447
-48.3662,9.46261
-48.4236,9.48052
-48.4811,9.49843
-48.5386,9.51634
-48.5961,9.53425
-48.6535,9.55216
-48.711,9.57007
-48.7685,9.58798
-48.826,9.60588
-48.8834,9.62379
-48.9409,9.6417
-48.9984,9.65961
-49.0558,9.67752
-49.1133,9.69543
-49.1708,9.71334
-49.2283,9.73125
-49.2857,9.74916
-49.3432,9.76706
-49.4007,9.78497
-49.4581,9.80288
-49.5156,9.82079
-49.5731,9.8387
-49.6306,9.85661
-49.688,9.87451
-49.7455,9.89242
-49.803,9.91033
-49.8604,9.92824
-49.9179,9.94615
-49.9754,9.96406
-50.0329,9.98196
-50.0903,9.99987
-50.1478,10.0178
-50.2053,10.0357
-50.2627,10.0536
-50.3202,10.0715
-50.3777,10.0894
-50.4351,10.1073
-50.4926,10.1252
-50.5501,10.1431
-50.6075,10.161
-50.665,10.1789
-50.7225,10.1969
-50.7799,10.2148
-50.8374,10.2327
-50.8949,10.2506
-50.9523,10.2685
-51.0098,10.2864
-51.0673,10.3043
-51.1247,10.3222
-51.1822,10.3401
-51.2397,10.358
-51.2971,10.3759
-51.3546,10.3938
-51.4121,10.4117
-51.4695,10.4296
-51.527,10.4476
-51.5845,10.4655
-51.6419,10.4834
-51.6994,10.5013
-51.7569,10.5192
-51.8143,10.5371
-51.8718,10.555
-51.9293,10.5729
-51.9867,10.5908
-52.0442,10.6087
-52.1016,10.6266
-52.1591,10.6445
-52.2166,10.6624
-52.274,10.6803
-52.3315,10.6982
-52.389,10.7162
-52.4464,10.7341
-52.5039,10.752
-52.5614,10.7699
-52.6188,10.7878
-52.6763,10.8057
-52.7337,10.8236
-52.7912,10.8415
-52.8487,10.8594
-52.9061,10.8773
-52.9636,10.8952
-53.021,10.9131
-53.0785,10.931
-53.136,10.9489
-53.1934,10.9668
-53.2509,10.9847
-53.3084,11.0026
-53.3658,11.0206
-53.4233,11.0385
-53.4807,11.0564
-53.5382,11.0743
-53.5957,11.0922
-53.6531,11.1101
-53.7106,11.128
-53.768,11.1459
-53.8255,11.1638
-53.883,11.1817
-53.9404,11.1996
-53.9979,11.2175
-54.0553,11.2354
-54.1128,11.2533
-54.1702,11.2712
-54.2277,11.2891
-54.2852,11.307
-54.3426,11.3249
-54.4001,11.3428
-54.4575,11.3607
-54.515,11.3787
-54.5725,11.3966
-54.6299,11.4145
-54.6874,11.4324
-54.7448,11.4503
-54.8023,11.4682
-54.8597,11.4861
-54.9172,11.504
-54.9747,11.5219
-55.0321,11.5398
-55.0896,11.5577
-55.147,11.5756
-55.2045,11.5935
-55.2619,11.6114
-55.3194,11.6293
-55.3768,11.6472
-55.4343,11.6651
-55.4918,11.683
-55.5492,11.7009
-55.6067,11.7188
-55.6641,11.7367
-55.7216,11.7546
-55.779,11.7725
-55.8365,11.7904
-55.8939,11.8084
-55.9514,11.8263
-56.0088,11.8442
-56.0663,11.8621
-56.1238,11.88
-56.1812,11.8979
-56.2387,11.9158
-56.2961,11.9337
-56.3536,11.9516
-56.411,11.9695
-56.4685,11.9874
-56.5259,12.0053
-56.5834,12.0232
-56.6408,12.0411
-56.6983,12.059
-56.7557,12.0769
-56.8132,12.0948
-56.8706,12.1127
-56.9281,12.1306
-56.9855,12.1485
-57.043,12.1664
-57.1005,12.1843
-57.1579,12.2022
-57.2154,12.2201
-57.2728,12.238
-57.3303,12.2559
-57.3877,12.2738
-57.4452,12.2917
-57.5026,12.3096
-57.5601,12.3275
-57.6175,12.3454
-57.675,12.3633
-57.7324,12.3812
-57.7899,12.3992
-57.8473,12.4171
-57.9048,12.435
-57.9622,12.4529
-58.0197,12.4708
-58.0771,12.4887
-58.1346,12.5066
-58.192,12.5245
-58.2495,12.5424
-58.3069,12.5603
-58.3644,12.5782
-58.4218,12.5961
-58.4793,12.614
-58.5367,12.6319
-58.5942,12.6498
-58.6516,12.6677
-58.709,12.6856
-58.7665,12.7035
-58.8239,12.7214
-58.8814,12.7393
-58.9388,12.7572
-58.9963,12.7751
-59.0537,12.793
-59.1112,12.8109
-59.1686,12.8288
-59.2261,12.8467
-59.2835,12.8646
-59.341,12.8825
-59.3984,12.9004
-59.4559,12.9183
-59.5133,12.9362
-59.5708,12.9541
-59.6282,12.972
-59.6856,12.9899
-59.7431,13.0078
-59.8005,13.0257
-59.858,13.0436
-59.9154,13.0615
-59.9729,13.0794
-60.0303,13.0973
-60.0878,13.1152
-60.1452,13.1331
-60.2027,13.151
-60.2601,13.1689
-60.3175,13.1868
-60.375,13.2047
-60.4324,13.2226
-60.4899,13.2405
-60.5473,13.2584
-60.6048,13.2763
-60.6622,13.2942
-60.7197,13.3121
-60.7771,13.33
-60.8345,13.3479
-60.892,13.3658
-60.9494,13.3837
-61.0069,13.4016
-61.0643,13.4195
-61.1218,13.4374
-61.1792,13.4553
-61.2367,13.4732
-61.2941,13.4911
-61.3515,13.509
-61.409,13.5269
-61.4664,13.5448
-61.5239,13.5627
-61.5813,13.5806
-61.6387,13.5985
-61.6962,13.6164
-61.7536,13.6343
-61.8111,13.6522
-61.8685,13.6701
-61.926,13.688
-61.9834,13.7059
-62.0408,13.7238
-62.0983,13.7417
-62.1557,13.7596
-62.2132,13.7775
-62.2706,13.7954
-62.328,13.8133
-62.3855,13.8312
-62.4429,13.8491
-62.5004,13.867
-62.5578,13.8849
-62.6153,13.9028
-62.6727,13.9207
-62.7301,13.9386
-62.7876,13.9565
-62.845,13.9744
-62.9025,13.9923
-62.9599,14.0102
-63.0173,14.0281
-63.0748,14.046
-63.1322,14.0639
-63.1897,14.0818
-63.2471,14.0997
-63.3045,14.1176
-63.362,14.1355
-63.4194,14.1534
-63.4768,14.1713
-63.5343,14.1892
-63.5917,14.2071
-63.6492,14.225
-63.7066,14.2429
-63.764,14.2608
-63.8215,14.2787
-63.8789,14.2966
-63.9364,14.3145
-63.9938,14.3324
-64.0512,14.3503
-64.1087,14.3682
-64.1661,14.3861
-64.2235,14.404
-64.281,14.4219
-64.3384,14.4398
-64.3959,14.4577
-64.4533,14.4756
-64.5107,14.4935
-64.5682,14.5114
-64.6256,14.5293
-64.683,14.5472
-64.7405,14.5651
-64.7979,14.583
-64.8553,14.6009
-64.9128,14.6188
-64.9702,14.6367
-65.0277,14.6546
-65.0851,14.6725
-65.1425,14.6904
-65.2,14.7083
-65.2574,14.7262
-65.3148,14.7441
-65.3723,14.762
-65.4297,14.7799
-65.4871,14.7978
-65.5446,14.8157
-65.602,14.8336
-65.6594,14.8515
-65.7169,14.8694
-65.7743,14.8873
-65.8318,14.9052
-65.8892,14.9231
-65.9466,14.941
-66.0041,14.9589
-66.0615,14.9768
-66.1189,14.9947
-66.1764,15.0125
-66.2338,15.0304
-66.2912,15.0483
-66.3487,15.0662
-66.4061,15.0841
-66.4635,15.102
-66.521,15.1199
-66.5784,15.1378
-66.6358,15.1557
-66.6933,15.1736
-66.7507,15.1915
-66.8081,15.2094
-66.8656,15.2273
-66.923,15.2452
-66.9804,15.2631
-67.0379,15.281
-67.0953,15.2989
-67.1527,15.3168
-67.2102,15.3347
-67.2676,15.3526
-67.325,15.3705
-67.3825,15.3884
-67.4399,15.4063
-67.4973,15.4242
-67.5548,15.4421
-67.6122,15.46
-67.6696,15.4779
-67.727,15.4958
-67.7845,15.5137
-67.8419,15.5316
-67.8993,15.5495
-67.9568,15.5674
-68.0142,15.5853
-68.0716,15.6032
-68.1291,15.6211
-68.1865,15.639
-68.2439,15.6569
-68.3014,15.6747
-68.3588,15.6926
-68.4162,15.7105
-68.4736,15.7284
-68.5311,15.7463
-68.5885,15.7642
-68.6459,15.7821
-68.7034,15.8
-68.7608,15.8179
-68.8182,15.8358
-68.8757,15.8537
-68.9331,15.8716
-68.9905,15.8895
-69.0479,15.9074
-69.1054,15.9253
-69.1628,15.9432
-69.2202,15.9611
-69.2777,15.979
-69.3351,15.9969
-69.3925,16.0148
-69.45,16.0327
-69.5074,16.0506
-69.5648,16.0685
-69.6222,16.0864
-69.6797,16.1043
-69.7371,16.1222
-69.7945,16.1401
-69.852,16.1579
-69.9094,16.1758
-69.9668,16.1937
-70.0242,16.2116
-70.0817,16.2295
-70.1391,16.2474
-70.1965,16.2653
-70.2539,16.2832
-70.3114,16.3011
-70.3688,16.319
-70.4262,16.3369
-70.4837,16.3548
-70.5411,16.3727
-70.5985,16.3906
-70.6559,16.4085
-70.7134,16.4264
-70.7708,16.4443
-70.8282,16.4622
-70.8856,16.4801
-70.9431,16.498
-71.0005,16.5159
-71.0579,16.5338
-71.1154,16.5517
-71.1728,16.5695
-71.2302,16.5874
-71.2876,16.6053
-71.3451,16.6232
-71.4025,16.6411
-71.4599,16.659
-71.5173,16.6769
-71.5748,16.6948
-71.6322,16.7127
-71.6896,16.7306
-71.747,16.7485
-71.8045,16.7664
-71.8619,16.7843
-71.9193,16.8022
-71.9767,16.8201
-72.0342,16.838
-72.0916,16.8559
-72.149,16.8738
-72.2064,16.8917
-72.2639,16.9096
-72.3213,16.9275
-72.3787,16.9453
-72.4361,16.9632
-72.4936,16.9811
-72.551,16.999
-72.6084,17.0169
-72.6658,17.0348
-72.7233,17.0527
-72.7807,17.0706
-72.8381,17.0885
-72.8955,17.1064
-72.953,17.1243
-73.0104,17.1422
-73.0678,17.1601
-73.1252,17.178
-73.1827,17.1959
-73.2401,17.2138
-73.2975,17.2317
-73.3549,17.2496
-73.4123,17.2675
-73.4698,17.2853
-73.5272,17.3032
-73.5846,17.3211
-73.642,17.339
-73.6995,17.3569
-73.7569,17.3748
-73.8143,17.3927
-73.8717,17.4106
-73.9292,17.4285
-73.9866,17.4464
-74.044,17.4643
-74.1014,17.4822
-74.1588,17.5001
-74.2163,17.518
-74.2737,17.5359
-74.3311,17.5538
-74.3885,17.5717
-74.446,17.5895
-74.5034,17.6074
-74.5608,17.6253
-74.6182,17.6432
-74.6756,17.6611
-74.7331,17.679
-74.7905,17.6969
-74.8479,17.7148
-74.9053,17.7327
-74.9627,17.7506
-75.0202,17.7685
-75.0776,17.7864
-75.135,17.8043
-75.1924,17.8222
-75.2498,17.8401
-75.3073,17.858
-75.3647,17.8759
-75.4221,17.8937
-75.4795,17.9116
-75.537,17.9295
-75.5944,17.9474
-75.6518,17.9653
-75.7092,17.9832
-75.7666,18.0011
-75.8241,18.019
-75.8815,18.0369
-75.9389,18.0548
-75.9963,18.0727
-76.0537,18.0906
-76.1112,18.1085
-76.1686,18.1264
-76.226,18.1443
-76.2834,18.1621
-76.3408,18.18
-76.3982,18.1979
-76.4557,18.2158
-76.5131,18.2337
-76.5705,18.2516
-76.6279,18.2695
-76.6853,18.2874
-76.7428,18.3053
-76.8002,18.3232
-76.8576,18.3411
-76.915,18.359
-76.9724,18.3769
-77.0299,18.3948
-77.0873,18.4127
-77.1447,18.4305
-77.2021,18.4484
-77.2595,18.4663
-77.3169,18.4842
-77.3744,18.5021
-77.4318,18.52
-77.4892,18.5379
-77.5466,18.5558
-77.604,18.5737
-77.6615,18.5916
-77.7189,18.6095
-77.7763,18.6274
-77.8337,18.6453
-77.8911,18.6632
-77.9485,18.681
-78.006,18.6989
-78.0634,18.7168
-78.1208,18.7347
-78.1782,18.7526
-78.2356,18.7705
-78.293,18.7884
-78.3505,18.8063
-78.4079,18.8242
-78.4653,18.8421
-78.5227,18.86
-78.5801,18.8779
-78.6375,18.8958
-78.695,18.9137
-78.7524,18.9315
-78.8098,18.9494
-78.8672,18.9673
-78.9246,18.9852
-78.982,19.0031
-79.0395,19.021
-79.0969,19.0389
-79.1543,19.0568
-79.2117,19.0747
-79.2691,19.0926
-79.3265,19.1105
-79.384,19.1284
-79.4414,19.1463
-79.4988,19.1641
-79.5562,19.182
-79.6136,19.1999
-79.671,19.2178
-79.7284,19.2357
-79.7859,19.2536
-79.8433,19.2715
-79.9007,19.2894
-79.9581,19.3073
-80.0155,19.3252
-80.0729,19.3431
-80.1304,19.361
-80.1878,19.3788
-80.2452,19.3967
-80.3026,19.4146
-80.36,19.4325
-80.4174,19.4504
-80.4748,19.4683
-80.5323,19.4862
-80.5897,19.5041
-80.6471,19.522
-80.7045,19.5399
-80.7619,19.5578
-80.8193,19.5757
-80.8767,19.5935
-80.9341,19.6114
-80.9916,19.6293
-81.049,19.6472
-81.1064,19.6651
-81.1638,19.683
-81.2212,19.7009
-81.2786,19.7188
-81.336,19.7367
-81.3935,19.7546
-81.4509,19.7725
-81.5083,19.7904
-81.5657,19.8082
-81.6231,19.8261
-81.6805,19.844
-81.7379,19.8619
-81.7954,19.8798
-81.8528,19.8977
-81.9102,19.9156
-81.9676,19.9335
-82.025,19.9514
-82.0824,19.9693
-82.1398,19.9872
-82.1972,20.0051
-82.2547,20.0229
-82.3121,20.0408
-82.3695,20.0587
-82.4269,20.0766
-82.4843,20.0945
-82.5417,20.1124
-82.5991,20.1303
-82.6565,20.1482
-82.7139,20.1661
-82.7714,20.184
-82.8288,20.2019
-82.8862,20.2197
-82.9436,20.2376
-83.001,20.2555
-83.0584,20.2734
-83.1158,20.2913
-83.1732,20.3092
-83.2307,20.3271
-83.2881,20.345
-83.3455,20.3629
-83.4029,20.3808
-83.4603,20.3987
-83.5177,20.4165
-83.5751,20.4344
-83.6325,20.4523
-83.6899,20.4702
-83.7474,20.4881
-83.8048,20.506
-83.8622,20.5239
-83.9196,20.5418
-83.977,20.5597
-84.0344,20.5776
-84.0918,20.5955
-84.1492,20.6133
-84.2066,20.6312
-84.264,20.6491
-84.3215,20.667
-84.3789,20.6849
-84.4363,20.7028
-84.4937,20.7207
-84.5511,20.7386
-84.6085,20.7565
-84.6659,20.7744
-84.7233,20.7923
-84.7807,20.8101
-84.8381,20.828
-84.8956,20.8459
-84.953,20.8638
-85.0104,20.8817
-85.0678,20.8996
-85.1252,20.9175
-85.1826,20.9354
-85.24,20.9533
-85.2974,20.9712
-85.3548,20.989
-85.4122,21.0069
-85.4696,21.0248
-85.5271,21.0427
-85.5845,21.0606
-85.6419,21.0785
-85.6993,21.0964
-85.7567,21.1143
-85.8141,21.1322
-85.8715,21.1501
-85.9289,21.1679
-85.9863,21.1858
-86.0437,21.2037
-86.1011,21.2216
-86.1585,21.2395
-86.216,21.2574
-86.2734,21.2753
-86.3308,21.2932
-86.3882,21.3111
-86.4456,21.329
-86.503,21.3468
-86.5604,21.3647
-86.6178,21.3826
-86.6752,21.4005
-86.7326,21.4184
-86.79,21.4363
-86.8474,21.4542
-86.9049,21.4721
-86.9623,21.49
-87.0197,21.5079
-87.0771,21.5257
-87.1345,21.5436
-87.1919,21.5615
-87.2493,21.5794
-87.3067,21.5973
-87.3641,21.6152
-87.4215,21.6331
-87.4789,21.651
-87.5363,21.6689
-87.5937,21.6868
-87.6511,21.7046
-87.7086,21.7225
-87.766,21.7404
-87.8234,21.7583
-87.8808,21.7762
-87.9382,21.7941
-87.9956,21.812
-88.053,21.8299
-88.1104,21.8478
-88.1678,21.8656
-88.2252,21.8835
-88.2826,21.9014
-88.34,21.9193
-88.3974,21.9372
-88.4548,21.9551
-88.5122,21.973
-88.5696,21.9909
-88.6271,22.0088
-88.6845,22.0267
-88.7419,22.0445
-88.7993,22.0624
-88.8567,22.0803
-88.9141,22.0982
-88.9715,22.1161
-89.0289,22.134
-89.0863,22.1519
-89.1437,22.1698
-89.2011,22.1877
-89.2585,22.2055
-89.3159,22.2234
-89.3733,22.2413
-89.4307,22.2592
-89.4881,22.2771
-89.5455,22.295
-89.6029,22.3129
-89.6603,22.3308
-89.7178,22.3487
-89.7752,22.3665
-89.8326,22.3844
-89.89,22.4023
-89.9474,22.4202
-90.0048,22.4381
-90.0622,22.456
-90.1196,22.4739
-90.177,22.4918
-90.2344,22.5097
-90.2918,22.5275
-90.3492,22.5454
-90.4066,22.5633
-90.464,22.5812
-90.5214,22.5991
-90.5788,22.617
-90.6362,22.6349
-90.6936,22.6528
-90.751,22.6707
-90.8084,22.6885
-90.8658,22.7064
-90.9232,22.7243
-90.9806,22.7422
-91.0381,22.7601
-91.0955,22.778
-91.1529,22.7959
-91.2103,22.8138
-91.2677,22.8317
-91.3251,22.8495
-91.3825,22.8674
-91.4399,22.8853
-91.4973,22.9032
-91.5547,22.9211
-91.6121,22.939
-91.6695,22.9569
-91.7269,22.9748
-91.7843,22.9926
-91.8417,23.0105
-91.8991,23.0284
-91.9565,23.0463
-92.0139,23.0642
-92.0713,23.0821
-92.1287,23.1
-92.1861,23.1179
-92.2435,23.1358
-92.3009,23.1536
-92.3583,23.1715
-92.4157,23.1894
-92.4731,23.2073
-92.5305,23.2252
-92.5879,23.2431
-92.6453,23.261
-92.7027,23.2789
-92.7601,23.2967
-92.8175,23.3146
-92.8749,23.3325
-92.9323,23.3504
-92.9897,23.3683
-93.0471,23.3862
-93.1045,23.4041
-93.162,23.422
-93.2194,23.4399
-93.2768,23.4577
-93.3342,23.4756
-93.3916,23.4935
-93.449,23.5114
-93.5064,23.5293
-93.5638,23.5472
-93.6212,23.5651
-93.6786,23.583
-93.736,23.6008
-93.7934,23.6187
-93.8508,23.6366
-93.9082,23.6545
-93.9656,23.6724
-94.023,23.6903
-94.0804,23.7082
-94.1378,23.7261
-94.1952,23.7439
-94.2526,23.7618
-94.31,23.7797
-94.3674,23.7976
-94.4248,23.8155
-94.4822,23.8334
-94.5396,23.8513
-94.597,23.8692
-94.6544,23.887
-94.7118,23.9049
-94.7692,23.9228
-94.8266,23.9407
-94.884,23.9586
-94.9414,23.9765
-94.9988,23.9944
-95.0562,24.0123
-95.1136,24.0301
-95.171,24.048
-95.2284,24.0659
-95.2858,24.0838
-95.3432,24.1017
-95.4006,24.1196
-95.458,24.1375
-95.5154,24.1554
-95.5728,24.1732
-95.6302,24.1911
-95.6876,24.209
-95.745,24.2269
-95.8024,24.2448
-95.8598,24.2627
-95.9172,24.2806
-95.9746,24.2985
-96.032,24.3163
-96.0894,24.3342
-96.1468,24.3521
-96.2042,24.37
-96.2616,24.3879
-96.319,24.4058
-96.3764,24.4237
-96.4338,24.4416
-96.4912,24.4594
-96.5486,24.4773
-96.606,24.4952
-96.6634,24.5131
-96.7208,24.531
-96.7782,24.5489
-96.8356,24.5668
-96.893,24.5847
-96.9504,24.6025
-97.0078,24.6204
-97.0652,24.6383
-97.1226,24.6562
-97.18,24.6741
-97.2374,24.692
-97.2948,24.7099
-97.3522,24.7278
-97.4095,24.7456
-97.4669,24.7635
-97.5243,24.7814
-97.5817,24.7993
-97.6391,24.8172
-97.6965,24.8351
-97.7539,24.853
-97.8113,24.8708
-97.8687,24.8887
-97.9261,24.9066
-97.9835,24.9245
-98.0409,24.9424
-98.0983,24.9603
-98.1557,24.9782
-98.2131,24.9961
-98.2705,25.0139
-98.3279,25.0318
-98.3853,25.0497
-98.4427,25.0676
-98.5001,25.0855
-98.5575,25.1034
-98.6149,25.1213
-98.6723,25.1391
-98.7297,25.157
-98.7871,25.1749
-98.8445,25.1928
-98.9019,25.2107
-98.9593,25.2286
-99.0167,25.2465
-99.0741,25.2644
-99.1315,25.2822
-99.1889,25.3001
-99.2463,25.318
-99.3037,25.3359
-99.3611,25.3538
-99.4185,25.3717
-99.4759,25.3896
-99.5333,25.4074
-99.5907,25.4253
-99.648,25.4432
-99.7054,25.4611
-99.7628,25.479
-99.8202,25.4969
-99.8776,25.5148
-99.935,25.5327
-99.9924,25.5505
-100.05,25.5684
-100.107,25.5863
-100.165,25.6042
-100.222,25.6221
-100.279,25.64
-100.337,25.6579
-100.394,25.6757
-100.452,25.6936
-100.509,25.7115
-100.566,25.7294
-100.624,25.7473
-100.681,25.7652
-100.739,25.7831
-100.796,25.8009
-100.853,25.8188
-100.911,25.8367
-100.968,25.8546
-101.026,25.8725
-101.083,25.8904
-101.14,25.9083
-101.198,25.9262
-101.255,25.944
-101.313,25.9619
-101.37,25.9798
-101.427,25.9977
-101.485,26.0156
-101.542,26.0335
-101.6,26.0514
-101.657,26.0692
-101.714,26.0871
-101.772,26.105
-101.829,26.1229
-101.886,26.1408
-101.944,26.1587
-102.001,26.1766
-102.059,26.1944
-102.116,26.2123
-102.173,26.2302
-102.231,26.2481
-102.288,26.266
-102.346,26.2839
-102.403,26.3018
-102.46,26.3196
-102.518,26.3375
-102.575,26.3554
-102.633,26.3733
-102.69,26.3912
-102.747,26.4091
-102.805,26.427
-102.862,26.4448
-102.92,26.4627
-102.977,26.4806
-103.034,26.4985
-103.092,26.5164
-103.149,26.5343
-103.207,26.5522
-103.264,26.57
-103.321,26.5879
-103.379,26.6058
-103.436,26.6237
-103.494,26.6416
-103.551,26.6595
-103.608,26.6774
-103.666,26.6952
-103.723,26.7131
-103.78,26.731
-103.838,26.7489
-103.895,26.7668
-103.953,26.7847
-104.01,26.8026
-104.067,26.8204
-104.125,26.8383
-104.182,26.8562
-104.24,26.8741
-104.297,26.892
-104.354,26.9099
-104.412,26.9278
-104.469,26.9456
-104.527,26.9635
-104.584,26.9814
-104.641,26.9993
-104.699,27.0172
-104.756,27.0351
-104.814,27.0529
-104.871,27.0708
-104.928,27.0887
-104.986,27.1066
-105.043,27.1245
-105.101,27.1424
-105.158,27.1603
-105.215,27.1781
-105.273,27.196
-105.33,27.2139
-105.387,27.2318
-105.445,27.2497
-105.502,27.2676
-105.56,27.2855
-105.617,27.3033
-105.674,27.3212
-105.732,27.3391
-105.789,27.357
-105.847,27.3749
-105.904,27.3928
-105.961,27.4107
-106.019,27.4285
-106.076,27.4464
-106.134,27.4643
-106.191,27.4822
-106.248,27.5001
-106.306,27.518
-106.363,27.5358
-106.421,27.5537
-106.478,27.5716
-106.535,27.5895
-106.593,27.6074
-106.65,27.6253
-106.708,27.6432
-106.765,27.661
-106.822,27.6789
-106.88,27.6968
-106.937,27.7147
-106.994,27.7326
-107.052,27.7505
-107.109,27.7684
-107.167,27.7862
-107.224,27.8041
-107.281,27.822
-107.339,27.8399
-107.396,27.8578
-107.454,27.8757
-107.511,27.8935
-107.568,27.9114
-107.626,27.9293
-107.683,27.9472
-107.741,27.9651
-107.798,27.983
-107.855,28.0009
-107.913,28.0187
-107.97,28.0366
-108.028,28.0545
-108.085,28.0724
-108.142,28.0903
-108.2,28.1082
-108.257,28.126
-108.314,28.1439
-108.372,28.1618
-108.429,28.1797
-108.487,28.1976
-108.544,28.2155
-108.601,28.2334
-108.659,28.2512
-108.716,28.2691
-108.774,28.287
-108.831,28.3049
-108.888,28.3228
-108.946,28.3407
-109.003,28.3585
-109.061,28.3764
-109.118,28.3943
-109.175,28.4122
-109.233,28.4301
-109.29,28.448
-109.347,28.4659
-109.405,28.4837
-109.462,28.5016
-109.52,28.5195
-109.577,28.5374
-109.634,28.5553
-109.692,28.5732
-109.749,28.591
-109.807,28.6089
-109.864,28.6268
-109.921,28.6447
-109.979,28.6626
-110.036,28.6805
-110.094,28.6983
-110.151,28.7162
-110.208,28.7341
-110.266,28.752
-110.323,28.7699
-110.38,28.7878
-110.438,28.8057
-110.495,28.8235
-110.553,28.8414
-110.61,28.8593
-110.667,28.8772
-110.725,28.8951
-110.782,28.913
-110.84,28.9308
-110.897,28.9487
-110.954,28.9666
-111.012,28.9845
-111.069,29.0024
-111.127,29.0203
-111.184,29.0381
-111.241,29.056
-111.299,29.0739
-111.356,29.0918
-111.413,29.1097
-111.471,29.1276
-111.528,29.1455
-111.586,29.1633
-111.643,29.1812
-111.7,29.1991
-111.758,29.217
-111.815,29.2349
-111.873,29.2528
-111.93,29.2706
-111.987,29.2885
-112.045,29.3064
-112.102,29.3243
-112.16,29.3422
-112.217,29.3601
-112.274,29.3779
-112.332,29.3958
-112.389,29.4137
-112.446,29.4316
-112.504,29.4495
-112.561,29.4674
-112.619,29.4852
-112.676,29.5031
-112.733,29.521
-112.791,29.5389
-112.848,29.5568
-112.906,29.5747
-112.963,29.5925
-113.02,29.6104
-113.078,29.6283
-113.135,29.6462
-113.193,29.6641
-113.25,29.682
-113.307,29.6999
-113.365,29.7177
-113.422,29.7356
-113.479,29.7535
-113.537,29.7714
-113.594,29.7893
-113.652,29.8072
-113.709,29.825
-113.766,29.8429
-113.824,29.8608
-113.881,29.8787
-113.939,29.8966
-113.996,29.9145
-114.053,29.9323
-114.111,29.9502
-114.168,29.9681
-114.225,29.986
-114.283,30.0039
-114.34,30.0218
-114.398,30.0396
-114.455,30.0575
-114.512,30.0754
-114.57,30.0933
-114.627,30.1112
-114.685,30.1291
-114.742,30.1469
-114.799,30.1648
-114.857,30.1827
-114.914,30.2006
-114.972,30.2185
-115.029,30.2364
-115.086,30.2542
-115.144,30.2721
-115.201,30.29
-115.258,30.3079
-115.316,30.3258
-115.373,30.3437
-115.431,30.3615
-115.488,30.3794
-115.545,30.3973
-115.603,30.4152
-115.66,30.4331
-115.718,30.451
-115.775,30.4688
-115.832,30.4867
-115.89,30.5046
-115.947,30.5225
-116.004,30.5404
-116.062,30.5583
-116.119,30.5761
-116.177,30.594
-116.234,30.6119
-116.291,30.6298
-116.349,30.6477
-116.406,30.6656
-116.464,30.6834
-116.521,30.7013
-116.578,30.7192
-116.636,30.7371
-116.693,30.755
-116.75,30.7729
-116.808,30.7907
-116.865,30.8086
-116.923,30.8265
-116.98,30.8444
-117.037,30.8623
-117.095,30.8802
-117.152,30.898
-117.21,30.9159
-117.267,30.9338
-117.324,30.9517
-117.382,30.9696
-117.439,30.9874
-117.496,31.0053
-117.554,31.0232
-117.611,31.0411
-117.669,31.059
-117.726,31.0769
-117.783,31.0947
-117.841,31.1126
-117.898,31.1305
-117.956,31.1484
-118.013,31.1663
-118.07,31.1842
-118.128,31.202
-118.185,31.2199
-118.242,31.2378
-118.3,31.2557
-118.357,31.2736
-118.415,31.2915
-118.472,31.3093
-118.529,31.3272
-118.587,31.3451
-118.644,31.363
-118.702,31.3809
-118.759,31.3988
-118.816,31.4166
-118.874,31.4345
-118.931,31.4524
-118.988,31.4703
-119.046,31.4882
-119.103,31.506
-119.161,31.5239
-119.218,31.5418
-119.275,31.5597
-119.333,31.5776
-119.39,31.5955
-119.448,31.6133
-119.505,31.6312
-119.562,31.6491
-119.62,31.667
-119.677,31.6849
-119.734,31.7028
-119.792,31.7206
-119.849,31.7385
-119.907,31.7564
-119.964,31.7743
-120.021,31.7922
-120.079,31.8101
-120.136,31.8279
-120.194,31.8458
-120.251,31.8637
-120.308,31.8816
-120.366,31.8995
-120.423,31.9173
-120.48,31.9352
-120.538,31.9531
-120.595,31.971
-120.653,31.9889
-120.71,32.0068
-120.767,32.0246
-120.825,32.0425
-120.882,32.0604
-120.94,32.0783
-120.997,32.0962
-121.054,32.1141
-121.112,32.1319
-121.169,32.1498
-121.226,32.1677
-121.284,32.1856
-121.341,32.2035
-121.399,32.2213
-121.456,32.2392
-121.513,32.2571
-121.571,32.275
-121.628,32.2929
-121.686,32.3108
-121.743,32.3286
-121.8,32.3465
-121.858,32.3644
-121.915,32.3823
-121.972,32.4002
-122.03,32.4181
-122.087,32.4359
-122.145,32.4538
-122.202,32.4717
-122.259,32.4896
-122.317,32.5075
-122.374,32.5253
-122.431,32.5432
-122.489,32.5611
-122.546,32.579
-122.604,32.5969
-122.661,32.6148
-122.718,32.6326
-122.776,32.6505
-122.833,32.6684
-122.891,32.6863
-122.948,32.7042
-123.005,32.7221
-123.063,32.7399
-123.12,32.7578
-123.177,32.7757
-123.235,32.7936
-123.292,32.8115
-123.35,32.8293
-123.407,32.8472
-123.464,32.8651
-123.522,32.883
-123.579,32.9009
-123.637,32.9188
-123.694,32.9366
-123.751,32.9545
-123.809,32.9724
-123.866,32.9903
-123.923,33.0082
-123.981,33.026
-124.038,33.0439
-124.096,33.0618
-124.153,33.0797
-124.21,33.0976
-124.268,33.1155
-124.325,33.1333
-124.382,33.1512
-124.44,33.1691
-124.497,33.187
-124.555,33.2049
-124.612,33.2227
-124.669,33.2406
-124.727,33.2585
-124.784,33.2764
-124.842,33.2943
-124.899,33.3122
-124.956,33.33
-125.014,33.3479
-125.071,33.3658
-125.128,33.3837
-125.186,33.4016
-125.243,33.4194
-125.301,33.4373
-125.358,33.4552
-125.415,33.4731
-125.473,33.491
-125.53,33.5089
-125.587,33.5267
-125.645,33.5446
-125.702,33.5625
-125.76,33.5804
-125.817,33.5983
-125.874,33.6161
-125.932,33.634
-125.989,33.6519
-126.047,33.6698
-126.104,33.6877
-126.161,33.7055
-126.219,33.7234
-126.276,33.7413
-126.333,33.7592
-126.391,33.7771
-126.448,33.795
-126.506,33.8128
-126.563,33.8307
-126.62,33.8486
-126.678,33.8665
-126.735,33.8844
-126.792,33.9022
-126.85,33.9201
-126.907,33.938
-126.965,33.9559
-127.022,33.9738
-127.079,33.9917
-127.137,34.0095
-127.194,34.0274
-127.252,34.0453
-127.309,34.0632
-127.366,34.0811
-127.424,34.0989
-127.481,34.1168
-127.538,34.1347
-127.596,34.1526
-127.653,34.1705
-127.711,34.1883
-127.768,34.2062
-127.825,34.2241
-127.883,34.242
-127.94,34.2599
-127.997,34.2778
-128.055,34.2956
-128.112,34.3135
-128.17,34.3314
-128.227,34.3493
-128.284,34.3672
-128.342,34.385
-128.399,34.4029
-128.457,34.4208
-128.514,34.4387
-128.571,34.4566
-128.629,34.4745
-128.686,34.4923
-128.743,34.5102
-128.801,34.5281
-128.858,34.546
-128.916,34.5639
-128.973,34.5817
-129.03,34.5996
-129.088,34.6175
-129.145,34.6354
-129.202,34.6533
-129.26,34.6711
-129.317,34.689
-129.375,34.7069
-129.432,34.7248
-129.489,34.7427
-129.547,34.7605
-129.604,34.7784
-129.661,34.7963
-129.719,34.8142
-129.776,34.8321
-129.834,34.85
-129.891,34.8678
-129.948,34.8857
-130.006,34.9036
-130.063,34.9215
-130.121,34.9394
-130.178,34.9572
-130.235,34.9751
-130.293,34.993
-130.35,35.0109
-130.407,35.0288
-130.465,35.0466
-130.522,35.0645
-130.58,35.0824
-130.637,35.1003
-130.694,35.1182
-130.752,35.136
-130.809,35.1539
-130.866,35.1718
-130.924,35.1897
-130.981,35.2076
-131.039,35.2255
-131.096,35.2433
-131.153,35.2612
-131.211,35.2791
-131.268,35.297
-131.325,35.3149
-131.383,35.3327
-131.44,35.3506
-131.498,35.3685
-131.555,35.3864
-131.612,35.4043
-131.67,35.4221
-131.727,35.44
-131.784,35.4579
-131.842,35.4758
-131.899,35.4937
-131.957,35.5115
-132.014,35.5294
-132.071,35.5473
-132.129,35.5652
-132.186,35.5831
-132.244,35.601
-132.301,35.6188
-132.358,35.6367
-132.416,35.6546
-132.473,35.6725
-132.53,35.6904
-132.588,35.7082
-132.645,35.7261
-132.703,35.744
-132.76,35.7619
-132.817,35.7798
-132.875,35.7976
-132.932,35.8155
-132.989,35.8334
-133.047,35.8513
-133.104,35.8692
-133.162,35.887
-133.219,35.9049
-133.276,35.9228
-133.334,35.9407
-133.391,35.9586
-133.448,35.9764
-133.506,35.9943
-133.563,36.0122
-133.621,36.0301
-133.678,36.048
-133.735,36.0658
-133.793,36.0837
-133.85,36.1016
-133.907,36.1195
-133.965,36.1374
-134.022,36.1553
-134.08,36.1731
-134.137,36.191
-134.194,36.2089
-134.252,36.2268
-134.309,36.2447
-134.366,36.2625
-134.424,36.2804
-134.481,36.2983
-134.539,36.3162
-134.596,36.3341
-134.653,36.3519
-134.711,36.3698
-134.768,36.3877
-134.825,36.4056
-134.883,36.4235
-134.94,36.4413
-134.998,36.4592
-135.055,36.4771
-135.112,36.495
-135.17,36.5129
-135.227,36.5307
-135.284,36.5486
-135.342,36.5665
-135.399,36.5844
-135.457,36.6023
-135.514,36.6201
-135.571,36.638
-135.629,36.6559
-135.686,36.6738
-135.744,36.6917
-135.801,36.7095
-135.858,36.7274
-135.916,36.7453
-135.973,36.7632
-136.03,36.7811
-136.088,36.7989
-136.145,36.8168
-136.203,36.8347
-136.26,36.8526
-136.317,36.8705
-136.375,36.8883
-136.432,36.9062
-136.489,36.9241
-136.547,36.942
-136.604,36.9599
-136.662,36.9777
-136.719,36.9956
-136.776,37.0135
-136.834,37.0314
-136.891,37.0493
-136.948,37.0671
-137.006,37.085
-137.063,37.1029
-137.121,37.1208
-137.178,37.1387
-137.235,37.1565
-137.293,37.1744
-137.35,37.1923
-137.407,37.2102
-137.465,37.2281
-137.522,37.2459
-137.58,37.2638
-137.637,37.2817
-137.694,37.2996
-137.752,37.3175
-137.809,37.3353
-137.866,37.3532
-137.924,37.3711
-137.981,37.389
-138.039,37.4069
-138.096,37.4247
-138.153,37.4426
-138.211,37.4605
-138.268,37.4784
-138.325,37.4963
-138.383,37.5141
-138.44,37.532
-138.498,37.5499
-138.555,37.5678
-138.612,37.5857
-138.67,37.6035
-138.727,37.6214
-138.784,37.6393
-138.842,37.6572
-138.899,37.6751
-138.957,37.6929
-139.014,37.7108
-139.071,37.7287
-139.129,37.7466
-139.186,37.7645
-139.243,37.7823
-139.301,37.8002
-139.358,37.8181
-139.416,37.836
-139.473,37.8539
-139.53,37.8717
-139.588,37.8896
-139.645,37.9075
-139.702,37.9254
-139.76,37.9433
-139.817,37.9611
-139.875,37.979
-139.932,37.9969
-139.989,38.0148
-140.047,38.0327
-140.104,38.0505
-140.161,38.0684
-140.219,38.0863
-140.276,38.1042
-140.334,38.1221
-140.391,38.1399
-140.448,38.1578
-140.506,38.1757
-140.563,38.1936
-140.62,38.2115
-140.678,38.2293
-140.735,38.2472
-140.793,38.2651
-140.85,38.283
-140.907,38.3009
-140.965,38.3187
-141.022,38.3366
-141.079,38.3545
-141.137,38.3724
-141.194,38.3903
-141.252,38.4081
-141.309,38.426
-141.366,38.4439
-141.424,38.4618
-141.481,38.4797
-141.538,38.4975
-141.596,38.5154
-141.653,38.5333
-141.711,38.5512
-141.768,38.5691
-141.825,38.5869
-141.883,38.6048
-141.94,38.6227
-141.997,38.6406
-142.055,38.6584
-142.112,38.6763
-142.17,38.6942
-142.227,38.7121
-142.284,38.73
-142.342,38.7478
-142.399,38.7657
-142.456,38.7836
-142.514,38.8015
-142.571,38.8194
-142.629,38.8372
-142.686,38.8551
-142.743,38.873
-142.801,38.8909
-142.858,38.9088
-142.915,38.9266
-142.973,38.9445
-143.03,38.9624
-143.088,38.9803
-143.145,38.9982
-143.202,39.016
-143.26,39.0339
-143.317,39.0518
-143.374,39.0697
-143.432,39.0876
-143.489,39.1054
-143.546,39.1233
-143.604,39.1412
-143.661,39.1591
-143.719,39.177
-143.776,39.1948
-143.833,39.2127
-143.891,39.2306
-143.948,39.2485
-144.005,39.2663
-144.063,39.2842
-144.12,39.3021
-144.178,39.32
-144.235,39.3379
-144.292,39.3557
-144.35,39.3736
-144.407,39.3915
-144.464,39.4094
-144.522,39.4273
-144.579,39.4451
-144.637,39.463
-144.694,39.4809
-144.751,39.4988
-144.809,39.5167
-144.866,39.5345
-144.923,39.5524
-144.981,39.5703
-145.038,39.5882
-145.096,39.6061
-145.153,39.6239
-145.21,39.6418
-145.268,39.6597
-145.325,39.6776
-145.382,39.6954
-145.44,39.7133
-145.497,39.7312
-145.555,39.7491
-145.612,39.767
-145.669,39.7848
-145.727,39.8027
-145.784,39.8206
-145.841,39.8385
-145.899,39.8564
-145.956,39.8742
-146.014,39.8921
-146.071,39.91
-146.128,39.9279
-146.186,39.9458
-146.243,39.9636
-146.3,39.9815
-146.358,39.9994
-146.415,40.0173
-146.473,40.0352
-146.53,40.053
-146.587,40.0709
-146.645,40.0888
-146.702,40.1067
-146.759,40.1245
-146.817,40.1424
-146.874,40.1603
-146.931,40.1782
-146.989,40.1961
-147.046,40.2139
-147.104,40.2318
-147.161,40.2497
-147.218,40.2676
-147.276,40.2855
-147.333,40.3033
-147.39,40.3212
-147.448,40.3391
-147.505,40.357
-147.563,40.3749
-147.62,40.3927
-147.677,40.4106
-147.735,40.4285
-147.792,40.4464
-147.849,40.4642
-147.907,40.4821
-147.964,40.5
-148.022,40.5179
-148.079,40.5358
-148.136,40.5536
-148.194,40.5715
-148.251,40.5894
-148.308,40.6073
-148.366,40.6252
-148.423,40.643
-148.481,40.6609
-148.538,40.6788
-148.595,40.6967
-148.653,40.7145
-148.71,40.7324
-148.767,40.7503
-148.825,40.7682
-148.882,40.7861
-148.94,40.8039
-148.997,40.8218
-149.054,40.8397
-149.112,40.8576
-149.169,40.8755
-149.226,40.8933
-149.284,40.9112
-149.341,40.9291
-149.398,40.947
-149.456,40.9649
-149.513,40.9827
-149.571,41.0006
-149.628,41.0185
-149.685,41.0364
-149.743,41.0542
-149.8,41.0721
-149.857,41.09
-149.915,41.1079
-149.972,41.1258
-150.03,41.1436
-150.087,41.1615
-150.144,41.1794
-150.202,41.1973
-150.259,41.2152
-150.316,41.233
-150.374,41.2509
-150.431,41.2688
-150.489,41.2867
-150.546,41.3045
-150.603,41.3224
-150.661,41.3403
-150.718,41.3582
-150.775,41.3761
-150.833,41.3939
-150.89,41.4118
-150.947,41.4297
-151.005,41.4476
-151.062,41.4655
-151.12,41.4833
-151.177,41.5012
-151.234,41.5191
-151.292,41.537
-151.349,41.5548
-151.406,41.5727
-151.464,41.5906
-151.521,41.6085
-151.579,41.6264
-151.636,41.6442
-151.693,41.6621
-151.751,41.68
-151.808,41.6979
-151.865,41.7158
-151.923,41.7336
-151.98,41.7515
-152.038,41.7694
-152.095,41.7873
-152.152,41.8051
-152.21,41.823
-152.267,41.8409
-152.324,41.8588
-152.382,41.8767
-152.439,41.8945
-152.497,41.9124
-152.554,41.9303
-152.611,41.9482
-152.669,41.966
-152.726,41.9839
-152.783,42.0018
-152.841,42.0197
-152.898,42.0376
-152.955,42.0554
-153.013,42.0733
-153.07,42.0912
-153.128,42.1091
-153.185,42.127
-153.242,42.1448
-153.3,42.1627
-153.357,42.1806
-153.414,42.1985
-153.472,42.2163
-153.529,42.2342
-153.587,42.2521
-153.644,42.27
-153.701,42.2879
-153.759,42.3057
-153.816,42.3236
-153.873,42.3415
-153.931,42.3594
-153.988,42.3772
-154.045,42.3951
-154.103,42.413
-154.16,42.4309
-154.218,42.4488
-154.275,42.4666
-154.332,42.4845
-154.39,42.5024
-154.447,42.5203
-154.504,42.5382
-154.562,42.556
-154.619,42.5739
-154.677,42.5918
-154.734,42.6097
-154.791,42.6275
-154.849,42.6454
-154.906,42.6633
-154.963,42.6812
-155.021,42.6991
-155.078,42.7169
-155.136,42.7348
-155.193,42.7527
-155.25,42.7706
-155.308,42.7884
-155.365,42.8063
-155.422,42.8242
-155.48,42.8421
-155.537,42.86
-155.594,42.8778
-155.652,42.8957
-155.709,42.9136
-155.767,42.9315
-155.824,42.9493
-155.881,42.9672
-155.939,42.9851
-155.996,43.003
-156.053,43.0209
-156.111,43.0387
-156.168,43.0566
-156.226,43.0745
-156.283,43.0924
-156.34,43.1103
-156.398,43.1281
-156.455,43.146
-156.512,43.1639
-156.57,43.1818
-156.627,43.1996
-156.684,43.2175
-156.742,43.2354
-156.799,43.2533
-156.857,43.2712
-156.914,43.289
-156.971,43.3069
-157.029,43.3248
-157.086,43.3427
-157.143,43.3605
-157.201,43.3784
-157.258,43.3963
-157.316,43.4142
-157.373,43.4321
-157.43,43.4499
-157.488,43.4678
-157.545,43.4857
-157.602,43.5036
-157.66,43.5214
-157.717,43.5393
-157.774,43.5572
-157.832,43.5751
-157.889,43.593
-157.947,43.6108
-158.004,43.6287
-158.061,43.6466
-158.119,43.6645
-158.176,43.6823
-158.233,43.7002
-158.291,43.7181
-158.348,43.736
-158.406,43.7539
-158.463,43.7717
-158.52,43.7896
-158.578,43.8075
-158.635,43.8254
-158.692,43.8432
-158.75,43.8611
-158.807,43.879
-158.864,43.8969
-158.922,43.9148
-158.979,43.9326
-159.037,43.9505
-159.094,43.9684
-159.151,43.9863
-159.209,44.0041
-159.266,44.022
-159.323,44.0399
-159.381,44.0578
-159.438,44.0757
-159.496,44.0935
-159.553,44.1114
-159.61,44.1293
-159.668,44.1472
-159.725,44.165
-159.782,44.1829
-159.84,44.2008
-159.897,44.2187
-159.954,44.2366
-160.012,44.2544
-160.069,44.2723
-160.127,44.2902
-160.184,44.3081
-160.241,44.3259
-160.299,44.3438
-160.356,44.3617
-160.413,44.3796
-160.471,44.3975
-160.528,44.4153
-160.586,44.4332
-160.643,44.4511
-160.7,44.469
-160.758,44.4868
-160.815,44.5047
-160.872,44.5226
-160.93,44.5405
-160.987,44.5583
-161.044,44.5762
-161.102,44.5941
-161.159,44.612
-161.217,44.6299
-161.274,44.6477
-161.331,44.6656
-161.389,44.6835
-161.446,44.7014
-161.503,44.7192
-161.561,44.7371
-161.618,44.755
-161.676,44.7729
-161.733,44.7908
-161.79,44.8086
-161.848,44.8265
-161.905,44.8444
-161.962,44.8623
-162.02,44.8801
-162.077,44.898
-162.134,44.9159
-162.192,44.9338
-162.249,44.9517
-162.307,44.9695
-162.364,44.9874
-162.421,45.0053
-162.479,45.0232
-162.536,45.041
-162.593,45.0589
-162.651,45.0768
-162.708,45.0947
-162.766,45.1126
-162.823,45.1304
-162.88,45.1483
-162.938,45.1662
-162.995,45.1841
-163.052,45.2019
-163.11,45.2198
-163.167,45.2377
-163.224,45.2556
-163.282,45.2734
-163.339,45.2913
-163.397,45.3092
-163.454,45.3271
-163.511,45.345
-163.569,45.3628
-163.626,45.3807
-163.683,45.3986
-163.741,45.4165
-163.798,45.4343
-163.855,45.4522
-163.913,45.4701
-163.97,45.488
-164.028,45.5059
-164.085,45.5237
-164.142,45.5416
-164.2,45.5595
-164.257,45.5774
-164.314,45.5952
-164.372,45.6131
-164.429,45.631
-164.487,45.6489
-164.544,45.6667
-164.601,45.6846
-164.659,45.7025
-164.716,45.7204
-164.773,45.7383
-164.831,45.7561
-164.888,45.774
-164.945,45.7919
-165.003,45.8098
-165.06,45.8276
-165.118,45.8455
-165.175,45.8634
-165.232,45.8813
-165.29,45.8992
-165.347,45.917
-165.404,45.9349
-165.462,45.9528
-165.519,45.9707
-165.576,45.9885
-165.634,46.0064
-165.691,46.0243
-165.749,46.0422
-165.806,46.06
-165.863,46.0779
-165.921,46.0958
-165.978,46.1137
-166.035,46.1316
-166.093,46.1494
-166.15,46.1673
-166.208,46.1852
-166.265,46.2031
-166.322,46.2209
-166.38,46.2388
-166.437,46.2567
-166.494,46.2746
-166.552,46.2924
-166.609,46.3103
-166.666,46.3282
-166.724,46.3461
-166.781,46.364
-166.839,46.3818
-166.896,46.3997
-166.953,46.4176
-167.011,46.4355
-167.068,46.4533
-167.125,46.4712
-167.183,46.4891
-167.24,46.507
-167.297,46.5248
-167.355,46.5427
-167.412,46.5606
-167.47,46.5785
-167.527,46.5964
-167.584,46.6142
-167.642,46.6321
-167.699,46.65
-167.756,46.6679
-167.814,46.6857
-167.871,46.7036
-167.928,46.7215
-167.986,46.7394
-168.043,46.7572
-168.101,46.7751
-168.158,46.793
-168.215,46.8109
-168.273,46.8288
-168.33,46.8466
-168.387,46.8645
-168.445,46.8824
-168.502,46.9003
-168.56,46.9181
-168.617,46.936
-168.674,46.9539
-168.732,46.9718
-168.789,46.9896
-168.846,47.0075
-168.904,47.0254
-168.961,47.0433
-169.018,47.0612
-169.076,47.079
-169.133,47.0969
-169.191,47.1148
-169.248,47.1327
-169.305,47.1505
-169.363,47.1684
-169.42,47.1863
-169.477,47.2042
-169.535,47.222
-169.592,47.2399
-169.649,47.2578
-169.707,47.2757
-169.764,47.2936
-169.822,47.3114
-169.879,47.3293
-169.936,47.3472
-169.994,47.3651
-170.051,47.3829
-170.108,47.4008
