-2.6863,-4.64546
-2.67986,-4.64887
-2.67341,-4.65227
-2.66695,-4.65567
-2.66049,-4.65906
-2.65403,-4.66244
-2.64756,-4.66581
-2.64108,-4.66917
-2.6346,-4.67252
-2.62811,-4.67586
-2.62162,-4.67919
-2.61513,-4.68252
-2.60863,-4.68583
-2.60212,-4.68914
-2.59561,-4.69244
-2.58909,-4.69573
-2.58257,-4.699
-2.57605,-4.70227
-2.56952,-4.70554
-2.56298,-4.70879
-2.55644,-4.71203
-2.5499,-4.71527
-2.54335,-4.71849
-2.53679,-4.72171
-2.53023,-4.72491
-2.52367,-4.72811
-2.5171,-4.7313
-2.51053,-4.73448
-2.50395,-4.73765
-2.49736,-4.74081
-2.49077,-4.74396
-2.48418,-4.7471
-2.47758,-4.75024
-2.47098,-4.75336
-2.46437,-4.75648
-2.45776,-4.75958
-2.45114,-4.76268
-2.44452,-4.76577
-2.43789,-4.76885
-2.43126,-4.77192
-2.42462,-4.77498
-2.41798,-4.77803
-2.41133,-4.78107
-2.40468,-4.7841
-2.39803,-4.78712
-2.39137,-4.79014
-2.3847,-4.79314
-2.37804,-4.79614
-2.37136,-4.79913
-2.36468,-4.8021
-2.358,-4.80507
-2.35131,-4.80803
-2.34462,-4.81098
-2.33793,-4.81392
-2.33122,-4.81685
-2.32452,-4.81977
-2.31781,-4.82268
-2.31109,-4.82559
-2.30438,-4.82848
-2.29765,-4.83136
-2.29092,-4.83424
-2.28419,-4.8371
-2.27746,-4.83996
-2.27071,-4.8428
-2.26397,-4.84564
-2.25722,-4.84847
-2.25047,-4.85129
-2.24371,-4.8541
-2.23694,-4.8569
-2.23018,-4.85969
-2.2234,-4.86247
-2.21663,-4.86524
-2.20985,-4.868
-2.20306,-4.87075
-2.19628,-4.87349
-2.18948,-4.87623
-2.18268,-4.87895
-2.17588,-4.88167
-2.16908,-4.88437
-2.16227,-4.88707
-2.15545,-4.88975
-2.14863,-4.89243
-2.14181,-4.8951
-2.13499,-4.89775
-2.12815,-4.9004
-2.12132,-4.90304
-2.11448,-4.90567
-2.10764,-4.90829
-2.10079,-4.9109
-2.09394,-4.9135
-2.08708,-4.91609
-2.08022,-4.91867
-2.07336,-4.92124
-2.06649,-4.9238
-2.05962,-4.92635
-2.05274,-4.9289
-2.04586,-4.93143
-2.03898,-4.93395
-2.03209,-4.93647
-2.0252,-4.93897
-2.01831,-4.94147
-2.01141,-4.94395
-2.0045,-4.94643
-1.9976,-4.94889
-1.99068,-4.95135
-1.98377,-4.95379
-1.97685,-4.95623
-1.96993,-4.95866
-1.963,-4.96107
-1.95607,-4.96348
-1.94914,-4.96588
-1.9422,-4.96827
-1.93525,-4.97065
-1.92831,-4.97301
-1.92136,-4.97537
-1.91441,-4.97772
-1.90745,-4.98006
-1.90049,-4.98239
-1.89352,-4.98471
-1.88656,-4.98702
-1.87958,-4.98932
-1.87261,-4.99161
-1.86563,-4.99389
-1.85865,-4.99616
-1.85166,-4.99842
-1.84467,-5.00067
-1.83767,-5.00292
-1.83068,-5.00515
-1.82368,-5.00737
-1.81667,-5.00958
-1.80966,-5.01178
-1.80265,-5.01398
-1.79564,-5.01616
-1.78862,-5.01833
-1.78159,-5.02049
-1.77457,-5.02265
-1.76754,-5.02479
-1.76051,-5.02692
-1.75347,-5.02905
-1.74643,-5.03116
-1.73939,-5.03326
-1.73234,-5.03536
-1.72529,-5.03744
-1.71824,-5.03951
-1.71118,-5.04158
-1.70412,-5.04363
-1.69706,-5.04567
-1.68999,-5.04771
-1.68292,-5.04973
-1.67585,-5.05175
-1.66877,-5.05375
-1.66169,-5.05574
-1.65461,-5.05773
-1.64752,-5.0597
-1.64043,-5.06167
-1.63334,-5.06362
-1.62624,-5.06556
-1.61914,-5.0675
-1.61204,-5.06942
-1.60493,-5.07134
-1.59782,-5.07324
-1.59071,-5.07513
-1.58359,-5.07702
-1.57648,-5.07889
-1.56935,-5.08076
-1.56223,-5.08261
-1.5551,-5.08445
-1.54797,-5.08629
-1.54084,-5.08811
-1.5337,-5.08992
-1.52656,-5.09173
-1.51942,-5.09352
-1.51227,-5.0953
-1.50512,-5.09708
-1.49797,-5.09884
-1.49081,-5.10059
-1.48366,-5.10233
-1.47649,-5.10407
-1.46933,-5.10579
-1.46216,-5.1075
-1.45499,-5.1092
-1.44782,-5.11089
-1.44065,-5.11258
-1.43347,-5.11425
-1.42629,-5.11591
-1.4191,-5.11756
-1.41192,-5.1192
-1.40473,-5.12083
-1.39753,-5.12245
-1.39034,-5.12406
-1.38314,-5.12566
-1.37594,-5.12725
-1.36874,-5.12883
-1.36153,-5.1304
-1.35432,-5.13196
-1.34711,-5.13351
-1.3399,-5.13505
-1.33268,-5.13658
-1.32546,-5.13809
-1.31824,-5.1396
-1.31101,-5.1411
-1.30378,-5.14259
-1.29655,-5.14407
-1.28932,-5.14553
-1.28208,-5.14699
-1.27484,-5.14843
-1.2676,-5.14987
-1.26036,-5.1513
-1.25311,-5.15271
-1.24587,-5.15412
-1.23862,-5.15551
-1.23136,-5.1569
-1.22411,-5.15827
-1.21685,-5.15963
-1.20959,-5.16099
-1.20233,-5.16233
-1.19506,-5.16366
-1.18779,-5.16498
-1.18052,-5.1663
-1.17325,-5.1676
-1.16598,-5.16889
-1.1587,-5.17017
-1.15142,-5.17144
-1.14414,-5.1727
-1.13686,-5.17395
-1.12957,-5.17519
-1.12228,-5.17642
-1.11499,-5.17763
-1.1077,-5.17884
-1.1004,-5.18004
-1.09311,-5.18123
-1.08581,-5.1824
-1.07851,-5.18357
-1.0712,-5.18472
-1.0639,-5.18587
-1.05659,-5.187
-1.04928,-5.18813
-1.04197,-5.18924
-1.03465,-5.19034
-1.02733,-5.19144
-1.02002,-5.19252
-1.0127,-5.19359
-1.00537,-5.19465
-0.998049,-5.1957
-0.990722,-5.19674
-0.983394,-5.19777
-0.976063,-5.19879
-0.96873,-5.1998
-0.961396,-5.2008
-0.95406,-5.20179
-0.946721,-5.20276
-0.939381,-5.20373
-0.932039,-5.20469
-0.924695,-5.20563
-0.917349,-5.20657
-0.910001,-5.20749
-0.902652,-5.2084
-0.8953,-5.20931
-0.887947,-5.2102
-0.880592,-5.21108
-0.873235,-5.21195
-0.865877,-5.21281
-0.858517,-5.21366
-0.851155,-5.2145
-0.843791,-5.21533
-0.836426,-5.21615
-0.829059,-5.21696
-0.82169,-5.21775
-0.81432,-5.21854
-0.806947,-5.21932
-0.799574,-5.22008
-0.792199,-5.22084
-0.784822,-5.22158
-0.777443,-5.22231
-0.770063,-5.22304
-0.762682,-5.22375
-0.755299,-5.22445
-0.747914,-5.22514
-0.740528,-5.22582
-0.73314,-5.22649
-0.725751,-5.22715
-0.71836,-5.22779
-0.710968,-5.22843
-0.703575,-5.22906
-0.69618,-5.22967
-0.688784,-5.23028
-0.681386,-5.23087
-0.673987,-5.23146
-0.666587,-5.23203
-0.659185,-5.23259
-0.651782,-5.23314
-0.644377,-5.23368
-0.636972,-5.23421
-0.629565,-5.23473
-0.622156,-5.23524
-0.614747,-5.23574
-0.607336,-5.23622
-0.599924,-5.2367
-0.592511,-5.23717
-0.585097,-5.23762
-0.577681,-5.23806
-0.570264,-5.2385
-0.562846,-5.23892
-0.555427,-5.23933
-0.548007,-5.23973
-0.540586,-5.24012
-0.533164,-5.2405
-0.52574,-5.24087
-0.518316,-5.24123
-0.51089,-5.24157
-0.503464,-5.24191
-0.496036,-5.24223
-0.488608,-5.24255
-0.481178,-5.24285
-0.473748,-5.24314
-0.466317,-5.24342
-0.458884,-5.24369
-0.451451,-5.24395
-0.444017,-5.2442
-0.436582,-5.24444
-0.429146,-5.24467
-0.421709,-5.24488
-0.414271,-5.24509
-0.406833,-5.24528
-0.399394,-5.24547
-0.391953,-5.24564
-0.384513,-5.2458
-0.377071,-5.24595
-0.369629,-5.24609
-0.362185,-5.24622
-0.354742,-5.24634
-0.347297,-5.24645
-0.339852,-5.24655
-0.332406,-5.24663
-0.324959,-5.24671
-0.317512,-5.24677
-0.310064,-5.24682
-0.302616,-5.24686
-0.295167,-5.2469
-0.287717,-5.24692
-0.280267,-5.24692
-0.272817,-5.24692
-0.265365,-5.24691
-0.257914,-5.24689
-0.250461,-5.24685
-0.243009,-5.24681
-0.235555,-5.24675
-0.228102,-5.24668
-0.220648,-5.2466
-0.213193,-5.24651
-0.205738,-5.24641
-0.198283,-5.2463
-0.190827,-5.24618
-0.183371,-5.24605
-0.175915,-5.2459
-0.168458,-5.24575
-0.161001,-5.24558
-0.153544,-5.2454
-0.146086,-5.24521
-0.138628,-5.24501
-0.13117,-5.2448
-0.123712,-5.24458
-0.116253,-5.24435
-0.108794,-5.24411
-0.101335,-5.24385
-0.0938764,-5.24359
-0.0864171,-5.24331
-0.0789577,-5.24302
-0.0714982,-5.24272
-0.0640386,-5.24241
-0.0565789,-5.24209
-0.0491191,-5.24176
-0.0416593,-5.24142
-0.0341995,-5.24106
-0.0267396,-5.2407
-0.0192797,-5.24032
-0.0118198,-5.23994
-0.00435994,-5.23954
0.00309987,-5.23913
0.0105596,-5.23871
0.0180193,-5.23828
0.0254789,-5.23783
0.0329384,-5.23738
0.0403977,-5.23692
0.0478569,-5.23644
0.055316,-5.23595
0.0627749,-5.23545
0.0702336,-5.23495
0.0776921,-5.23443
0.0851504,-5.23389
0.0926084,-5.23335
0.100066,-5.2328
0.107524,-5.23223
0.114981,-5.23166
0.122438,-5.23107
0.129894,-5.23047
0.137351,-5.22986
0.144807,-5.22924
0.152262,-5.22861
0.159717,-5.22797
0.167172,-5.22732
0.174626,-5.22665
0.18208,-5.22598
0.189534,-5.22529
0.196987,-5.22459
0.204439,-5.22388
0.211891,-5.22316
0.219343,-5.22243
0.226794,-5.22169
0.234244,-5.22093
0.241694,-5.22017
0.249143,-5.21939
0.256592,-5.2186
0.26404,-5.2178
0.271487,-5.21699
0.278934,-5.21617
0.28638,-5.21534
0.293825,-5.2145
0.30127,-5.21364
0.308714,-5.21278
0.316157,-5.2119
0.3236,-5.21101
0.331041,-5.21011
0.338482,-5.2092
0.345922,-5.20828
0.353362,-5.20735
0.3608,-5.2064
0.368238,-5.20545
0.375675,-5.20448
0.383111,-5.2035
0.390545,-5.20252
0.39798,-5.20152
0.405413,-5.2005
0.412845,-5.19948
0.420276,-5.19845
0.427706,-5.1974
0.435135,-5.19635
0.442563,-5.19528
0.449991,-5.1942
0.457417,-5.19311
0.464842,-5.19201
0.472266,-5.1909
0.479688,-5.18977
0.48711,-5.18864
0.494531,-5.18749
0.50195,-5.18634
0.509368,-5.18517
0.516785,-5.18399
0.524201,-5.1828
0.531616,-5.18159
0.539029,-5.18038
0.546441,-5.17916
0.553852,-5.17792
0.561261,-5.17667
0.568669,-5.17541
0.576076,-5.17414
0.583482,-5.17286
0.590886,-5.17157
0.598289,-5.17027
0.60569,-5.16895
0.61309,-5.16763
0.620488,-5.16629
0.627885,-5.16494
0.635281,-5.16358
0.642675,-5.16221
0.650068,-5.16083
0.657459,-5.15943
0.664848,-5.15803
0.672236,-5.15661
0.679623,-5.15519
0.687007,-5.15375
0.694391,-5.1523
0.701772,-5.15084
0.709152,-5.14936
0.71653,-5.14788
0.723907,-5.14638
0.731282,-5.14488
0.738655,-5.14336
0.746027,-5.14183
0.753396,-5.14029
0.760764,-5.13874
0.76813,-5.13718
0.775495,-5.1356
0.782857,-5.13402
0.790218,-5.13242
0.797577,-5.13081
0.804934,-5.12919
0.812289,-5.12756
0.819642,-5.12592
0.826993,-5.12427
0.834343,-5.1226
0.84169,-5.12093
0.849035,-5.11924
0.856379,-5.11754
0.86372,-5.11583
0.871059,-5.11411
0.878397,-5.11238
0.885732,-5.11063
0.893065,-5.10888
0.900396,-5.10711
0.90772,-5.10534
0.915046,-5.10355
0.922371,-5.10175
0.929693,-5.09994
0.937014,-5.09811
0.944332,-5.09628
0.951647,-5.09443
0.958961,-5.09258
0.966272,-5.09071
0.973581,-5.08883
0.980888,-5.08694
0.988192,-5.08504
0.995494,-5.08312
1.00279,-5.0812
1.01009,-5.07926
1.01739,-5.07731
1.02468,-5.07536
1.03197,-5.07339
1.03926,-5.07141
1.04654,-5.06941
1.05382,-5.06741
1.0611,-5.06539
1.06838,-5.06337
1.07566,-5.06133
1.08293,-5.05928
1.0902,-5.05722
1.09747,-5.05515
1.10473,-5.05307
1.11199,-5.05097
1.11925,-5.04887
1.12651,-5.04675
1.13377,-5.04462
1.14102,-5.04248
1.14827,-5.04033
1.15551,-5.03817
1.16275,-5.03599
1.17,-5.03381
1.17723,-5.03161
1.18447,-5.02941
1.1917,-5.02719
1.19893,-5.02496
1.20616,-5.02272
1.21338,-5.02046
1.2206,-5.0182
1.22782,-5.01592
1.23503,-5.01364
1.24224,-5.01134
1.24945,-5.00903
1.25666,-5.00671
1.26386,-5.00438
1.27106,-5.00203
1.27826,-4.99968
1.28545,-4.99731
1.29264,-4.99494
1.29983,-4.99255
1.30701,-4.99015
1.31419,-4.98774
1.32137,-4.98532
1.32855,-4.98288
1.33572,-4.98044
1.34289,-4.97798
1.35005,-4.97551
1.35721,-4.97303
1.36437,-4.97054
1.37153,-4.96804
1.37868,-4.96553
1.38583,-4.96301
1.39297,-4.96047
1.40012,-4.95793
1.40725,-4.95537
1.41439,-4.9528
1.42152,-4.95022
1.42865,-4.94763
1.43577,-4.94502
1.4429,-4.94241
1.45001,-4.93978
1.45713,-4.93715
1.46424,-4.9345
1.47135,-4.93184
1.47845,-4.92917
1.48555,-4.92649
1.49265,-4.92379
1.49974,-4.92109
1.50683,-4.91837
1.51391,-4.91565
1.521,-4.91291
1.52807,-4.91016
1.53515,-4.9074
1.54222,-4.90462
1.54929,-4.90184
1.55635,-4.89905
1.56341,-4.89624
1.57046,-4.89342
1.57752,-4.8906
1.58456,-4.88776
1.59161,-4.88491
1.59865,-4.88204
1.60568,-4.87917
1.61272,-4.87628
1.61974,-4.87339
1.62677,-4.87048
1.63379,-4.86756
1.6408,-4.86463
1.64782,-4.86169
1.65482,-4.85874
1.66183,-4.85578
1.66883,-4.8528
1.67582,-4.84982
1.68282,-4.84682
1.6898,-4.84381
1.69679,-4.84079
1.70377,-4.83776
1.71074,-4.83472
1.71771,-4.83167
1.72468,-4.8286
1.73164,-4.82553
1.7386,-4.82244
1.74555,-4.81934
1.7525,-4.81623
1.75945,-4.81311
1.76639,-4.80998
1.77332,-4.80684
1.78025,-4.80369
1.78718,-4.80052
1.7941,-4.79734
1.80102,-4.79416
1.80794,-4.79096
1.81485,-4.78775
1.82175,-4.78453
1.82865,-4.7813
1.83555,-4.77805
1.84244,-4.7748
1.84933,-4.77153
1.85621,-4.76826
1.86309,-4.76497
1.86996,-4.76167
1.87683,-4.75836
1.88369,-4.75504
1.89055,-4.7517
1.8974,-4.74836
1.90425,-4.74501
1.9111,-4.74164
1.91794,-4.73826
1.92477,-4.73487
1.9316,-4.73147
1.93843,-4.72806
1.94525,-4.72464
1.95206,-4.72121
1.95887,-4.71777
1.96568,-4.71431
1.97248,-4.71085
1.97927,-4.70737
1.98606,-4.70388
1.99285,-4.70038
1.99963,-4.69687
2.00641,-4.69335
2.01318,-4.68982
2.01994,-4.68627
2.0267,-4.68272
2.03346,-4.67915
2.04021,-4.67558
2.04695,-4.67199
2.05369,-4.66839
2.06043,-4.66478
2.06716,-4.66116
2.07388,-4.65753
2.0806,-4.65388
2.08731,-4.65023
2.09402,-4.64656
2.10072,-4.64289
2.10742,-4.6392
2.11411,-4.6355
2.1208,-4.63179
2.12748,-4.62807
2.13416,-4.62434
2.14083,-4.6206
2.14749,-4.61684
2.15415,-4.61308
2.16081,-4.60931
2.16745,-4.60552
2.1741,-4.60172
2.18073,-4.59791
2.18737,-4.59409
2.19399,-4.59026
2.20061,-4.58642
2.20723,-4.58257
2.21384,-4.57871
2.22044,-4.57483
2.22704,-4.57095
2.23363,-4.56705
2.24022,-4.56315
2.2468,-4.55923
2.25337,-4.5553
2.25994,-4.55136
2.2665,-4.54741
2.27306,-4.54345
2.27961,-4.53948
2.28616,-4.53549
2.2927,-4.5315
2.29923,-4.52749
2.30576,-4.52348
2.31228,-4.51945
2.31879,-4.51541
2.3253,-4.51136
2.33181,-4.5073
2.33831,-4.50323
2.3448,-4.49915
2.35128,-4.49506
2.35776,-4.49096
2.36423,-4.48685
2.3707,-4.48272
2.37716,-4.47859
2.38362,-4.47444
2.39007,-4.47028
2.39651,-4.46611
2.40294,-4.46194
2.40937,-4.45775
2.4158,-4.45355
2.42221,-4.44934
2.42862,-4.44511
2.43503,-4.44088
2.44143,-4.43664
2.44782,-4.43238
2.4542,-4.42812
2.46058,-4.42384
2.46695,-4.41956
2.47332,-4.41526
2.47968,-4.41095
2.48603,-4.40664
2.49238,-4.40231
2.49872,-4.39797
2.50505,-4.39362
2.51138,-4.38926
2.5177,-4.38488
2.52401,-4.3805
2.53032,-4.37611
2.53662,-4.3717
2.54291,-4.36729
2.5492,-4.36286
2.55548,-4.35843
2.56175,-4.35398
2.56801,-4.34952
2.57427,-4.34506
2.58053,-4.34058
2.58677,-4.33609
2.59301,-4.33159
2.59924,-4.32708
2.60547,-4.32256
2.61169,-4.31803
2.6179,-4.31349
2.6241,-4.30893
2.6303,-4.30437
2.63649,-4.2998
2.64267,-4.29521
2.64885,-4.29062
2.65502,-4.28601
2.66118,-4.2814
2.66733,-4.27677
2.67348,-4.27213
2.67962,-4.26749
2.68575,-4.26283
2.69188,-4.25816
2.698,-4.25348
2.70411,-4.24879
2.71021,-4.24409
2.71631,-4.23938
2.7224,-4.23466
2.72848,-4.22993
2.73456,-4.22519
2.74062,-4.22044
2.74668,-4.21567
2.75274,-4.2109
2.75878,-4.20612
2.76482,-4.20132
2.77085,-4.19652
2.77687,-4.19171
2.78289,-4.18688
2.7889,-4.18205
2.7949,-4.1772
2.80089,-4.17234
2.80688,-4.16748
2.81285,-4.1626
2.81882,-4.15771
2.82479,-4.15282
2.83074,-4.14791
2.83669,-4.14299
2.84263,-4.13806
2.84856,-4.13313
2.85448,-4.12818
2.8604,-4.12322
2.86631,-4.11825
2.87221,-4.11327
2.8781,-4.10828
2.88398,-4.10328
2.88986,-4.09827
2.89573,-4.09325
2.90159,-4.08822
2.90744,-4.08318
2.91329,-4.07813
2.91912,-4.07307
2.92495,-4.068
2.93077,-4.06292
2.93659,-4.05782
2.94239,-4.05272
2.94819,-4.04761
2.95398,-4.04249
2.95976,-4.03736
2.96553,-4.03221
2.97129,-4.02706
2.97705,-4.0219
2.9828,-4.01673
2.98853,-4.01155
2.99427,-4.00635
2.99999,-4.00115
3.0057,-3.99594
3.01141,-3.99072
3.01711,-3.98548
3.0228,-3.98024
3.02848,-3.97499
3.03415,-3.96973
3.03981,-3.96445
3.04547,-3.95917
3.05112,-3.95388
3.05676,-3.94858
3.06239,-3.94327
3.06801,-3.93794
3.07362,-3.93261
3.07923,-3.92727
3.08482,-3.92192
3.09041,-3.91656
3.09599,-3.91119
3.10156,-3.9058
3.10712,-3.90041
3.11267,-3.89501
3.11822,-3.8896
3.12375,-3.88418
3.12928,-3.87875
3.1348,-3.87331
3.14031,-3.86786
3.14581,-3.8624
3.1513,-3.85693
3.15678,-3.85145
3.16225,-3.84596
3.16772,-3.84046
3.17317,-3.83496
3.17862,-3.82944
3.18406,-3.82391
3.18949,-3.81837
3.19491,-3.81282
3.20032,-3.80727
3.20572,-3.8017
3.21111,-3.79613
3.2165,-3.79054
3.22187,-3.78494
3.22724,-3.77934
3.23259,-3.77373
3.23794,-3.7681
3.24328,-3.76247
3.2486,-3.75682
3.25392,-3.75117
3.25923,-3.74551
3.26453,-3.73984
3.26983,-3.73416
3.27511,-3.72847
3.28038,-3.72277
3.28564,-3.71706
3.2909,-3.71134
3.29614,-3.70561
3.30138,-3.69987
3.3066,-3.69412
3.31182,-3.68837
3.31703,-3.6826
3.32222,-3.67682
3.32741,-3.67104
3.33259,-3.66525
3.33776,-3.65944
3.34292,-3.65363
3.34807,-3.64781
3.35321,-3.64198
3.35834,-3.63613
3.36346,-3.63028
3.36857,-3.62442
3.37367,-3.61856
3.37876,-3.61268
3.38384,-3.60679
3.38891,-3.6009
3.39397,-3.59499
3.39903,-3.58907
3.40407,-3.58315
3.4091,-3.57722
3.41412,-3.57128
3.41914,-3.56532
3.42414,-3.55936
3.42913,-3.55339
3.43411,-3.54742
3.43909,-3.54143
3.44405,-3.53543
3.449,-3.52943
3.45394,-3.52341
3.45888,-3.51739
3.4638,-3.51136
3.46871,-3.50531
3.47361,-3.49926
3.47851,-3.4932
3.48339,-3.48713
3.48826,-3.48106
3.49312,-3.47497
3.49797,-3.46887
3.50281,-3.46277
3.50764,-3.45666
3.51246,-3.45054
3.51727,-3.4444
3.52207,-3.43826
3.52686,-3.43212
3.53164,-3.42596
3.53641,-3.41979
3.54117,-3.41362
3.54592,-3.40743
3.55065,-3.40124
3.55538,-3.39504
3.5601,-3.38883
3.5648,-3.38261
3.5695,-3.37638
3.57418,-3.37015
3.57886,-3.3639
3.58352,-3.35765
3.58817,-3.35139
3.59282,-3.34512
3.59745,-3.33884
3.60207,-3.33255
3.60668,-3.32626
3.61128,-3.31995
3.61587,-3.31364
3.62045,-3.30732
3.62501,-3.30099
3.62957,-3.29465
3.63411,-3.2883
3.63865,-3.28194
3.64317,-3.27558
3.64769,-3.26921
3.65219,-3.26283
3.65668,-3.25644
3.66116,-3.25004
3.66563,-3.24363
3.67009,-3.23722
3.67453,-3.2308
3.67897,-3.22437
3.6834,-3.21793
3.68781,-3.21148
3.69221,-3.20502
3.6966,-3.19856
3.70098,-3.19209
3.70535,-3.18561
3.70971,-3.17912
3.71406,-3.17262
3.7184,-3.16612
3.72272,-3.1596
3.72703,-3.15308
3.73134,-3.14655
3.73563,-3.14001
3.73991,-3.13347
3.74418,-3.12692
3.74843,-3.12035
3.75268,-3.11378
3.75691,-3.10721
3.76114,-3.10062
3.76535,-3.09403
3.76955,-3.08743
3.77374,-3.08082
3.77791,-3.0742
3.78208,-3.06757
3.78623,-3.06094
3.79037,-3.0543
3.79451,-3.04765
3.79862,-3.04099
3.80273,-3.03433
3.80683,-3.02766
3.81091,-3.02098
3.81499,-3.01429
3.81905,-3.00759
3.8231,-3.00089
3.82713,-2.99418
3.83116,-2.98746
3.83517,-2.98073
3.83918,-2.974
3.84317,-2.96726
3.84715,-2.96051
3.85111,-2.95375
3.85507,-2.94699
3.85901,-2.94022
3.86294,-2.93344
3.86686,-2.92665
3.87077,-2.91985
3.87466,-2.91305
3.87855,-2.90624
3.88242,-2.89943
3.88628,-2.8926
3.89013,-2.88577
3.89396,-2.87893
3.89779,-2.87209
3.9016,-2.86523
3.9054,-2.85837
3.90918,-2.8515
3.91296,-2.84463
3.91672,-2.83774
3.92047,-2.83085
3.92421,-2.82396
3.92794,-2.81705
3.93165,-2.81014
3.93535,-2.80322
3.93904,-2.79629
3.94272,-2.78936
3.94638,-2.78242
3.95004,-2.77547
3.95368,-2.76852
3.9573,-2.76156
3.96092,-2.75459
3.96452,-2.74761
3.96811,-2.74063
3.97169,-2.73364
3.97526,-2.72664
3.97881,-2.71964
3.98235,-2.71263
3.98588,-2.70561
3.98939,-2.69859
3.9929,-2.69156
3.99639,-2.68452
3.99987,-2.67748
4.00333,-2.67042
4.00678,-2.66337
4.01022,-2.6563
4.01365,-2.64923
4.01707,-2.64215
4.02047,-2.63507
4.02386,-2.62797
4.02723,-2.62088
4.0306,-2.61377
4.03395,-2.60666
4.03729,-2.59954
4.04061,-2.59242
4.04392,-2.58529
4.04722,-2.57815
4.05051,-2.571
4.05378,-2.56385
4.05704,-2.5567
4.06029,-2.54953
4.06353,-2.54236
4.06675,-2.53519
4.06996,-2.52801
4.07316,-2.52082
4.07634,-2.51362
4.07951,-2.50642
4.08267,-2.49921
4.08581,-2.492
4.08894,-2.48478
4.09206,-2.47755
4.09516,-2.47032
4.09826,-2.46308
4.10133,-2.45584
4.1044,-2.44858
4.10745,-2.44133
4.11049,-2.43406
4.11352,-2.42679
4.11653,-2.41952
4.11953,-2.41224
4.12251,-2.40495
4.12549,-2.39766
4.12845,-2.39036
4.13139,-2.38305
4.13432,-2.37574
4.13724,-2.36843
4.14015,-2.3611
4.14304,-2.35378
4.14592,-2.34644
4.14879,-2.3391
4.15164,-2.33176
4.15448,-2.32441
4.1573,-2.31705
4.16012,-2.30969
4.16291,-2.30232
4.1657,-2.29494
4.16847,-2.28756
4.17123,-2.28018
4.17397,-2.27279
4.1767,-2.26539
4.17942,-2.25799
4.18212,-2.25058
4.18481,-2.24317
4.18749,-2.23575
4.19015,-2.22833
4.1928,-2.2209
4.19544,-2.21347
4.19806,-2.20603
4.20066,-2.19858
4.20326,-2.19113
4.20584,-2.18368
4.2084,-2.17621
4.21096,-2.16875
4.2135,-2.16128
4.21602,-2.1538
4.21853,-2.14632
4.22103,-2.13883
4.22351,-2.13134
4.22598,-2.12385
4.22844,-2.11634
4.23088,-2.10884
4.2333,-2.10133
4.23572,-2.09381
4.23812,-2.08629
4.2405,-2.07876
4.24287,-2.07123
4.24523,-2.06369
4.24758,-2.05615
4.2499,-2.04861
4.25222,-2.04106
4.25452,-2.0335
4.25681,-2.02594
4.25908,-2.01838
4.26134,-2.01081
4.26359,-2.00323
4.26582,-1.99565
4.26803,-1.98807
4.27023,-1.98048
4.27242,-1.97289
4.2746,-1.96529
4.27676,-1.95769
4.2789,-1.95008
4.28103,-1.94247
4.28315,-1.93486
4.28525,-1.92724
4.28734,-1.91962
4.28941,-1.91199
4.29147,-1.90436
4.29352,-1.89672
4.29555,-1.88908
4.29757,-1.88143
4.29957,-1.87378
4.30155,-1.86613
4.30353,-1.85847
4.30549,-1.85081
4.30743,-1.84314
4.30936,-1.83547
4.31128,-1.8278
4.31318,-1.82012
4.31506,-1.81244
4.31693,-1.80475
4.31879,-1.79706
4.32063,-1.78937
4.32246,-1.78167
4.32428,-1.77397
4.32608,-1.76627
4.32786,-1.75856
4.32963,-1.75084
4.33138,-1.74313
4.33313,-1.73541
4.33485,-1.72768
4.33656,-1.71995
4.33826,-1.71222
4.33994,-1.70449
4.34161,-1.69675
4.34326,-1.68901
4.3449,-1.68126
4.34652,-1.67351
4.34813,-1.66576
4.34972,-1.658
4.3513,-1.65024
4.35286,-1.64248
4.35441,-1.63471
4.35595,-1.62694
4.35747,-1.61917
4.35897,-1.6114
4.36046,-1.60362
4.36193,-1.59583
4.36339,-1.58805
4.36484,-1.58026
4.36627,-1.57247
4.36768,-1.56467
4.36908,-1.55687
4.37047,-1.54907
4.37184,-1.54127
4.37319,-1.53346
4.37453,-1.52565
4.37586,-1.51784
4.37717,-1.51002
4.37846,-1.5022
4.37974,-1.49438
4.38101,-1.48656
4.38226,-1.47873
4.38349,-1.4709
4.38471,-1.46307
4.38592,-1.45523
4.38711,-1.44739
4.38828,-1.43955
4.38944,-1.43171
4.39059,-1.42386
4.39172,-1.41601
4.39283,-1.40816
4.39393,-1.40031
4.39501,-1.39245
4.39608,-1.38459
4.39713,-1.37673
4.39817,-1.36887
4.3992,-1.361
4.4002,-1.35314
4.4012,-1.34527
4.40217,-1.33739
4.40313,-1.32952
4.40408,-1.32164
4.40501,-1.31376
4.40593,-1.30588
4.40683,-1.298
4.40771,-1.29012
4.40858,-1.28223
4.40944,-1.27434
4.41028,-1.26645
4.4111,-1.25856
4.41191,-1.25066
4.4127,-1.24276
4.41348,-1.23487
4.41424,-1.22696
4.41499,-1.21906
4.41572,-1.21116
4.41644,-1.20325
4.41714,-1.19535
4.41782,-1.18744
4.41849,-1.17953
4.41915,-1.17161
4.41979,-1.1637
4.42041,-1.15578
4.42102,-1.14787
4.42161,-1.13995
4.42219,-1.13203
4.42275,-1.12411
4.4233,-1.11618
4.42383,-1.10826
4.42434,-1.10034
4.42484,-1.09241
4.42532,-1.08448
4.42579,-1.07655
4.42625,-1.06862
4.42668,-1.06069
4.4271,-1.05276
4.42751,-1.04482
4.4279,-1.03689
4.42827,-1.02895
4.42863,-1.02102
4.42898,-1.01308
4.4293,-1.00514
4.42962,-0.997201
4.42991,-0.989261
4.43019,-0.98132
4.43046,-0.973378
4.43071,-0.965435
4.43094,-0.957491
4.43116,-0.949547
4.43136,-0.941602
4.43155,-0.933656
4.43172,-0.92571
4.43188,-0.917763
4.43202,-0.909816
4.43214,-0.901868
4.43225,-0.89392
4.43234,-0.885971
4.43242,-0.878022
4.43248,-0.870072
4.43252,-0.862122
4.43255,-0.854172
4.43257,-0.846221
4.43256,-0.838271
4.43255,-0.83032
4.43251,-0.822368
4.43246,-0.814417
4.4324,-0.806465
4.43232,-0.798514
4.43222,-0.790562
4.43211,-0.78261
4.43198,-0.774659
4.43183,-0.766707
4.43167,-0.758756
4.4315,-0.750804
4.43131,-0.742853
4.4311,-0.734902
4.43087,-0.726951
4.43063,-0.719
4.43038,-0.71105
4.43011,-0.703099
4.42982,-0.69515
4.42952,-0.6872
4.4292,-0.679251
4.42886,-0.671303
4.42851,-0.663355
4.42815,-0.655407
4.42776,-0.64746
4.42737,-0.639514
4.42695,-0.631568
4.42652,-0.623622
4.42608,-0.615678
4.42561,-0.607734
4.42514,-0.599791
4.42464,-0.591849
4.42413,-0.583907
4.42361,-0.575967
4.42306,-0.568027
4.42251,-0.560088
4.42193,-0.55215
4.42134,-0.544213
4.42074,-0.536277
4.42012,-0.528342
4.41948,-0.520408
4.41883,-0.512476
4.41816,-0.504544
4.41747,-0.496614
4.41677,-0.488685
4.41605,-0.480757
4.41532,-0.47283
4.41457,-0.464905
4.41381,-0.456981
4.41303,-0.449058
4.41223,-0.441137
4.41142,-0.433218
4.41059,-0.425299
4.40974,-0.417383
4.40888,-0.409468
4.408,-0.401554
4.40711,-0.393642
4.4062,-0.385732
4.40528,-0.377824
4.40434,-0.369917
4.40338,-0.362012
4.40241,-0.354109
4.40142,-0.346207
4.40041,-0.338308
4.39939,-0.33041
4.39835,-0.322515
4.3973,-0.314621
4.39623,-0.306729
4.39515,-0.29884
4.39405,-0.290952
4.39293,-0.283067
4.3918,-0.275183
4.39065,-0.267302
4.38948,-0.259424
4.3883,-0.251547
4.38711,-0.243673
4.38589,-0.235801
4.38466,-0.227931
4.38342,-0.220064
4.38216,-0.212199
4.38088,-0.204336
4.37959,-0.196477
4.37828,-0.188619
4.37695,-0.180764
4.37561,-0.172912
4.37426,-0.165063
4.37288,-0.157216
4.37149,-0.149372
4.37009,-0.14153
4.36867,-0.133691
4.36723,-0.125856
4.36578,-0.118023
4.36431,-0.110193
4.36282,-0.102365
4.36132,-0.0945411
4.35981,-0.0867198
4.35827,-0.0789016
4.35672,-0.0710864
4.35516,-0.0632743
4.35358,-0.0554653
4.35198,-0.0476595
4.35037,-0.0398569
4.34874,-0.0320575
4.3471,-0.0242614
4.34544,-0.0164686
4.34376,-0.00867916
4.34207,-0.000893071
4.34036,0.00688961
4.33863,0.0146688
4.33689,0.0224446
4.33514,0.0302168
4.33336,0.0379855
4.33158,0.0457506
4.32977,0.0535121
4.32795,0.06127
4.32612,0.0690241
4.32426,0.0767745
4.3224,0.0845212
4.32051,0.092264
4.31861,0.100003
4.3167,0.107738
4.31477,0.115469
4.31282,0.123197
4.31086,0.13092
4.30888,0.138639
4.30688,0.146355
4.30487,0.154066
4.30284,0.161773
4.3008,0.169476
4.29874,0.177175
4.29667,0.184869
4.29458,0.192559
4.29247,0.200245
4.29035,0.207927
4.28821,0.215604
4.28606,0.223277
4.28389,0.230946
4.28171,0.23861
4.2795,0.246269
4.27729,0.253924
4.27505,0.261574
4.27281,0.26922
4.27054,0.276861
4.26826,0.284498
4.26597,0.292129
4.26366,0.299756
4.26133,0.307379
4.25898,0.314996
4.25663,0.322608
4.25425,0.330216
4.25186,0.337819
4.24946,0.345416
4.24703,0.353009
4.2446,0.360597
4.24214,0.368179
4.23967,0.375757
4.23719,0.383329
4.23469,0.390896
4.23217,0.398458
4.22964,0.406015
4.2271,0.413566
4.22453,0.421112
4.22195,0.428653
4.21936,0.436188
4.21675,0.443718
4.21412,0.451243
4.21148,0.458762
4.20883,0.466275
4.20616,0.473783
4.20347,0.481285
4.20076,0.488782
4.19805,0.496273
4.19531,0.503758
4.19256,0.511238
4.1898,0.518712
4.18701,0.526179
4.18422,0.533642
4.18141,0.541098
4.17858,0.548548
4.17573,0.555992
4.17288,0.563431
4.17,0.570863
4.16711,0.578289
4.16421,0.585709
4.16129,0.593124
4.15835,0.600531
4.1554,0.607933
4.15243,0.615329
4.14945,0.622718
4.14645,0.630101
4.14344,0.637477
4.14041,0.644847
4.13737,0.652211
4.13431,0.659568
4.13124,0.666919
4.12815,0.674264
4.12504,0.681601
4.12192,0.688932
4.11879,0.696257
4.11564,0.703575
4.11247,0.710886
4.10929,0.718191
4.10609,0.725488
4.10288,0.732779
4.09966,0.740064
4.09641,0.747341
4.09316,0.754611
4.08988,0.761875
4.0866,0.769131
4.08329,0.776381
4.07998,0.783623
4.07664,0.790859
4.0733,0.798087
4.06993,0.805308
4.06655,0.812522
4.06316,0.819729
4.05975,0.826928
4.05633,0.83412
4.05289,0.841305
4.04944,0.848483
4.04597,0.855653
4.04249,0.862816
4.03899,0.869971
4.03547,0.877119
4.03195,0.88426
4.0284,0.891393
4.02484,0.898518
4.02127,0.905635
4.01768,0.912745
4.01408,0.919848
4.01046,0.926942
4.00683,0.934029
4.00318,0.941108
3.99952,0.948179
3.99584,0.955243
3.99215,0.962298
3.98845,0.969346
3.98472,0.976385
3.98099,0.983417
3.97724,0.99044
3.97347,0.997456
3.96969,1.00446
3.9659,1.01146
3.96209,1.01845
3.95826,1.02544
3.95443,1.03241
3.95057,1.03938
3.9467,1.04634
3.94282,1.05329
3.93893,1.06023
3.93501,1.06716
3.93109,1.07408
3.92715,1.081
3.92319,1.08791
3.91922,1.09481
3.91524,1.1017
3.91124,1.10858
3.90723,1.11545
3.9032,1.12232
3.89916,1.12917
3.8951,1.13602
3.89103,1.14286
3.88695,1.14969
3.88285,1.15651
3.87873,1.16332
3.87461,1.17013
3.87046,1.17692
3.86631,1.18371
3.86214,1.19048
3.85795,1.19725
3.85375,1.20401
3.84954,1.21076
3.84531,1.2175
3.84107,1.22423
3.83682,1.23095
3.83255,1.23766
3.82826,1.24437
3.82397,1.25106
3.81966,1.25774
3.81533,1.26442
3.81099,1.27109
3.80664,1.27774
3.80227,1.28439
3.79789,1.29103
3.79349,1.29766
3.78908,1.30427
3.78466,1.31088
3.78022,1.31748
3.77577,1.32407
3.77131,1.33065
3.76683,1.33722
3.76234,1.34378
3.75783,1.35033
3.75331,1.35688
3.74878,1.36341
3.74423,1.36993
3.73967,1.37644
3.73509,1.38294
3.7305,1.38943
3.7259,1.39592
3.72129,1.40239
3.71666,1.40885
3.71202,1.4153
3.70736,1.42174
3.70269,1.42817
3.69801,1.4346
3.69331,1.44101
3.6886,1.44741
3.68388,1.4538
3.67914,1.46018
3.67439,1.46655
3.66963,1.47291
3.66485,1.47926
3.66006,1.4856
3.65526,1.49193
3.65044,1.49824
3.64561,1.50455
3.64077,1.51085
3.63591,1.51713
3.63104,1.52341
3.62616,1.52968
3.62126,1.53593
3.61635,1.54217
3.61143,1.54841
3.60649,1.55463
3.60155,1.56084
3.59659,1.56704
3.59161,1.57323
3.58662,1.57941
3.58162,1.58558
3.57661,1.59174
3.57158,1.59788
3.56655,1.60402
3.56149,1.61014
3.55643,1.61626
3.55135,1.62236
3.54626,1.62845
3.54116,1.63453
3.53604,1.6406
3.53092,1.64666
3.52578,1.65271
3.52062,1.65874
3.51546,1.66477
3.51028,1.67078
3.50509,1.67678
3.49988,1.68277
3.49466,1.68875
3.48943,1.69472
3.48419,1.70068
3.47894,1.70662
3.47367,1.71255
3.46839,1.71848
3.4631,1.72439
3.4578,1.73029
3.45248,1.73617
3.44715,1.74205
3.44181,1.74791
3.43646,1.75376
3.4311,1.7596
3.42572,1.76543
3.42033,1.77125
3.41493,1.77705
3.40952,1.78285
3.40409,1.78863
3.39865,1.7944
3.3932,1.80015
3.38774,1.8059
3.38227,1.81163
3.37678,1.81736
3.37129,1.82307
3.36578,1.82876
3.36026,1.83445
3.35472,1.84012
3.34918,1.84578
3.34362,1.85143
3.33805,1.85707
3.33247,1.86269
3.32688,1.86831
3.32128,1.87391
3.31566,1.8795
3.31003,1.88507
3.3044,1.89064
3.29875,1.89619
3.29308,1.90173
3.28741,1.90725
3.28173,1.91277
3.27603,1.91827
3.27032,1.92376
3.2646,1.92923
3.25887,1.9347
3.25313,1.94015
3.24738,1.94559
3.24161,1.95101
3.23584,1.95643
3.23005,1.96183
3.22425,1.96722
3.21844,1.97259
3.21262,1.97796
3.20679,1.98331
3.20095,1.98864
3.1951,1.99397
3.18923,1.99928
3.18336,2.00458
3.17747,2.00987
3.17157,2.01514
3.16566,2.0204
3.15974,2.02565
3.15381,2.03088
3.14787,2.0361
3.14192,2.04131
3.13596,2.04651
3.12999,2.05169
3.124,2.05686
3.11801,2.06201
3.112,2.06716
3.10598,2.07229
3.09996,2.0774
3.09392,2.08251
3.08787,2.0876
3.08181,2.09268
3.07575,2.09774
3.06967,2.10279
3.06358,2.10783
3.05748,2.11285
3.05137,2.11786
3.04525,2.12286
3.03912,2.12784
3.03297,2.13281
3.02682,2.13777
3.02066,2.14271
3.01449,2.14764
3.00831,2.15256
3.00211,2.15746
2.99591,2.16235
2.9897,2.16723
2.98348,2.17209
2.97725,2.17694
2.971,2.18177
2.96475,2.18659
2.95849,2.1914
2.95222,2.1962
2.94594,2.20098
2.93965,2.20574
2.93334,2.21049
2.92703,2.21523
2.92071,2.21996
2.91438,2.22467
2.90804,2.22937
2.90169,2.23405
2.89533,2.23872
2.88896,2.24338
2.88259,2.24802
2.8762,2.25265
2.8698,2.25726
2.8634,2.26186
2.85698,2.26645
2.85055,2.27102
2.84412,2.27558
2.83768,2.28012
2.83122,2.28465
2.82476,2.28917
2.81829,2.29367
2.81181,2.29815
2.80532,2.30263
2.79882,2.30709
2.79231,2.31153
2.78579,2.31596
2.77927,2.32038
2.77273,2.32478
2.76619,2.32917
2.75964,2.33354
2.75307,2.3379
2.7465,2.34225
2.73992,2.34658
2.73334,2.35089
2.72674,2.3552
2.72013,2.35948
2.71352,2.36376
2.7069,2.36801
2.70027,2.37226
2.69363,2.37649
2.68698,2.3807
2.68032,2.38491
2.67365,2.38909
2.66698,2.39326
2.6603,2.39742
2.65361,2.40156
2.64691,2.40569
2.6402,2.4098
2.63349,2.4139
2.62676,2.41799
2.62003,2.42206
2.61329,2.42611
2.60654,2.43015
2.59978,2.43418
2.59302,2.43819
2.58625,2.44218
2.57947,2.44617
2.57268,2.45013
2.56588,2.45408
2.55908,2.45802
2.55227,2.46194
2.54545,2.46585
2.53862,2.46974
2.53178,2.47362
2.52494,2.47748
2.51809,2.48133
2.51123,2.48517
2.50436,2.48898
2.49749,2.49279
2.49061,2.49658
2.48372,2.50035
2.47682,2.50411
2.46992,2.50785
2.46301,2.51158
2.45609,2.51529
2.44916,2.51899
2.44223,2.52267
2.43529,2.52634
2.42834,2.53
2.42138,2.53363
2.41442,2.53726
2.40745,2.54087
2.40048,2.54446
2.39349,2.54804
2.3865,2.5516
2.3795,2.55515
2.3725,2.55868
2.36549,2.5622
2.35847,2.5657
2.35144,2.56918
2.34441,2.57266
2.33737,2.57611
2.33033,2.57955
2.32327,2.58298
2.31621,2.58639
2.30915,2.58978
2.30208,2.59316
2.295,2.59653
2.28791,2.59988
2.28082,2.60321
2.27372,2.60653
2.26661,2.60983
2.2595,2.61312
2.25238,2.61639
2.24526,2.61965
2.23813,2.62289
2.23099,2.62612
2.22385,2.62933
2.2167,2.63253
2.20954,2.63571
2.20238,2.63887
2.19522,2.64202
2.18804,2.64515
2.18086,2.64827
2.17368,2.65137
2.16648,2.65446
2.15929,2.65753
2.15208,2.66059
2.14487,2.66363
2.13766,2.66665
2.13044,2.66966
2.12321,2.67266
2.11598,2.67564
2.10874,2.6786
2.10149,2.68155
2.09424,2.68448
2.08699,2.68739
2.07973,2.69029
2.07246,2.69318
2.06519,2.69605
2.05791,2.6989
2.05063,2.70174
2.04334,2.70456
2.03605,2.70737
2.02875,2.71016
2.02145,2.71294
2.01414,2.7157
2.00683,2.71844
1.99951,2.72117
1.99218,2.72388
1.98485,2.72658
1.97752,2.72926
1.97018,2.73192
1.96283,2.73457
1.95549,2.73721
1.94813,2.73982
1.94077,2.74243
1.93341,2.74501
1.92604,2.74758
1.91867,2.75014
1.91129,2.75268
1.9039,2.7552
1.89652,2.75771
1.88912,2.7602
1.88173,2.76268
1.87433,2.76514
1.86692,2.76758
1.85951,2.77001
1.85209,2.77242
1.84468,2.77482
1.83725,2.7772
1.82982,2.77956
1.82239,2.78191
1.81496,2.78425
1.80751,2.78656
1.80007,2.78887
1.79262,2.79115
1.78517,2.79342
1.77771,2.79568
1.77025,2.79791
1.76278,2.80014
1.75531,2.80234
1.74784,2.80453
1.74036,2.80671
1.73288,2.80886
1.7254,2.81101
1.71791,2.81313
1.71042,2.81524
1.70292,2.81734
1.69542,2.81942
1.68792,2.82148
1.68041,2.82353
1.6729,2.82556
1.66538,2.82757
1.65787,2.82957
1.65035,2.83156
1.64282,2.83352
1.63529,2.83547
1.62776,2.83741
1.62023,2.83933
1.61269,2.84123
1.60515,2.84312
1.5976,2.84499
1.59005,2.84685
1.5825,2.84868
1.57495,2.85051
1.56739,2.85232
1.55983,2.85411
1.55227,2.85588
1.5447,2.85764
1.53713,2.85938
1.52956,2.86111
1.52198,2.86282
1.51441,2.86452
1.50682,2.8662
1.49924,2.86786
1.49165,2.86951
1.48407,2.87114
1.47647,2.87275
1.46888,2.87435
1.46128,2.87594
1.45368,2.8775
1.44608,2.87906
1.43848,2.88059
1.43087,2.88211
1.42326,2.88361
1.41565,2.8851
1.40803,2.88657
1.40042,2.88803
1.3928,2.88946
1.38518,2.89089
1.37755,2.89229
1.36993,2.89369
1.3623,2.89506
1.35467,2.89642
1.34704,2.89776
1.3394,2.89909
1.33177,2.9004
1.32413,2.90169
1.31649,2.90297
1.30885,2.90424
1.30121,2.90548
1.29356,2.90671
1.28591,2.90793
1.27826,2.90913
1.27061,2.91031
1.26296,2.91148
1.25531,2.91263
1.24765,2.91376
1.23999,2.91488
1.23233,2.91598
1.22467,2.91707
1.21701,2.91814
1.20935,2.91919
1.20168,2.92023
1.19402,2.92126
1.18635,2.92226
1.17868,2.92325
1.17101,2.92423
1.16334,2.92519
1.15567,2.92613
1.14799,2.92706
1.14032,2.92797
1.13264,2.92886
1.12496,2.92974
1.11729,2.9306
1.10961,2.93145
1.10193,2.93228
1.09424,2.93309
1.08656,2.93389
1.07888,2.93468
1.0712,2.93544
1.06351,2.93619
1.05583,2.93693
1.04814,2.93765
1.04045,2.93835
1.03276,2.93904
1.02508,2.93971
1.01739,2.94037
1.0097,2.94101
1.00201,2.94163
0.994318,2.94224
0.986627,2.94283
0.978936,2.9434
0.971244,2.94396
0.963552,2.94451
0.95586,2.94504
0.948167,2.94555
0.940474,2.94604
0.932781,2.94652
0.925087,2.94699
0.917394,2.94744
0.9097,2.94787
0.902006,2.94829
0.894312,2.94869
0.886618,2.94907
0.878924,2.94944
0.87123,2.9498
0.863536,2.95014
0.855842,2.95046
0.848149,2.95076
0.840455,2.95105
0.832762,2.95133
0.825069,2.95159
0.817376,2.95183
0.809683,2.95206
0.801991,2.95227
0.794299,2.95246
0.786608,2.95264
0.778917,2.95281
0.771226,2.95296
0.763536,2.95309
0.755846,2.9532
0.748157,2.95331
0.740469,2.95339
0.732781,2.95346
0.725094,2.95351
0.717407,2.95355
0.709721,2.95357
0.702036,2.95358
0.694352,2.95357
0.686669,2.95355
0.678986,2.95351
0.671304,2.95345
0.663623,2.95338
0.655943,2.95329
0.648265,2.95319
0.640587,2.95307
0.63291,2.95293
0.625234,2.95278
0.617559,2.95262
0.609886,2.95244
0.602213,2.95224
0.594542,2.95203
0.586872,2.9518
0.579203,2.95156
0.571536,2.9513
0.56387,2.95102
0.556205,2.95073
0.548542,2.95043
0.54088,2.95011
0.533219,2.94977
0.52556,2.94942
0.517903,2.94905
0.510247,2.94867
0.502592,2.94827
0.494939,2.94785
0.487288,2.94742
0.479639,2.94698
0.471991,2.94652
0.464345,2.94604
0.456701,2.94555
0.449058,2.94504
0.441417,2.94452
0.433778,2.94398
0.426142,2.94343
0.418506,2.94286
0.410873,2.94228
0.403242,2.94168
0.395613,2.94106
0.387986,2.94043
0.380361,2.93979
0.372738,2.93912
0.365117,2.93845
0.357499,2.93776
0.349882,2.93705
0.342268,2.93633
0.334656,2.93559
0.327047,2.93484
0.319439,2.93407
0.311834,2.93329
0.304232,2.93249
0.296631,2.93168
0.289033,2.93085
0.281438,2.93
0.273845,2.92914
0.266255,2.92827
0.258667,2.92738
0.251082,2.92648
0.243499,2.92556
0.235919,2.92462
0.228342,2.92367
0.220767,2.92271
0.213196,2.92173
0.205627,2.92073
0.19806,2.91972
0.190497,2.91869
0.182936,2.91765
0.175378,2.9166
0.167823,2.91553
0.160272,2.91444
0.152723,2.91334
0.145177,2.91223
0.137634,2.91109
0.130094,2.90995
0.122557,2.90879
0.115023,2.90761
0.107493,2.90642
0.0999653,2.90522
0.0924411,2.904
0.0849201,2.90276
0.0774023,2.90151
0.0698879,2.90025
0.0623768,2.89897
0.054869,2.89767
0.0473645,2.89636
0.0398635,2.89504
0.0323659,2.8937
0.0248717,2.89234
0.017381,2.89098
0.00989388,2.88959
0.00241025,2.88819
-0.00506982,2.88678
-0.0125463,2.88535
-0.0200191,2.88391
-0.0274884,2.88245
-0.0349539,2.88098
-0.0424157,2.8795
-0.0498738,2.87799
-0.0573281,2.87648
-0.0647787,2.87495
-0.0722254,2.8734
-0.0796683,2.87184
-0.0871073,2.87027
-0.0945424,2.86868
-0.101974,2.86708
-0.109401,2.86546
-0.116824,2.86383
-0.124243,2.86218
-0.131659,2.86052
-0.13907,2.85884
-0.146477,2.85715
-0.15388,2.85544
-0.161278,2.85372
-0.168673,2.85199
-0.176064,2.85024
-0.18345,2.84848
-0.190832,2.8467
-0.198209,2.84491
-0.205583,2.8431
-0.212952,2.84128
-0.220316,2.83945
-0.227677,2.8376
-0.235033,2.83574
-0.242384,2.83386
-0.249731,2.83197
-0.257074,2.83006
-0.264412,2.82814
-0.271745,2.8262
-0.279074,2.82426
-0.286398,2.82229
-0.293718,2.82032
-0.301033,2.81832
-0.308343,2.81632
-0.315649,2.8143
-0.32295,2.81226
-0.330246,2.81022
-0.337537,2.80815
-0.344824,2.80608
-0.352105,2.80399
-0.359382,2.80188
-0.366654,2.79976
-0.373921,2.79763
-0.381184,2.79548
-0.388441,2.79332
-0.395693,2.79115
-0.40294,2.78896
-0.410183,2.78676
-0.41742,2.78454
-0.424652,2.78231
-0.431879,2.78007
-0.439101,2.77781
-0.446317,2.77554
-0.453529,2.77325
-0.460735,2.77095
-0.467936,2.76864
-0.475132,2.76631
-0.482322,2.76397
-0.489508,2.76161
-0.496688,2.75924
-0.503862,2.75686
-0.511031,2.75447
-0.518195,2.75206
-0.525353,2.74963
-0.532506,2.7472
-0.539654,2.74474
-0.546795,2.74228
-0.553932,2.7398
-0.561063,2.73731
-0.568188,2.7348
-0.575308,2.73229
-0.582422,2.72975
-0.58953,2.72721
-0.596633,2.72465
-0.60373,2.72207
-0.610821,2.71949
-0.617907,2.71689
-0.624987,2.71427
-0.632061,2.71165
-0.639129,2.70901
-0.646191,2.70635
-0.653248,2.70369
-0.660298,2.70101
-0.667343,2.69831
-0.674382,2.6956
-0.681415,2.69288
-0.688442,2.69015
-0.695463,2.6874
-0.702478,2.68464
-0.709487,2.68187
-0.716489,2.67908
-0.723486,2.67628
-0.730477,2.67347
-0.737461,2.67064
-0.74444,2.6678
-0.751412,2.66495
-0.758378,2.66208
-0.765337,2.6592
-0.772291,2.65631
-0.779238,2.65341
-0.786179,2.65049
-0.793114,2.64756
-0.800042,2.64461
-0.806964,2.64165
-0.813879,2.63868
-0.820789,2.6357
-0.827691,2.6327
-0.834588,2.62969
-0.841477,2.62667
-0.848361,2.62364
-0.855238,2.62059
-0.862108,2.61753
-0.868972,2.61445
-0.875829,2.61137
-0.882679,2.60827
-0.889523,2.60516
-0.896361,2.60203
-0.903191,2.59889
-0.910015,2.59574
-0.916833,2.59258
-0.923643,2.5894
-0.930447,2.58621
-0.937244,2.58301
-0.944035,2.5798
-0.950818,2.57657
-0.957595,2.57333
-0.964364,2.57008
-0.971127,2.56682
-0.977883,2.56354
-0.984633,2.56025
-0.991375,2.55695
-0.99811,2.55364
-1.00484,2.55031
-1.01156,2.54697
-1.01827,2.54362
-1.02498,2.54025
-1.03168,2.53688
-1.03837,2.53349
-1.04506,2.53009
-1.05174,2.52667
-1.05841,2.52325
-1.06508,2.51981
-1.07173,2.51636
-1.07838,2.5129
-1.08503,2.50942
-1.09166,2.50593
-1.09829,2.50243
-1.10491,2.49892
-1.11153,2.4954
-1.11813,2.49186
-1.12473,2.48831
-1.13132,2.48475
-1.13791,2.48118
-1.14449,2.4776
-1.15106,2.474
-1.15762,2.47039
-1.16417,2.46677
-1.17072,2.46314
-1.17726,2.45949
-1.18379,2.45584
-1.19032,2.45217
-1.19684,2.44849
-1.20335,2.44479
-1.20985,2.44109
-1.21634,2.43737
-1.22283,2.43365
-1.22931,2.42991
-1.23578,2.42615
-1.24225,2.42239
-1.2487,2.41862
-1.25515,2.41483
-1.26159,2.41103
-1.26802,2.40722
-1.27445,2.4034
-1.28087,2.39956
-1.28728,2.39572
-1.29368,2.39186
-1.30007,2.38799
-1.30646,2.38411
-1.31284,2.38022
-1.31921,2.37632
-1.32557,2.3724
-1.33193,2.36848
-1.33827,2.36454
-1.34461,2.36059
-1.35094,2.35663
-1.35727,2.35265
-1.36358,2.34867
-1.36989,2.34468
-1.37619,2.34067
-1.38248,2.33665
-1.38876,2.33262
-1.39504,2.32858
-1.4013,2.32453
-1.40756,2.32047
-1.41381,2.31639
-1.42005,2.31231
-1.42629,2.30821
-1.43251,2.3041
-1.43873,2.29998
-1.44494,2.29585
-1.45114,2.29171
-1.45733,2.28756
-1.46352,2.28339
-1.46969,2.27922
-1.47586,2.27503
-1.48202,2.27084
-1.48817,2.26663
-1.49431,2.26241
-1.50045,2.25818
-1.50657,2.25394
-1.51269,2.24969
-1.5188,2.24542
-1.5249,2.24115
-1.53099,2.23687
-1.53708,2.23257
-1.54315,2.22826
-1.54922,2.22395
-1.55528,2.21962
-1.56133,2.21528
-1.56737,2.21093
-1.5734,2.20657
-1.57942,2.2022
-1.58544,2.19782
-1.59145,2.19343
-1.59744,2.18902
-1.60343,2.18461
-1.60941,2.18019
-1.61539,2.17575
-1.62135,2.17131
-1.6273,2.16685
-1.63325,2.16239
-1.63919,2.15791
-1.64511,2.15342
-1.65103,2.14892
-1.65695,2.14442
-1.66285,2.1399
-1.66874,2.13537
-1.67462,2.13083
-1.6805,2.12628
-1.68637,2.12172
-1.69222,2.11715
-1.69807,2.11257
-1.70391,2.10798
-1.70974,2.10338
-1.71557,2.09876
-1.72138,2.09414
-1.72718,2.08951
-1.73298,2.08487
-1.73876,2.08022
-1.74454,2.07555
-1.75031,2.07088
-1.75607,2.0662
-1.76182,2.06151
-1.76756,2.0568
-1.77329,2.05209
-1.77902,2.04737
-1.78473,2.04263
-1.79043,2.03789
-1.79613,2.03314
-1.80182,2.02838
-1.80749,2.0236
-1.81316,2.01882
-1.81882,2.01403
-1.82447,2.00923
-1.83011,2.00441
-1.83574,1.99959
-1.84136,1.99476
-1.84698,1.98992
-1.85258,1.98507
-1.85817,1.98021
-1.86376,1.97534
-1.86933,1.97046
-1.8749,1.96557
-1.88046,1.96067
-1.886,1.95576
-1.89154,1.95084
-1.89707,1.94591
-1.90259,1.94097
-1.9081,1.93603
-1.9136,1.93107
-1.91909,1.9261
-1.92457,1.92113
-1.93005,1.91614
-1.93551,1.91115
-1.94096,1.90614
-1.94641,1.90113
-1.95184,1.89611
-1.95727,1.89107
-1.96268,1.88603
-1.96809,1.88098
-1.97348,1.87592
-1.97887,1.87085
-1.98425,1.86577
-1.98962,1.86068
-1.99497,1.85559
-2.00032,1.85048
-2.00566,1.84537
-2.01099,1.84024
-2.01631,1.83511
-2.02162,1.82996
-2.02692,1.82481
-2.03221,1.81965
-2.03749,1.81448
-2.04276,1.8093
-2.04803,1.80411
-2.05328,1.79892
-2.05852,1.79371
-2.06375,1.7885
-2.06897,1.78327
-2.07419,1.77804
-2.07939,1.7728
-2.08458,1.76755
-2.08977,1.76229
-2.09494,1.75702
-2.1001,1.75174
-2.10526,1.74646
-2.1104,1.74116
-2.11554,1.73586
-2.12066,1.73055
-2.12578,1.72523
-2.13088,1.7199
-2.13597,1.71456
-2.14106,1.70922
-2.14613,1.70386
-2.1512,1.6985
-2.15625,1.69312
-2.1613,1.68774
-2.16634,1.68236
-2.17136,1.67696
-2.17638,1.67155
-2.18138,1.66614
-2.18638,1.66071
-2.19136,1.65528
-2.19634,1.64984
-2.2013,1.64439
-2.20626,1.63894
-2.2112,1.63347
-2.21614,1.628
-2.22106,1.62252
-2.22598,1.61703
-2.23088,1.61153
-2.23578,1.60603
-2.24066,1.60051
-2.24554,1.59499
-2.2504,1.58946
-2.25525,1.58392
-2.2601,1.57837
-2.26493,1.57282
-2.26976,1.56725
-2.27457,1.56168
-2.27937,1.5561
-2.28417,1.55052
-2.28895,1.54492
-2.29372,1.53932
-2.29848,1.53371
-2.30324,1.52809
-2.30798,1.52246
-2.31271,1.51683
-2.31743,1.51119
-2.32214,1.50553
-2.32684,1.49988
-2.33154,1.49421
-2.33622,1.48854
-2.34089,1.48285
-2.34555,1.47717
-2.3502,1.47147
-2.35483,1.46576
-2.35946,1.46005
-2.36408,1.45433
-2.36869,1.4486
-2.37329,1.44287
-2.37788,1.43713
-2.38245,1.43137
-2.38702,1.42562
-2.39158,1.41985
-2.39612,1.41408
-2.40066,1.4083
-2.40518,1.40251
-2.4097,1.39671
-2.4142,1.39091
-2.41869,1.3851
-2.42318,1.37928
-2.42765,1.37346
-2.43211,1.36763
-2.43656,1.36179
-2.44101,1.35594
-2.44544,1.35008
-2.44986,1.34422
-2.45427,1.33835
-2.45867,1.33248
-2.46306,1.3266
-2.46743,1.3207
-2.4718,1.31481
-2.47616,1.3089
-2.48051,1.30299
-2.48484,1.29707
-2.48917,1.29115
-2.49348,1.28521
-2.49779,1.27927
-2.50208,1.27333
-2.50636,1.26737
-2.51064,1.26141
-2.5149,1.25544
-2.51915,1.24947
-2.52339,1.24349
-2.52762,1.2375
-2.53184,1.2315
-2.53605,1.2255
-2.54025,1.21949
-2.54444,1.21348
-2.54861,1.20745
-2.55278,1.20142
-2.55693,1.19539
-2.56108,1.18934
-2.56521,1.18329
-2.56934,1.17724
-2.57345,1.17117
-2.57755,1.1651
-2.58164,1.15903
-2.58572,1.15295
-2.58979,1.14686
-2.59385,1.14076
-2.5979,1.13466
-2.60194,1.12855
-2.60596,1.12243
-2.60998,1.11631
-2.61399,1.11018
-2.61798,1.10405
-2.62196,1.09791
-2.62594,1.09176
-2.6299,1.0856
-2.63385,1.07944
-2.63779,1.07328
-2.64172,1.0671
-2.64564,1.06093
-2.64955,1.05474
-2.65345,1.04855
-2.65733,1.04235
-2.66121,1.03615
-2.66507,1.02994
-2.66893,1.02372
-2.67277,1.0175
-2.6766,1.01127
-2.68042,1.00503
-2.68423,0.998791
-2.68803,0.992544
-2.69182,0.986291
-2.6956,0.980031
-2.69937,0.973766
-2.70312,0.967495
-2.70687,0.961218
-2.7106,0.954935
-2.71432,0.948646
-2.71804,0.942351
-2.72174,0.93605
-2.72543,0.929743
-2.72911,0.923431
-2.73278,0.917113
-2.73643,0.910789
-2.74008,0.904459
-2.74372,0.898123
-2.74734,0.891782
-2.75096,0.885435
-2.75456,0.879082
-2.75815,0.872723
-2.76173,0.866359
-2.7653,0.859989
-2.76886,0.853614
-2.77241,0.847233
-2.77594,0.840847
-2.77947,0.834454
-2.78298,0.828057
-2.78649,0.821654
-2.78998,0.815245
-2.79346,0.808831
-2.79693,0.802411
-2.80039,0.795986
-2.80384,0.789556
-2.80728,0.78312
-2.81071,0.776679
-2.81412,0.770232
-2.81753,0.76378
-2.82092,0.757323
-2.8243,0.750861
-2.82767,0.744393
-2.83103,0.73792
-2.83438,0.731442
-2.83772,0.724958
-2.84105,0.71847
-2.84436,0.711976
-2.84767,0.705477
-2.85096,0.698973
-2.85425,0.692463
-2.85752,0.685949
-2.86078,0.67943
-2.86403,0.672905
-2.86726,0.666376
-2.87049,0.659841
-2.87371,0.653302
-2.87691,0.646757
-2.88011,0.640208
-2.88329,0.633653
-2.88646,0.627094
-2.88962,0.62053
-2.89277,0.613961
-2.89591,0.607387
-2.89903,0.600808
-2.90215,0.594224
-2.90525,0.587636
-2.90835,0.581043
-2.91143,0.574445
-2.9145,0.567842
-2.91756,0.561235
-2.92061,0.554623
-2.92365,0.548006
-2.92667,0.541385
-2.92969,0.534759
-2.93269,0.528128
-2.93569,0.521493
-2.93867,0.514853
-2.94164,0.508209
-2.9446,0.50156
-2.94755,0.494906
-2.95048,0.488248
-2.95341,0.481586
-2.95632,0.474919
-2.95923,0.468248
-2.96212,0.461572
-2.965,0.454892
-2.96787,0.448207
-2.97073,0.441518
-2.97357,0.434825
-2.97641,0.428127
-2.97923,0.421425
-2.98205,0.414719
-2.98485,0.408009
-2.98764,0.401294
-2.99042,0.394575
-2.99319,0.387852
-2.99595,0.381125
-2.99869,0.374393
-3.00143,0.367658
-3.00415,0.360918
-3.00686,0.354174
-3.00956,0.347426
-3.01225,0.340674
-3.01493,0.333918
-3.0176,0.327158
-3.02026,0.320393
-3.0229,0.313625
-3.02553,0.306853
-3.02816,0.300077
-3.03077,0.293297
-3.03337,0.286513
-3.03595,0.279725
-3.03853,0.272933
-3.0411,0.266138
-3.04365,0.259338
-3.0462,0.252535
-3.04873,0.245728
-3.05125,0.238917
-3.05376,0.232103
-3.05626,0.225284
-3.05874,0.218462
-3.06122,0.211636
-3.06368,0.204807
-3.06614,0.197974
-3.06858,0.191137
-3.07101,0.184297
-3.07343,0.177453
-3.07583,0.170605
-3.07823,0.163754
-3.08062,0.156899
-3.08299,0.150041
-3.08535,0.143179
-3.0877,0.136313
-3.09004,0.129445
-3.09237,0.122572
-3.09469,0.115697
-3.097,0.108818
-3.09929,0.101935
-3.10157,0.0950491
-3.10385,0.0881599
-3.10611,0.0812672
-3.10836,0.0743713
-3.11059,0.067472
-3.11282,0.0605694
-3.11504,0.0536636
-3.11724,0.0467545
-3.11943,0.0398422
-3.12161,0.0329267
-3.12378,0.0260079
-3.12594,0.019086
-3.12809,0.012161
-3.13023,0.00523276
-3.13235,-0.00169858
-3.13447,-0.00863301
-3.13657,-0.0155705
-3.13866,-0.0225111
-3.14074,-0.0294548
-3.14281,-0.0364014
-3.14486,-0.0433511
-3.14691,-0.0503038
-3.14894,-0.0572594
-3.15097,-0.064218
-3.15298,-0.0711795
-3.15498,-0.078144
-3.15697,-0.0851113
-3.15894,-0.0920815
-3.16091,-0.0990546
-3.16287,-0.106031
-3.16481,-0.113009
-3.16674,-0.119991
-3.16866,-0.126975
-3.17057,-0.133962
-3.17247,-0.140952
-3.17436,-0.147945
-3.17623,-0.15494
-3.1781,-0.161938
-3.17995,-0.168939
-3.18179,-0.175942
-3.18362,-0.182948
-3.18544,-0.189957
-3.18725,-0.196968
-3.18904,-0.203982
-3.19083,-0.210998
-3.1926,-0.218017
-3.19436,-0.225039
-3.19612,-0.232062
-3.19785,-0.239089
-3.19958,-0.246118
-3.2013,-0.253149
-3.20301,-0.260183
-3.2047,-0.267219
-3.20638,-0.274258
-3.20805,-0.281299
-3.20971,-0.288342
-3.21136,-0.295388
-3.213,-0.302436
-3.21463,-0.309487
-3.21624,-0.316539
-3.21784,-0.323594
-3.21944,-0.330652
-3.22102,-0.337711
-3.22259,-0.344773
-3.22415,-0.351837
-3.22569,-0.358903
-3.22723,-0.365971
-3.22875,-0.373041
-3.23026,-0.380114
-3.23177,-0.387188
-3.23326,-0.394265
-3.23474,-0.401344
-3.2362,-0.408425
-3.23766,-0.415508
-3.2391,-0.422593
-3.24054,-0.42968
-3.24196,-0.436769
-3.24337,-0.44386
-3.24477,-0.450952
-3.24616,-0.458047
-3.24754,-0.465144
-3.2489,-0.472243
-3.25026,-0.479343
-3.2516,-0.486445
-3.25293,-0.49355
-3.25425,-0.500656
-3.25556,-0.507763
-3.25686,-0.514873
-3.25814,-0.521985
-3.25942,-0.529098
-3.26068,-0.536213
-3.26194,-0.543329
-3.26318,-0.550448
-3.26441,-0.557568
-3.26563,-0.564689
-3.26683,-0.571813
-3.26803,-0.578938
-3.26921,-0.586064
-3.27039,-0.593192
-3.27155,-0.600322
-3.2727,-0.607454
-3.27384,-0.614587
-3.27497,-0.621721
-3.27608,-0.628857
-3.27719,-0.635994
-3.27828,-0.643133
-3.27937,-0.650274
-3.28044,-0.657415
-3.2815,-0.664559
-3.28255,-0.671703
-3.28359,-0.678849
-3.28461,-0.685997
-3.28563,-0.693146
-3.28663,-0.700296
-3.28763,-0.707447
-3.28861,-0.7146
-3.28958,-0.721754
-3.29054,-0.728909
-3.29148,-0.736066
-3.29242,-0.743223
-3.29335,-0.750382
-3.29426,-0.757543
-3.29516,-0.764704
-3.29605,-0.771866
-3.29693,-0.77903
-3.2978,-0.786195
-3.29866,-0.793361
-3.29951,-0.800528
-3.30034,-0.807696
-3.30117,-0.814865
-3.30198,-0.822035
-3.30278,-0.829207
-3.30357,-0.836379
-3.30435,-0.843552
-3.30512,-0.850726
-3.30587,-0.857901
-3.30662,-0.865078
-3.30735,-0.872255
-3.30808,-0.879433
-3.30879,-0.886611
-3.30949,-0.893791
-3.31018,-0.900972
-3.31085,-0.908153
-3.31152,-0.915335
-3.31218,-0.922518
-3.31282,-0.929702
-3.31345,-0.936887
-3.31408,-0.944072
-3.31469,-0.951258
-3.31529,-0.958445
-3.31587,-0.965633
-3.31645,-0.972821
-3.31702,-0.98001
-3.31757,-0.987199
-3.31811,-0.99439
-3.31865,-1.00158
-3.31917,-1.00877
-3.31968,-1.01596
-3.32018,-1.02316
-3.32066,-1.03035
-3.32114,-1.03754
-3.3216,-1.04474
-3.32206,-1.05193
-3.3225,-1.05913
-3.32293,-1.06632
-3.32335,-1.07352
-3.32376,-1.08072
-3.32416,-1.08791
-3.32455,-1.09511
-3.32492,-1.10231
-3.32529,-1.10951
-3.32564,-1.1167
-3.32598,-1.1239
-3.32632,-1.1311
-3.32664,-1.1383
-3.32694,-1.1455
-3.32724,-1.1527
-3.32753,-1.1599
-3.3278,-1.1671
-3.32807,-1.1743
-3.32832,-1.1815
-3.32856,-1.18871
-3.3288,-1.19591
-3.32902,-1.20311
-3.32922,-1.21031
-3.32942,-1.21751
-3.32961,-1.22471
-3.32978,-1.23192
-3.32995,-1.23912
-3.3301,-1.24632
-3.33024,-1.25352
-3.33038,-1.26072
-3.3305,-1.26793
-3.3306,-1.27513
-3.3307,-1.28233
-3.33079,-1.28953
-3.33086,-1.29674
-3.33093,-1.30394
-3.33098,-1.31114
-3.33103,-1.31834
-3.33106,-1.32554
-3.33108,-1.33274
-3.33109,-1.33995
-3.33109,-1.34715
-3.33107,-1.35435
-3.33105,-1.36155
-3.33101,-1.36875
-3.33097,-1.37595
-3.33091,-1.38315
-3.33084,-1.39035
-3.33076,-1.39755
-3.33067,-1.40475
-3.33057,-1.41195
-3.33046,-1.41915
-3.33034,-1.42635
-3.33021,-1.43354
-3.33006,-1.44074
-3.3299,-1.44794
-3.32974,-1.45514
-3.32956,-1.46233
-3.32937,-1.46953
-3.32917,-1.47672
-3.32896,-1.48392
-3.32874,-1.49111
-3.3285,-1.49831
-3.32826,-1.5055
-3.32801,-1.51269
-3.32774,-1.51989
-3.32746,-1.52708
-3.32718,-1.53427
-3.32688,-1.54146
-3.32657,-1.54865
-3.32625,-1.55584
-3.32592,-1.56303
-3.32557,-1.57022
-3.32522,-1.57741
-3.32486,-1.58459
-3.32448,-1.59178
-3.32409,-1.59896
-3.3237,-1.60615
-3.32329,-1.61333
-3.32287,-1.62052
-3.32244,-1.6277
-3.322,-1.63488
-3.32155,-1.64206
-3.32109,-1.64924
-3.32061,-1.65642
-3.32013,-1.6636
-3.31963,-1.67078
-3.31913,-1.67795
-3.31861,-1.68513
-3.31808,-1.6923
-3.31754,-1.69948
-3.31699,-1.70665
-3.31643,-1.71382
-3.31586,-1.72099
-3.31528,-1.72816
-3.31469,-1.73533
-3.31408,-1.7425
-3.31347,-1.74967
-3.31284,-1.75683
-3.31221,-1.764
-3.31156,-1.77116
-3.3109,-1.77832
-3.31023,-1.78548
-3.30955,-1.79264
-3.30886,-1.7998
-3.30816,-1.80696
-3.30745,-1.81412
-3.30673,-1.82127
-3.306,-1.82843
-3.30525,-1.83558
-3.3045,-1.84273
-3.30373,-1.84988
-3.30295,-1.85703
-3.30217,-1.86418
-3.30137,-1.87133
-3.30056,-1.87847
-3.29974,-1.88562
-3.29891,-1.89276
-3.29807,-1.8999
-3.29722,-1.90704
-3.29635,-1.91418
-3.29548,-1.92132
-3.2946,-1.92845
-3.2937,-1.93559
-3.2928,-1.94272
-3.29188,-1.94985
-3.29095,-1.95698
-3.29002,-1.96411
-3.28907,-1.97124
-3.28811,-1.97836
-3.28714,-1.98548
-3.28616,-1.99261
-3.28517,-1.99973
-3.28417,-2.00685
-3.28315,-2.01396
-3.28213,-2.02108
-3.2811,-2.02819
-3.28005,-2.03531
-3.279,-2.04242
-3.27793,-2.04953
-3.27686,-2.05664
-3.27577,-2.06374
-3.27467,-2.07085
-3.27356,-2.07795
-3.27245,-2.08505
-3.27132,-2.09215
-3.27018,-2.09925
-3.26903,-2.10634
-3.26787,-2.11343
-3.26669,-2.12053
-3.26551,-2.12762
-3.26432,-2.1347
-3.26311,-2.14179
-3.2619,-2.14887
-3.26068,-2.15596
-3.25944,-2.16304
-3.2582,-2.17012
-3.25694,-2.17719
-3.25567,-2.18427
-3.2544,-2.19134
-3.25311,-2.19841
-3.25181,-2.20548
-3.2505,-2.21255
-3.24918,-2.21961
-3.24785,-2.22667
-3.24651,-2.23374
-3.24516,-2.24079
-3.2438,-2.24785
-3.24243,-2.2549
-3.24104,-2.26196
-3.23965,-2.26901
-3.23825,-2.27606
-3.23683,-2.2831
-3.23541,-2.29015
-3.23397,-2.29719
-3.23253,-2.30423
-3.23107,-2.31126
-3.22961,-2.3183
-3.22813,-2.32533
-3.22664,-2.33236
-3.22514,-2.33939
-3.22364,-2.34642
-3.22212,-2.35344
-3.22059,-2.36046
-3.21905,-2.36748
-3.2175,-2.3745
-3.21594,-2.38151
-3.21437,-2.38852
-3.21279,-2.39553
-3.2112,-2.40254
-3.2096,-2.40954
-3.20799,-2.41655
-3.20636,-2.42355
-3.20473,-2.43054
-3.20309,-2.43754
-3.20143,-2.44453
-3.19977,-2.45152
-3.1981,-2.45851
-3.19641,-2.46549
-3.19472,-2.47248
-3.19301,-2.47946
-3.1913,-2.48643
-3.18957,-2.49341
-3.18784,-2.50038
-3.18609,-2.50735
-3.18433,-2.51432
-3.18257,-2.52128
-3.18079,-2.52824
-3.179,-2.5352
-3.17721,-2.54216
-3.1754,-2.54911
-3.17358,-2.55606
-3.17175,-2.56301
-3.16991,-2.56996
-3.16806,-2.5769
-3.1662,-2.58384
-3.16434,-2.59078
-3.16246,-2.59771
-3.16057,-2.60464
-3.15867,-2.61157
-3.15676,-2.6185
-3.15484,-2.62542
-3.15291,-2.63234
-3.15097,-2.63926
-3.14901,-2.64617
-3.14705,-2.65308
-3.14508,-2.65999
-3.1431,-2.6669
-3.14111,-2.6738
-3.13911,-2.6807
-3.1371,-2.6876
-3.13507,-2.69449
-3.13304,-2.70138
-3.131,-2.70827
-3.12895,-2.71516
-3.12688,-2.72204
-3.12481,-2.72892
-3.12273,-2.73579
-3.12064,-2.74267
-3.11853,-2.74954
-3.11642,-2.7564
-3.1143,-2.76327
-3.11217,-2.77013
-3.11002,-2.77698
-3.10787,-2.78384
-3.10571,-2.79069
-3.10353,-2.79754
-3.10135,-2.80438
-3.09916,-2.81122
-3.09695,-2.81806
-3.09474,-2.8249
-3.09252,-2.83173
-3.09028,-2.83856
-3.08804,-2.84538
-3.08579,-2.8522
-3.08352,-2.85902
-3.08125,-2.86584
-3.07897,-2.87265
-3.07667,-2.87946
-3.07437,-2.88626
-3.07206,-2.89306
-3.06973,-2.89986
-3.0674,-2.90666
-3.06506,-2.91345
-3.06271,-2.92024
-3.06034,-2.92702
-3.05797,-2.9338
-3.05559,-2.94058
-3.05319,-2.94736
-3.05079,-2.95413
-3.04838,-2.9609
-3.04596,-2.96766
-3.04353,-2.97442
-3.04108,-2.98118
-3.03863,-2.98793
-3.03617,-2.99468
-3.0337,-3.00143
-3.03122,-3.00817
-3.02873,-3.01491
-3.02622,-3.02164
-3.02371,-3.02838
-3.02119,-3.0351
-3.01866,-3.04183
-3.01612,-3.04855
-3.01357,-3.05527
-3.01101,-3.06198
-3.00844,-3.06869
-3.00586,-3.0754
-3.00327,-3.0821
-3.00068,-3.0888
-2.99807,-3.09549
-2.99545,-3.10218
-2.99282,-3.10887
-2.99018,-3.11555
-2.98753,-3.12223
-2.98488,-3.12891
-2.98221,-3.13558
-2.97953,-3.14225
-2.97685,-3.14891
-2.97415,-3.15558
-2.97144,-3.16223
-2.96873,-3.16888
-2.966,-3.17553
-2.96327,-3.18218
-2.96052,-3.18882
-2.95777,-3.19546
-2.95501,-3.20209
-2.95223,-3.20872
-2.94945,-3.21534
-2.94666,-3.22197
-2.94385,-3.22858
-2.94104,-3.2352
-2.93822,-3.2418
-2.93539,-3.24841
-2.93255,-3.25501
-2.9297,-3.26161
-2.92684,-3.2682
-2.92397,-3.27479
-2.92109,-3.28137
-2.9182,-3.28795
-2.9153,-3.29453
-2.91239,-3.3011
-2.90948,-3.30767
-2.90655,-3.31423
-2.90361,-3.32079
-2.90067,-3.32735
-2.89771,-3.3339
-2.89475,-3.34045
-2.89177,-3.34699
-2.88879,-3.35353
-2.8858,-3.36006
-2.88279,-3.36659
-2.87978,-3.37312
-2.87676,-3.37964
-2.87373,-3.38616
-2.87069,-3.39267
-2.86764,-3.39918
-2.86458,-3.40568
-2.86151,-3.41218
-2.85843,-3.41868
-2.85534,-3.42517
-2.85224,-3.43166
-2.84914,-3.43814
-2.84602,-3.44462
-2.8429,-3.45109
-2.83976,-3.45756
-2.83662,-3.46402
-2.83346,-3.47048
-2.8303,-3.47694
-2.82713,-3.48339
-2.82395,-3.48984
-2.82076,-3.49628
-2.81756,-3.50272
-2.81435,-3.50915
-2.81113,-3.51558
-2.8079,-3.522
-2.80466,-3.52842
-2.80142,-3.53484
-2.79816,-3.54125
-2.7949,-3.54765
-2.79162,-3.55405
-2.78834,-3.56045
-2.78505,-3.56684
-2.78174,-3.57323
-2.77843,-3.57961
-2.77511,-3.58599
-2.77178,-3.59236
-2.76844,-3.59873
-2.7651,-3.60509
-2.76174,-3.61145
-2.75837,-3.6178
-2.755,-3.62415
-2.75161,-3.6305
-2.74822,-3.63684
-2.74482,-3.64317
-2.7414,-3.6495
-2.73798,-3.65583
-2.73455,-3.66215
-2.73111,-3.66846
-2.72766,-3.67477
-2.7242,-3.68108
-2.72074,-3.68738
-2.71726,-3.69368
-2.71378,-3.69997
-2.71028,-3.70625
-2.70678,-3.71254
-2.70327,-3.71881
-2.69974,-3.72508
-2.69621,-3.73135
-2.69267,-3.73761
-2.68913,-3.74387
-2.68557,-3.75012
-2.682,-3.75637
-2.67843,-3.76261
-2.67484,-3.76884
-2.67125,-3.77508
-2.66765,-3.7813
-2.66403,-3.78752
-2.66041,-3.79374
-2.65678,-3.79995
-2.65315,-3.80616
-2.6495,-3.81236
-2.64584,-3.81855
-2.64218,-3.82474
-2.6385,-3.83093
-2.63482,-3.83711
-2.63113,-3.84329
-2.62743,-3.84946
-2.62372,-3.85562
-2.62,-3.86178
-2.61627,-3.86793
-2.61254,-3.87408
-2.60879,-3.88023
-2.60504,-3.88637
-2.60127,-3.8925
-2.5975,-3.89863
-2.59372,-3.90475
-2.58993,-3.91087
-2.58613,-3.91698
-2.58233,-3.92309
-2.57851,-3.92919
-2.57469,-3.93528
-2.57085,-3.94138
-2.56701,-3.94746
-2.56316,-3.95354
-2.5593,-3.95962
-2.55543,-3.96569
-2.55156,-3.97175
-2.54767,-3.97781
-2.54377,-3.98386
-2.53987,-3.98991
-2.53596,-3.99595
-2.53204,-4.00199
-2.52811,-4.00802
-2.52417,-4.01405
-2.52023,-4.02007
-2.51627,-4.02608
-2.51231,-4.03209
-2.50833,-4.03809
-2.50435,-4.04409
-2.50036,-4.05008
-2.49636,-4.05607
-2.49236,-4.06205
-2.48834,-4.06803
-2.48432,-4.074
-2.48028,-4.07996
-2.47624,-4.08592
-2.47219,-4.09188
-2.46813,-4.09782
-2.46407,-4.10377
-2.45999,-4.1097
-2.45591,-4.11563
-2.45181,-4.12156
-2.44771,-4.12748
-2.4436,-4.13339
-2.43948,-4.1393
-2.43536,-4.1452
-2.43122,-4.1511
-2.42708,-4.15699
-2.42293,-4.16287
-2.41877,-4.16875
-2.4146,-4.17463
-2.41042,-4.18049
-2.40623,-4.18635
-2.40204,-4.19221
-2.39784,-4.19806
-2.39362,-4.2039
-2.3894,-4.20974
-2.38518,-4.21558
-2.38094,-4.2214
-2.37669,-4.22722
-2.37244,-4.23304
-2.36818,-4.23885
-2.36391,-4.24465
-2.35963,-4.25045
-2.35535,-4.25624
-2.35105,-4.26202
-2.34675,-4.2678
-2.34244,-4.27358
-2.33812,-4.27934
-2.33379,-4.2851
-2.32945,-4.29086
-2.32511,-4.29661
-2.32075,-4.30235
-2.31639,-4.30809
-2.31202,-4.31382
-2.30764,-4.31954
-2.30326,-4.32526
-2.29886,-4.33098
-2.29446,-4.33668
-2.29005,-4.34238
-2.28563,-4.34808
-2.28121,-4.35377
-2.27677,-4.35945
-2.27233,-4.36513
-2.26788,-4.3708
-2.26342,-4.37646
-2.25895,-4.38212
-2.25447,-4.38777
-2.24999,-4.39341
-2.2455,-4.39905
-2.241,-4.40469
-2.23649,-4.41031
-2.23197,-4.41593
-2.22745,-4.42155
-2.22291,-4.42715
-2.21837,-4.43276
-2.21383,-4.43835
-2.20927,-4.44394
-2.2047,-4.44952
-2.20013,-4.4551
-2.19555,-4.46067
-2.19096,-4.46623
-2.18636,-4.47179
-2.18176,-4.47734
-2.17715,-4.48289
-2.17253,-4.48842
-2.1679,-4.49396
-2.16326,-4.49948
-2.15862,-4.505
-2.15396,-4.51051
-2.1493,-4.51602
-2.14463,-4.52152
-2.13996,-4.52701
-2.13527,-4.5325
-2.13058,-4.53798
-2.12588,-4.54345
-2.12117,-4.54892
-2.11646,-4.55438
-2.11173,-4.55983
-2.107,-4.56528
-2.10226,-4.57072
-2.09752,-4.57616
-2.09276,-4.58159
-2.088,-4.58701
-2.08323,-4.59242
-2.07845,-4.59783
-2.07366,-4.60323
-2.06887,-4.60863
-2.06407,-4.61402
-2.05926,-4.6194
-2.05444,-4.62477
-2.04962,-4.63014
-2.04478,-4.6355
-2.03994,-4.64086
-2.03509,-4.64621
-2.03024,-4.65155
-2.02537,-4.65689
-2.0205,-4.66221
-2.01562,-4.66754
-2.01074,-4.67285
-2.00584,-4.67816
-2.00094,-4.68346
-1.99603,-4.68876
-1.99112,-4.69404
-1.98619,-4.69933
-1.98126,-4.7046
-1.97632,-4.70987
-1.97137,-4.71513
-1.96642,-4.72038
-1.96145,-4.72563
-1.95648,-4.73087
-1.9515,-4.7361
-1.94652,-4.74133
-1.94153,-4.74655
-1.93653,-4.75176
-1.93152,-4.75697
-1.9265,-4.76217
-1.92148,-4.76736
-1.91645,-4.77255
-1.91141,-4.77772
-1.90637,-4.78289
-1.90131,-4.78806
-1.89625,-4.79322
-1.89119,-4.79837
-1.88611,-4.80351
-1.88103,-4.80865
-1.87594,-4.81378
-1.87084,-4.8189
-1.86574,-4.82401
-1.86062,-4.82912
-1.8555,-4.83422
-1.85038,-4.83932
-1.84524,-4.84441
-1.8401,-4.84949
-1.83495,-4.85456
-1.8298,-4.85963
-1.82463,-4.86468
-1.81946,-4.86974
-1.81428,-4.87478
-1.8091,-4.87982
-1.80391,-4.88485
-1.79871,-4.88987
-1.7935,-4.89489
-1.78828,-4.8999
-1.78306,-4.9049
-1.77783,-4.90989
-1.7726,-4.91488
-1.76735,-4.91986
-1.7621,-4.92484
-1.75685,-4.9298
-1.75158,-4.93476
-1.74631,-4.93971
-1.74103,-4.94466
-1.73574,-4.94959
-1.73045,-4.95452
-1.72515,-4.95944
-1.71984,-4.96436
-1.71453,-4.96927
-1.7092,-4.97417
-1.70387,-4.97906
-1.69854,-4.98395
-1.69319,-4.98882
-1.68784,-4.99369
-1.68249,-4.99856
-1.67712,-5.00341
-1.67175,-5.00826
-1.66637,-5.0131
-1.66099,-5.01794
-1.65559,-5.02277
-1.6502,-5.02758
-1.64479,-5.0324
-1.63938,-5.0372
-1.63395,-5.042
-1.62853,-5.04679
-1.62309,-5.05157
-1.61765,-5.05634
-1.6122,-5.06111
-1.60675,-5.06587
-1.60129,-5.07062
-1.59582,-5.07537
-1.59034,-5.0801
-1.58486,-5.08483
-1.57937,-5.08956
-1.57387,-5.09427
-1.56837,-5.09898
-1.56286,-5.10368
-1.55734,-5.10837
-1.55182,-5.11305
-1.54629,-5.11773
-1.54075,-5.1224
-1.53521,-5.12706
-1.52966,-5.13171
-1.5241,-5.13636
-1.51853,-5.141
-1.51296,-5.14563
-1.50739,-5.15025
-1.5018,-5.15487
-1.49621,-5.15947
-1.49061,-5.16407
-1.48501,-5.16867
-1.4794,-5.17325
-1.47378,-5.17783
-1.46815,-5.1824
-1.46252,-5.18696
-1.45688,-5.19151
-1.45124,-5.19606
-1.44559,-5.2006
-1.43993,-5.20513
-1.43427,-5.20965
-1.42859,-5.21416
-1.42292,-5.21867
-1.41723,-5.22317
-1.41154,-5.22766
-1.40584,-5.23215
-1.40014,-5.23662
-1.39443,-5.24109
-1.38871,-5.24555
-1.38299,-5.25
-1.37726,-5.25445
-1.37152,-5.25888
-1.36578,-5.26331
-1.36003,-5.26773
-1.35428,-5.27214
-1.34851,-5.27655
-1.34275,-5.28095
-1.33697,-5.28534
-1.33119,-5.28972
-1.3254,-5.29409
-1.31961,-5.29845
-1.31381,-5.30281
-1.308,-5.30716
-1.30219,-5.3115
-1.29637,-5.31584
-1.29054,-5.32016
-1.28471,-5.32448
-1.27887,-5.32879
-1.27302,-5.33309
-1.26717,-5.33738
-1.26132,-5.34167
-1.25545,-5.34594
-1.24958,-5.35021
-1.2437,-5.35447
-1.23782,-5.35873
-1.23193,-5.36297
-1.22604,-5.36721
-1.22014,-5.37144
-1.21423,-5.37566
-1.20832,-5.37987
-1.2024,-5.38407
-1.19647,-5.38827
-1.19054,-5.39246
-1.1846,-5.39664
-1.17865,-5.40081
-1.1727,-5.40497
-1.16675,-5.40912
-1.16078,-5.41327
-1.15482,-5.41741
-1.14884,-5.42154
-1.14286,-5.42566
-1.13687,-5.42978
-1.13088,-5.43388
-1.12488,-5.43798
-1.11887,-5.44207
-1.11286,-5.44615
-1.10685,-5.45022
-1.10082,-5.45429
-1.09479,-5.45834
-1.08876,-5.46239
-1.08272,-5.46643
-1.07667,-5.47046
-1.07062,-5.47448
-1.06456,-5.4785
-1.05849,-5.48251
-1.05242,-5.4865
-1.04634,-5.49049
-1.04026,-5.49447
-1.03417,-5.49845
-1.02808,-5.50241
-1.02198,-5.50637
-1.01587,-5.51031
-1.00976,-5.51425
-1.00364,-5.51818
-0.997518,-5.52211
-0.991389,-5.52602
-0.985254,-5.52992
-0.979113,-5.53382
-0.972966,-5.53771
-0.966813,-5.54159
-0.960655,-5.54546
-0.954491,-5.54932
-0.948321,-5.55318
-0.942146,-5.55702
-0.935965,-5.56086
-0.929778,-5.56469
-0.923585,-5.56851
-0.917387,-5.57232
-0.911183,-5.57613
-0.904974,-5.57992
-0.898759,-5.58371
-0.892538,-5.58749
-0.886312,-5.59125
-0.88008,-5.59502
-0.873842,-5.59877
-0.867599,-5.60251
-0.86135,-5.60624
-0.855096,-5.60997
-0.848836,-5.61369
-0.842571,-5.6174
-0.8363,-5.6211
-0.830023,-5.62479
-0.823742,-5.62847
-0.817454,-5.63215
-0.811161,-5.63581
-0.804863,-5.63947
-0.798559,-5.64312
-0.79225,-5.64675
-0.785935,-5.65039
-0.779615,-5.65401
-0.77329,-5.65762
-0.766959,-5.66123
-0.760623,-5.66482
-0.754281,-5.66841
-0.747934,-5.67199
-0.741581,-5.67556
-0.735224,-5.67912
-0.728861,-5.68267
-0.722492,-5.68621
-0.716119,-5.68975
-0.70974,-5.69327
-0.703355,-5.69679
-0.696966,-5.7003
-0.690571,-5.70379
-0.684171,-5.70728
-0.677766,-5.71077
-0.671355,-5.71424
-0.664939,-5.7177
-0.658519,-5.72116
-0.652092,-5.7246
-0.645661,-5.72804
-0.639225,-5.73147
-0.632783,-5.73489
-0.626336,-5.7383
-0.619884,-5.7417
-0.613427,-5.74509
-0.606965,-5.74847
-0.600498,-5.75185
-0.594025,-5.75521
-0.587548,-5.75857
-0.581066,-5.76192
-0.574578,-5.76526
-0.568085,-5.76859
-0.561588,-5.77191
-0.555085,-5.77522
-0.548578,-5.77852
-0.542065,-5.78182
-0.535547,-5.7851
-0.529025,-5.78838
-0.522497,-5.79164
-0.515965,-5.7949
-0.509427,-5.79815
-0.502885,-5.80139
-0.496338,-5.80462
-0.489785,-5.80784
-0.483228,-5.81105
-0.476666,-5.81425
-0.4701,-5.81745
-0.463528,-5.82063
-0.456951,-5.82381
-0.45037,-5.82698
-0.443784,-5.83013
-0.437193,-5.83328
-0.430597,-5.83642
-0.423997,-5.83955
-0.417391,-5.84267
-0.410781,-5.84578
-0.404167,-5.84889
-0.397547,-5.85198
-0.390923,-5.85506
-0.384294,-5.85814
-0.37766,-5.86121
-0.371022,-5.86426
-0.364379,-5.86731
-0.357731,-5.87035
-0.351079,-5.87338
-0.344422,-5.8764
-0.33776,-5.87941
-0.331094,-5.88241
-0.324423,-5.8854
-0.317748,-5.88838
-0.311068,-5.89136
-0.304383,-5.89432
-0.297694,-5.89728
-0.291,-5.90022
-0.284302,-5.90316
-0.277599,-5.90608
-0.270892,-5.909
-0.26418,-5.91191
-0.257464,-5.91481
-0.250744,-5.9177
-0.244019,-5.92058
-0.237289,-5.92345
-0.230555,-5.92631
-0.223817,-5.92916
-0.217074,-5.93201
-0.210327,-5.93484
-0.203575,-5.93766
-0.196819,-5.94048
-0.190059,-5.94328
-0.183294,-5.94608
-0.176525,-5.94887
-0.169752,-5.95164
-0.162974,-5.95441
-0.156192,-5.95717
-0.149406,-5.95992
-0.142615,-5.96265
-0.135821,-5.96538
-0.129022,-5.9681
-0.122218,-5.97082
-0.115411,-5.97352
-0.108599,-5.97621
-0.101783,-5.97889
-0.0949634,-5.98156
-0.0881392,-5.98423
-0.0813108,-5.98688
-0.0744783,-5.98952
-0.0676416,-5.99216
-0.0608008,-5.99478
-0.0539559,-5.9974
-0.0471069,-6
-0.0402538,-6.0026
-0.0333967,-6.00519
-0.0265355,-6.00777
-0.0196702,-6.01033
-0.0128009,-6.01289
-0.00592758,-6.01544
0.000949744,-6.01798
0.00783107,-6.02051
0.0147164,-6.02303
0.0216057,-6.02554
0.0284989,-6.02804
0.0353961,-6.03053
0.0422972,-6.03301
0.0492023,-6.03548
0.0561112,-6.03794
0.0630241,-6.04039
0.0699408,-6.04284
0.0768614,-6.04527
0.0837859,-6.04769
0.0907142,-6.0501
0.0976463,-6.05251
0.104582,-6.0549
0.111522,-6.05729
0.118466,-6.05966
0.125413,-6.06203
0.132364,-6.06438
0.139319,-6.06673
0.146278,-6.06906
0.15324,-6.07139
0.160206,-6.0737
0.167176,-6.07601
0.174149,-6.07831
0.181126,-6.08059
0.188107,-6.08287
0.195091,-6.08514
0.20208,-6.08739
0.209071,-6.08964
0.216067,-6.09188
0.223065,-6.09411
0.230068,-6.09632
0.237074,-6.09853
0.244084,-6.10073
0.251097,-6.10292
0.258114,-6.1051
0.265134,-6.10727
0.272158,-6.10942
0.279185,-6.11157
0.286216,-6.11371
0.29325,-6.11584
0.300288,-6.11796
0.307329,-6.12007
0.314373,-6.12217
0.321421,-6.12426
0.328473,-6.12634
0.335527,-6.12841
0.342585,-6.13047
0.349647,-6.13252
0.356712,-6.13456
0.36378,-6.13659
0.370852,-6.13861
0.377926,-6.14062
0.385004,-6.14262
0.392086,-6.14461
0.399171,-6.14659
0.406259,-6.14856
0.41335,-6.15052
0.420444,-6.15247
0.427542,-6.15441
0.434643,-6.15634
0.441747,-6.15826
0.448854,-6.16017
0.455964,-6.16207
0.463078,-6.16396
0.470195,-6.16584
0.477314,-6.16771
0.484437,-6.16957
0.491563,-6.17142
0.498692,-6.17326
0.505825,-6.17509
0.51296,-6.1769
0.520098,-6.17871
0.527239,-6.18051
0.534384,-6.1823
0.541531,-6.18408
0.548681,-6.18585
0.555835,-6.18761
0.562991,-6.18936
0.57015,-6.1911
0.577312,-6.19282
0.584477,-6.19454
0.591645,-6.19625
0.598816,-6.19795
0.60599,-6.19964
0.613167,-6.20131
0.620346,-6.20298
0.627528,-6.20464
0.634714,-6.20629
0.641902,-6.20792
0.649092,-6.20955
0.656286,-6.21117
0.663482,-6.21277
0.670681,-6.21437
0.677883,-6.21595
0.685088,-6.21753
0.692295,-6.2191
0.699505,-6.22065
0.706718,-6.2222
0.713933,-6.22373
0.721151,-6.22525
0.728372,-6.22677
0.735595,-6.22827
0.742821,-6.22977
0.75005,-6.23125
0.757281,-6.23272
0.764515,-6.23418
0.771751,-6.23564
0.77899,-6.23708
0.786231,-6.23851
0.793475,-6.23993
0.800721,-6.24134
0.80797,-6.24274
0.815222,-6.24414
0.822475,-6.24552
0.829732,-6.24689
0.836991,-6.24824
0.844252,-6.24959
0.851515,-6.25093
0.858781,-6.25226
0.86605,-6.25358
0.87332,-6.25489
0.880594,-6.25618
0.887869,-6.25747
0.895147,-6.25875
0.902427,-6.26001
0.909709,-6.26127
0.916994,-6.26251
0.924281,-6.26375
0.93157,-6.26497
0.938861,-6.26619
0.946155,-6.26739
0.953451,-6.26858
0.960749,-6.26977
0.968049,-6.27094
0.975352,-6.2721
0.982656,-6.27325
0.989963,-6.27439
0.997272,-6.27552
1.00458,-6.27664
1.0119,-6.27775
1.01921,-6.27885
1.02653,-6.27994
1.03385,-6.28102
1.04117,-6.28209
1.04849,-6.28314
1.05582,-6.28419
1.06315,-6.28523
1.07047,-6.28625
1.07781,-6.28727
1.08514,-6.28827
1.09247,-6.28927
1.09981,-6.29025
1.10715,-6.29122
1.11449,-6.29218
1.12183,-6.29314
1.12918,-6.29408
1.13653,-6.29501
1.14387,-6.29593
1.15122,-6.29684
1.15858,-6.29774
1.16593,-6.29862
1.17329,-6.2995
1.18064,-6.30037
1.188,-6.30123
1.19536,-6.30207
1.20273,-6.30291
1.21009,-6.30373
1.21746,-6.30455
1.22482,-6.30535
1.23219,-6.30614
1.23957,-6.30692
1.24694,-6.3077
1.25431,-6.30846
1.26169,-6.30921
1.26907,-6.30995
1.27644,-6.31068
1.28383,-6.31139
1.29121,-6.3121
1.29859,-6.3128
1.30598,-6.31348
1.31336,-6.31416
1.32075,-6.31483
1.32814,-6.31548
1.33553,-6.31612
1.34292,-6.31676
1.35032,-6.31738
1.35771,-6.31799
1.36511,-6.31859
1.37251,-6.31918
1.37991,-6.31976
1.38731,-6.32033
1.39471,-6.32089
1.40212,-6.32143
1.40952,-6.32197
1.41693,-6.32249
1.42433,-6.32301
1.43174,-6.32351
1.43915,-6.32401
1.44656,-6.32449
1.45398,-6.32496
1.46139,-6.32542
1.46881,-6.32587
1.47622,-6.32631
1.48364,-6.32674
1.49106,-6.32716
1.49848,-6.32757
1.5059,-6.32796
1.51332,-6.32835
1.52074,-6.32872
1.52817,-6.32909
1.53559,-6.32944
1.54302,-6.32978
1.55044,-6.33011
1.55787,-6.33043
1.5653,-6.33074
1.57273,-6.33104
1.58016,-6.33133
1.58759,-6.33161
1.59502,-6.33187
1.60246,-6.33213
1.60989,-6.33237
1.61733,-6.33261
1.62476,-6.33283
1.6322,-6.33304
1.63964,-6.33324
1.64708,-6.33343
1.65452,-6.33361
1.66196,-6.33378
1.6694,-6.33394
1.67684,-6.33409
1.68428,-6.33422
1.69173,-6.33435
1.69917,-6.33446
1.70662,-6.33456
1.71406,-6.33466
1.72151,-6.33474
1.72896,-6.33481
1.7364,-6.33487
1.74385,-6.33492
1.7513,-6.33495
1.75875,-6.33498
1.7662,-6.335
1.77365,-6.335
1.7811,-6.33499
1.78855,-6.33498
1.796,-6.33495
1.80346,-6.33491
1.81091,-6.33486
1.81836,-6.3348
1.82582,-6.33473
1.83327,-6.33464
1.84072,-6.33455
1.84818,-6.33445
1.85564,-6.33433
1.86309,-6.3342
1.87055,-6.33406
1.878,-6.33392
1.88546,-6.33376
1.89292,-6.33359
1.90038,-6.3334
1.90783,-6.33321
1.91529,-6.33301
1.92275,-6.33279
1.93021,-6.33257
1.93767,-6.33233
1.94512,-6.33208
1.95258,-6.33182
1.96004,-6.33155
1.9675,-6.33127
1.97496,-6.33098
1.98242,-6.33068
1.98988,-6.33036
1.99734,-6.33004
2.0048,-6.3297
2.01226,-6.32935
2.01972,-6.329
2.02718,-6.32863
2.03464,-6.32825
2.0421,-6.32785
2.04956,-6.32745
2.05702,-6.32704
2.06448,-6.32661
2.07194,-6.32618
2.0794,-6.32573
2.08686,-6.32527
2.09432,-6.3248
2.10178,-6.32432
2.10924,-6.32383
2.11669,-6.32333
2.12415,-6.32282
2.13161,-6.32229
2.13907,-6.32176
2.14653,-6.32121
2.15398,-6.32065
2.16144,-6.32008
2.1689,-6.3195
2.17636,-6.31891
2.18381,-6.31831
2.19127,-6.31769
2.19872,-6.31707
2.20618,-6.31643
2.21363,-6.31579
2.22109,-6.31513
2.22854,-6.31446
2.236,-6.31378
2.24345,-6.31309
2.2509,-6.31239
2.25836,-6.31167
2.26581,-6.31095
2.27326,-6.31021
2.28071,-6.30946
2.28816,-6.3087
2.29561,-6.30794
2.30306,-6.30715
2.31051,-6.30636
2.31795,-6.30556
2.3254,-6.30475
2.33285,-6.30392
2.34029,-6.30308
2.34774,-6.30224
2.35518,-6.30138
2.36263,-6.30051
2.37007,-6.29962
2.37751,-6.29873
2.38495,-6.29783
2.39239,-6.29691
2.39983,-6.29599
2.40727,-6.29505
2.41471,-6.2941
2.42215,-6.29314
2.42958,-6.29217
2.43702,-6.29119
2.44445,-6.2902
2.45189,-6.28919
2.45932,-6.28818
2.46675,-6.28715
2.47418,-6.28611
2.48161,-6.28506
2.48904,-6.284
2.49647,-6.28293
2.5039,-6.28185
2.51132,-6.28075
2.51875,-6.27965
2.52617,-6.27853
2.53359,-6.2774
2.54101,-6.27626
2.54843,-6.27511
2.55585,-6.27395
2.56327,-6.27278
2.57069,-6.27159
2.5781,-6.2704
2.58552,-6.26919
2.59293,-6.26797
2.60034,-6.26674
2.60775,-6.2655
2.61516,-6.26425
2.62257,-6.26299
2.62997,-6.26171
2.63738,-6.26043
2.64478,-6.25913
2.65219,-6.25782
2.65959,-6.2565
2.66699,-6.25517
2.67438,-6.25383
2.68178,-6.25248
2.68917,-6.25111
2.69657,-6.24974
2.70396,-6.24835
2.71135,-6.24695
2.71874,-6.24554
2.72613,-6.24412
2.73351,-6.24269
2.7409,-6.24125
2.74828,-6.23979
2.75566,-6.23833
2.76304,-6.23685
2.77042,-6.23536
2.77779,-6.23386
2.78517,-6.23235
2.79254,-6.23083
2.79991,-6.2293
2.80728,-6.22775
2.81465,-6.2262
2.82201,-6.22463
2.82938,-6.22305
2.83674,-6.22146
2.8441,-6.21986
2.85146,-6.21825
2.85881,-6.21662
2.86617,-6.21499
2.87352,-6.21334
2.88087,-6.21168
2.88822,-6.21001
2.89556,-6.20833
2.90291,-6.20664
2.91025,-6.20494
2.91759,-6.20322
2.92493,-6.2015
2.93227,-6.19976
2.9396,-6.19801
2.94693,-6.19625
2.95426,-6.19448
2.96159,-6.1927
2.96892,-6.19091
2.97624,-6.1891
2.98356,-6.18729
2.99088,-6.18546
2.9982,-6.18362
3.00551,-6.18177
3.01283,-6.17991
3.02014,-6.17804
3.02745,-6.17615
3.03475,-6.17426
3.04205,-6.17235
3.04936,-6.17044
3.05665,-6.16851
3.06395,-6.16657
3.07125,-6.16461
3.07854,-6.16265
3.08583,-6.16068
3.09311,-6.15869
3.1004,-6.15669
3.10768,-6.15469
3.11496,-6.15267
3.12223,-6.15064
3.12951,-6.14859
3.13678,-6.14654
3.14405,-6.14447
3.15132,-6.1424
3.15858,-6.14031
3.16584,-6.13821
3.1731,-6.1361
3.18035,-6.13398
3.18761,-6.13185
3.19486,-6.1297
3.20211,-6.12755
3.20935,-6.12538
3.21659,-6.1232
3.22383,-6.12101
3.23107,-6.11881
3.2383,-6.1166
3.24553,-6.11438
3.25276,-6.11214
3.25999,-6.1099
3.26721,-6.10764
3.27443,-6.10537
3.28165,-6.10309
3.28886,-6.1008
3.29607,-6.0985
3.30328,-6.09619
3.31048,-6.09386
3.31768,-6.09152
3.32488,-6.08918
3.33208,-6.08682
3.33927,-6.08445
3.34646,-6.08207
3.35364,-6.07967
3.36083,-6.07727
3.36801,-6.07485
3.37518,-6.07243
3.38236,-6.06999
3.38953,-6.06754
3.3967,-6.06508
3.40386,-6.06261
3.41102,-6.06012
3.41818,-6.05763
3.42533,-6.05512
3.43248,-6.05261
3.43963,-6.05008
3.44677,-6.04754
3.45391,-6.04499
3.46105,-6.04242
3.46818,-6.03985
3.47532,-6.03727
3.48244,-6.03467
3.48957,-6.03206
3.49669,-6.02944
3.5038,-6.02681
3.51092,-6.02417
3.51802,-6.02152
3.52513,-6.01886
3.53223,-6.01618
3.53933,-6.01349
3.54643,-6.0108
3.55352,-6.00809
3.56061,-6.00537
3.56769,-6.00264
3.57477,-5.99989
3.58185,-5.99714
3.58892,-5.99437
3.59599,-5.9916
3.60305,-5.98881
3.61012,-5.98601
3.61717,-5.9832
3.62423,-5.98038
3.63128,-5.97755
3.63832,-5.9747
3.64537,-5.97185
3.6524,-5.96898
3.65944,-5.9661
3.66647,-5.96321
3.6735,-5.96031
3.68052,-5.9574
3.68754,-5.95448
3.69455,-5.95154
3.70156,-5.9486
3.70857,-5.94564
3.71557,-5.94267
3.72257,-5.93969
3.72956,-5.9367
3.73655,-5.9337
3.74354,-5.93069
3.75052,-5.92767
3.7575,-5.92463
3.76447,-5.92159
3.77144,-5.91853
3.77841,-5.91546
3.78537,-5.91238
3.79232,-5.90929
3.79927,-5.90619
3.80622,-5.90307
3.81316,-5.89995
3.8201,-5.89681
3.82704,-5.89366
3.83397,-5.89051
3.84089,-5.88734
3.84782,-5.88416
3.85473,-5.88096
3.86164,-5.87776
3.86855,-5.87455
3.87545,-5.87132
3.88235,-5.86808
3.88925,-5.86484
3.89614,-5.86158
3.90302,-5.85831
3.9099,-5.85503
3.91678,-5.85173
3.92365,-5.84843
3.93052,-5.84512
3.93738,-5.84179
3.94423,-5.83845
3.95109,-5.83511
3.95793,-5.83175
3.96478,-5.82838
3.97161,-5.82499
3.97845,-5.8216
3.98527,-5.8182
3.9921,-5.81478
3.99892,-5.81136
4.00573,-5.80792
4.01254,-5.80447
4.01934,-5.80101
4.02614,-5.79754
4.03293,-5.79406
4.03972,-5.79057
4.04651,-5.78706
4.05328,-5.78355
4.06006,-5.78002
4.06683,-5.77649
4.07359,-5.77294
4.08035,-5.76938
4.0871,-5.76581
4.09385,-5.76223
4.10059,-5.75864
4.10733,-5.75503
4.11406,-5.75142
4.12079,-5.74779
4.12751,-5.74416
4.13423,-5.74051
4.14094,-5.73685
4.14765,-5.73318
4.15435,-5.7295
4.16104,-5.72581
4.16773,-5.72211
4.17442,-5.71839
4.1811,-5.71467
4.18777,-5.71093
4.19444,-5.70719
4.2011,-5.70343
4.20776,-5.69966
4.21441,-5.69588
4.22105,-5.69209
4.2277,-5.68829
4.23433,-5.68447
4.24096,-5.68065
4.24758,-5.67682
4.2542,-5.67297
4.26081,-5.66911
4.26742,-5.66525
4.27402,-5.66137
4.28062,-5.65748
4.28721,-5.65358
4.29379,-5.64967
4.30037,-5.64575
4.30694,-5.64181
4.31351,-5.63787
4.32007,-5.63391
4.32662,-5.62995
4.33317,-5.62597
4.33972,-5.62198
4.34625,-5.61799
4.35279,-5.61398
4.35931,-5.60996
4.36583,-5.60592
4.37234,-5.60188
4.37885,-5.59783
4.38535,-5.59377
4.39185,-5.58969
4.39834,-5.58561
4.40482,-5.58151
4.4113,-5.5774
4.41777,-5.57328
4.42423,-5.56916
4.43069,-5.56502
4.43714,-5.56087
4.44359,-5.5567
4.45003,-5.55253
4.45646,-5.54835
4.46289,-5.54416
4.46931,-5.53995
4.47572,-5.53574
4.48213,-5.53151
4.48853,-5.52727
4.49493,-5.52303
4.50132,-5.51877
4.5077,-5.5145
4.51408,-5.51022
4.52045,-5.50593
