1,0
0.999852,0.0172253
0.999407,0.0344215
0.998667,0.0516194
0.99763,0.0688019
0.996298,0.085964
0.99467,0.103101
0.992748,0.120207
0.990529,0.137289
0.988019,0.154318
0.985216,0.171302
0.98212,0.188235
0.978734,0.205112
0.975058,0.221928
0.971092,0.238678
0.966839,0.255358
0.9623,0.271962
0.957475,0.288485
0.952366,0.304922
0.946975,0.32127
0.941304,0.337522
0.935353,0.353674
0.929126,0.369721
0.922623,0.385658
0.915846,0.401481
0.908798,0.417185
0.901481,0.432765
0.893902,0.448207
0.886053,0.463526
0.877941,0.478708
0.869569,0.493747
0.860939,0.508641
0.852054,0.523384
0.842917,0.537971
0.83353,0.552399
0.823895,0.566663
0.814017,0.58076
0.803897,0.594684
0.79354,0.608432
0.782946,0.621999
0.772121,0.635382
0.761067,0.648577
0.749788,0.66158
0.738286,0.674386
0.726566,0.686992
0.71463,0.699395
0.702482,0.711591
0.690126,0.723575
0.677566,0.735345
0.664805,0.746897
0.651846,0.758228
0.638695,0.769334
0.625354,0.780212
0.611828,0.790859
0.598121,0.801271
0.584236,0.811445
0.570178,0.82138
0.555951,0.83107
0.54156,0.840515
0.527008,0.84971
0.512299,0.858653
0.497439,0.867342
0.482432,0.875774
0.467281,0.883946
0.451992,0.891856
0.436569,0.899502
0.421016,0.906881
0.405339,0.913992
0.389542,0.920831
0.373629,0.927398
0.357605,0.933689
0.341476,0.939704
0.325245,0.945441
0.308918,0.950897
0.292499,0.956071
0.275993,0.960962
0.259406,0.965568
0.242741,0.969888
0.226005,0.973921
0.209202,0.977664
0.192336,0.981118
0.175414,0.984282
0.158439,0.987153
0.141418,0.989732
0.124355,0.992018
0.107254,0.994009
0.0901221,0.995706
0.0729632,0.997108
0.0557826,0.998215
0.0385853,0.999025
0.0213766,0.999539
0.00416146,0.999758
-0.013055,0.999679
-0.0302677,0.999305
-0.0474715,0.998634
-0.0646613,0.997668
-0.081832,0.996405
-0.0989786,0.994848
-0.116096,0.992995
-0.133179,0.990848
-0.150223,0.988408
-0.167222,0.985675
-0.184172,0.982649
-0.201067,0.979332
-0.217903,0.975725
-0.234675,0.971829
-0.251377,0.967645
-0.268004,0.963173
-0.284553,0.958417
-0.301017,0.953376
-0.317392,0.948053
-0.333674,0.942449
-0.349856,0.936565
-0.365935,0.930404
-0.381906,0.923967
-0.397764,0.917256
-0.413504,0.910274
-0.429122,0.903021
-0.444613,0.895501
-0.459972,0.887715
-0.475195,0.879667
-0.490278,0.871357
-0.505215,0.862789
-0.520003,0.853966
-0.534637,0.844889
-0.549113,0.835562
-0.563427,0.825987
-0.577573,0.816167
-0.591549,0.806105
-0.60535,0.795805
-0.618972,0.785268
-0.63241,0.774499
-0.645662,0.763499
-0.658722,0.752274
-0.671587,0.740825
-0.684254,0.729157
-0.696718,0.717273
-0.708976,0.705176
-0.721024,0.692869
-0.732859,0.680357
-0.744477,0.667644
-0.755875,0.654732
-0.767049,0.641627
-0.777996,0.62833
-0.788713,0.614848
-0.799196,0.601183
-0.809443,0.58734
-0.819451,0.573322
-0.829216,0.559134
-0.838735,0.544781
-0.848007,0.530266
-0.857027,0.515593
-0.865794,0.500767
-0.874305,0.485793
-0.882557,0.470674
-0.890548,0.455416
-0.898275,0.440022
-0.905737,0.424498
-0.91293,0.408848
-0.919854,0.393076
-0.926505,0.377187
-0.932882,0.361186
-0.938983,0.345078
-0.944806,0.328867
-0.95035,0.312559
-0.955612,0.296157
-0.960592,0.279668
-0.965287,0.263095
-0.969697,0.246443
-0.97382,0.229718
-0.977654,0.212925
-0.9812,0.196068
-0.984455,0.179153
-0.987419,0.162184
-0.99009,0.145167
-0.992469,0.128106
-0.994553,0.111007
-0.996344,0.0938738
-0.99784,0.0767128
-0.99904,0.0595286
-0.999945,0.0423262
-1.00055,0.0251107
-1.00087,0.0078873
-1.00088,-0.009339
-1.0006,-0.0265631
-1.00003,-0.0437799
-0.999157,-0.0609842
-0.99799,-0.0781711
-0.996528,-0.0953354
-0.99477,-0.112472
-0.992719,-0.129576
-0.990373,-0.146642
-0.987734,-0.163665
-0.984804,-0.180641
-0.981581,-0.197563
-0.978069,-0.214428
-0.974266,-0.23123
-0.970176,-0.247963
-0.965798,-0.264625
-0.961135,-0.281208
-0.956187,-0.297709
-0.950953,-0.314133
-0.94544,-0.330454
-0.939648,-0.346677
-0.933578,-0.362799
-0.927231,-0.378813
-0.92061,-0.394716
-0.913717,-0.410503
-0.906553,-0.426169
-0.899121,-0.44171
-0.891423,-0.45712
-0.883461,-0.472395
-0.875238,-0.487532
-0.866756,-0.502524
-0.858017,-0.517369
-0.849024,-0.532061
-0.83978,-0.546596
-0.830288,-0.56097
-0.820549,-0.575178
-0.810568,-0.589217
-0.800348,-0.603082
-0.78989,-0.616769
-0.779199,-0.630274
-0.768277,-0.643594
-0.757127,-0.656723
-0.745754,-0.669658
-0.73416,-0.682396
-0.722349,-0.694933
-0.710324,-0.707264
-0.698089,-0.719387
-0.685647,-0.731297
-0.673003,-0.742992
-0.66016,-0.754467
-0.647121,-0.765719
-0.63389,-0.776746
-0.620473,-0.787543
-0.606871,-0.798108
-0.593091,-0.808437
-0.579134,-0.818527
-0.565007,-0.828375
-0.550712,-0.837979
-0.536255,-0.847336
-0.521639,-0.856442
-0.506868,-0.865296
-0.491948,-0.873894
-0.476883,-0.882234
-0.461676,-0.890313
-0.446333,-0.89813
-0.430858,-0.905681
-0.415256,-0.912965
-0.399531,-0.919979
-0.383688,-0.926721
-0.367732,-0.93319
-0.351667,-0.939383
-0.335498,-0.945299
-0.31923,-0.950935
-0.302868,-0.956291
-0.286417,-0.961364
-0.269881,-0.966154
-0.253266,-0.970658
-0.236575,-0.974875
-0.219816,-0.978805
-0.202991,-0.982445
-0.186107,-0.985795
-0.169167,-0.988854
-0.152179,-0.991621
-0.135145,-0.994096
-0.118072,-0.996276
-0.100964,-0.998163
-0.0838271,-0.999754
-0.0666655,-1.00105
-0.0494845,-1.00205
-0.0322894,-1.00276
-0.0150851,-1.00317
0.0021232,-1.00328
0.0193304,-1.00309
0.0365314,-1.00261
0.0537212,-1.00184
0.0708945,-1.00077
0.0880464,-0.9994
0.105172,-0.997738
0.122265,-0.995782
0.139322,-0.993531
0.156337,-0.990987
0.173306,-0.988151
0.190222,-0.985023
0.207082,-0.981604
0.22388,-0.977895
0.240611,-0.973898
0.25727,-0.969613
0.273852,-0.965043
0.290353,-0.960187
0.306767,-0.955049
0.323089,-0.949628
0.339316,-0.943927
0.355441,-0.937948
0.37146,-0.931692
0.387369,-0.925161
0.403163,-0.918358
0.418836,-0.911283
0.434385,-0.90394
0.449805,-0.89633
0.46509,-0.888456
0.480237,-0.88032
0.495242,-0.871925
0.510099,-0.863272
0.524804,-0.854365
0.539354,-0.845206
0.553743,-0.835798
0.567967,-0.826144
0.582022,-0.816247
0.595905,-0.806109
0.60961,-0.795733
0.623134,-0.785123
0.636472,-0.774282
0.649622,-0.763213
0.662578,-0.751919
0.675338,-0.740404
0.687897,-0.728671
0.700251,-0.716724
0.712398,-0.704565
0.724332,-0.6922
0.736052,-0.679631
0.747552,-0.666862
0.758831,-0.653896
0.769884,-0.640739
0.780709,-0.627394
0.791301,-0.613864
0.801659,-0.600153
0.811778,-0.586267
0.821656,-0.572208
0.831291,-0.557982
0.840678,-0.543591
0.849815,-0.529042
0.858701,-0.514337
0.867331,-0.499481
0.875703,-0.484479
0.883816,-0.469336
0.891666,-0.454054
0.899251,-0.43864
0.906569,-0.423098
0.913618,-0.407432
0.920396,-0.391647
0.9269,-0.375748
0.933129,-0.359739
0.939081,-0.343625
0.944754,-0.327411
0.950147,-0.311102
0.955257,-0.294703
0.960084,-0.278218
0.964626,-0.261652
0.968881,-0.24501
0.972849,-0.228298
0.976528,-0.21152
0.979917,-0.194681
0.983015,-0.177786
0.985821,-0.160841
0.988334,-0.143849
0.990554,-0.126817
0.99248,-0.109749
0.994111,-0.0926508
0.995447,-0.0755267
0.996488,-0.0583821
0.997232,-0.0412221
0.997681,-0.0240517
0.997833,-0.00687622
0.997689,0.0102994
0.997249,0.0274701
0.996513,0.0446307
0.995481,0.0617761
0.994153,0.0789013
0.99253,0.0960011
0.990612,0.113071
0.988401,0.130104
0.985895,0.147098
0.983097,0.164046
0.980007,0.180943
0.976627,0.197784
0.972956,0.214565
0.968996,0.231281
0.964748,0.247925
0.960214,0.264495
0.955395,0.280984
0.950292,0.297387
0.944907,0.313701
0.939241,0.329919
0.933297,0.346037
0.927075,0.362051
0.920577,0.377956
0.913807,0.393746
0.906765,0.409418
0.899453,0.424966
0.891875,0.440386
0.884031,0.455673
0.875925,0.470823
0.867558,0.485832
0.858934,0.500694
0.850055,0.515406
0.840923,0.529963
0.831541,0.544361
0.821913,0.558595
0.812039,0.572662
0.801925,0.586556
0.791572,0.600275
0.780984,0.613813
0.770164,0.627168
0.759115,0.640334
0.747841,0.653308
0.736344,0.666086
0.724628,0.678665
0.712696,0.69104
0.700553,0.703208
0.688201,0.715165
0.675645,0.726908
0.662888,0.738434
0.649933,0.749738
0.636786,0.760817
0.623448,0.771669
0.609926,0.78229
0.596221,0.792677
0.58234,0.802826
0.568285,0.812735
0.55406,0.8224
0.539671,0.83182
0.525121,0.84099
0.510415,0.849909
0.495557,0.858574
0.480551,0.866981
0.465402,0.875129
0.450114,0.883016
0.434692,0.890638
0.41914,0.897993
0.403463,0.90508
0.387666,0.911897
0.371753,0.91844
0.355729,0.924709
0.339599,0.930701
0.323367,0.936415
0.307039,0.941848
0.290619,0.947
0.274112,0.951868
0.257523,0.956452
0.240856,0.96075
0.224117,0.96476
0.207312,0.968482
0.190443,0.971914
0.173518,0.975055
0.15654,0.977904
0.139515,0.980461
0.122447,0.982725
0.105343,0.984695
0.088206,0.98637
0.0710422,0.98775
0.0538565,0.988834
0.0366539,0.989623
0.0194395,0.990115
0.00221841,0.990311
-0.0150043,0.990211
-0.0322234,0.989815
-0.049434,0.989122
-0.0666308,0.988133
-0.0838088,0.986849
-0.100963,0.985269
-0.118088,0.983394
-0.135179,0.981225
-0.152231,0.978762
-0.169239,0.976007
-0.186198,0.972958
-0.203103,0.969619
-0.219948,0.965989
-0.236729,0.96207
-0.253441,0.957862
-0.270079,0.953368
-0.286638,0.948588
-0.303113,0.943524
-0.319499,0.938178
-0.335791,0.93255
-0.351985,0.926642
-0.368076,0.920457
-0.384058,0.913996
-0.399928,0.907261
-0.41568,0.900253
-0.43131,0.892976
-0.446814,0.885431
-0.462185,0.87762
-0.477422,0.869546
-0.492517,0.861211
-0.507468,0.852618
-0.522269,0.843769
-0.536917,0.834666
-0.551407,0.825312
-0.565734,0.815711
-0.579895,0.805865
-0.593885,0.795776
-0.6077,0.785448
-0.621336,0.774884
-0.634789,0.764087
-0.648055,0.75306
-0.66113,0.741807
-0.67401,0.73033
-0.686683,0.718641
-0.699162,0.706728
-0.711436,0.694602
-0.723499,0.682267
-0.73535,0.669726
-0.746983,0.656983
-0.758397,0.644042
-0.769586,0.630906
-0.780549,0.61758
-0.791282,0.604067
-0.801781,0.590371
-0.812044,0.576497
-0.822067,0.562449
-0.831848,0.54823
-0.841384,0.533844
-0.850671,0.519297
-0.859708,0.504593
-0.868491,0.489735
-0.877018,0.474728
-0.885286,0.459577
-0.893292,0.444285
-0.901036,0.428859
-0.908513,0.413301
-0.915723,0.397617
-0.922662,0.381811
-0.92933,0.365888
-0.935723,0.349853
-0.94184,0.333711
-0.947679,0.317465
-0.953238,0.301122
-0.958516,0.284685
-0.963512,0.26816
-0.968223,0.251552
-0.972648,0.234865
-0.976786,0.218104
-0.980637,0.201274
-0.984197,0.184381
-0.987468,0.167429
-0.990447,0.150424
-0.993134,0.13337
-0.995528,0.116272
-0.997628,0.099135
-0.999433,0.0819648
-1.00094,0.0647662
-1.00216,0.0475441
-1.00308,0.0303037
-1.0037,0.0130501
-1.00403,-0.00421168
-1.00406,-0.0214765
-1.0038,-0.0387393
-1.00324,-0.0559949
-1.00238,-0.0732383
-1.00122,-0.0904644
-0.999777,-0.107668
-0.998033,-0.124844
-0.995995,-0.141988
-0.993663,-0.159094
-0.991039,-0.176157
-0.988121,-0.193173
-0.984912,-0.210135
-0.981413,-0.227041
-0.977624,-0.243883
-0.973546,-0.260657
-0.969182,-0.277359
-0.964531,-0.293984
-0.959596,-0.310526
-0.954378,-0.32698
-0.948878,-0.343342
-0.943098,-0.359608
-0.937041,-0.375771
-0.930706,-0.391828
-0.924098,-0.407773
-0.917216,-0.423602
-0.910064,-0.43931
-0.902644,-0.454893
-0.894957,-0.470346
-0.887007,-0.485665
-0.878795,-0.500844
-0.870324,-0.51588
-0.861596,-0.530768
-0.852614,-0.545503
-0.843381,-0.560082
-0.833899,-0.574499
-0.824171,-0.588752
-0.8142,-0.602834
-0.803989,-0.616743
-0.793542,-0.630475
-0.78286,-0.644024
-0.771947,-0.657388
-0.760807,-0.670562
-0.749443,-0.683542
-0.737858,-0.696325
-0.726056,-0.708906
-0.714039,-0.721283
-0.701813,-0.733451
-0.689379,-0.745407
-0.676743,-0.757147
-0.663907,-0.768668
-0.650876,-0.779966
-0.637653,-0.791038
-0.624242,-0.801881
-0.610648,-0.812492
-0.596874,-0.822867
-0.582924,-0.833004
-0.568803,-0.842899
-0.554514,-0.852549
-0.540062,-0.861953
-0.525452,-0.871106
-0.510687,-0.880006
-0.495772,-0.888651
-0.480711,-0.897038
-0.465509,-0.905165
-0.45017,-0.913028
-0.434699,-0.920627
-0.4191,-0.927958
-0.403379,-0.93502
-0.387539,-0.94181
-0.371586,-0.948327
-0.355523,-0.954568
-0.339357,-0.960531
-0.323091,-0.966216
-0.306731,-0.971619
-0.290281,-0.976741
-0.273746,-0.981578
-0.257131,-0.986131
-0.240442,-0.990396
-0.223682,-0.994374
-0.206857,-0.998063
-0.189972,-1.00146
-0.173033,-1.00457
-0.156043,-1.00738
-0.139008,-1.00991
-0.121933,-1.01214
-0.104823,-1.01407
-0.0876838,-1.01571
-0.0705195,-1.01706
-0.0533356,-1.01811
-0.0361372,-1.01886
-0.0189293,-1.01932
-0.00171703,-1.01948
0.0154945,-1.01934
0.0327001,-1.01891
0.0498948,-1.01819
0.0670734,-1.01716
0.0842309,-1.01584
0.101362,-1.01423
0.118462,-1.01232
0.135526,-1.01012
0.152548,-1.00762
0.169523,-1.00484
0.186447,-1.00176
0.203315,-0.998387
0.220121,-0.994726
0.23686,-0.990777
0.253528,-0.986541
0.27012,-0.982018
0.28663,-0.977211
0.303054,-0.97212
0.319386,-0.966747
0.335623,-0.961094
0.351759,-0.955163
0.36779,-0.948954
0.38371,-0.942471
0.399515,-0.935715
0.4152,-0.928688
0.430761,-0.921392
0.446193,-0.913829
0.461492,-0.906002
0.476652,-0.897913
0.49167,-0.889564
0.506541,-0.880958
0.52126,-0.872098
0.535823,-0.862985
0.550227,-0.853624
0.564466,-0.844016
0.578536,-0.834164
0.592433,-0.824072
0.606154,-0.813742
0.619694,-0.803178
0.633048,-0.792382
0.646214,-0.781359
0.659187,-0.77011
0.671963,-0.75864
0.684539,-0.746952
0.69691,-0.735049
0.709074,-0.722936
0.721026,-0.710615
0.732763,-0.69809
0.744282,-0.685365
0.755578,-0.672444
0.76665,-0.659331
0.777493,-0.646029
0.788104,-0.632543
0.79848,-0.618876
0.808619,-0.605033
0.818516,-0.591018
0.82817,-0.576834
0.837577,-0.562487
0.846734,-0.54798
0.855639,-0.533318
0.864289,-0.518505
0.872682,-0.503546
0.880815,-0.488444
0.888685,-0.473205
0.896291,-0.457833
0.90363,-0.442332
0.9107,-0.426708
0.917499,-0.410965
0.924025,-0.395107
0.930275,-0.379139
0.936249,-0.363066
0.941944,-0.346893
0.947358,-0.330625
0.95249,-0.314266
0.957339,-0.297822
0.961903,-0.281296
0.966181,-0.264695
0.970171,-0.248023
0.973873,-0.231285
0.977284,-0.214485
0.980405,-0.19763
0.983234,-0.180724
0.985771,-0.163772
0.988014,-0.146779
0.989963,-0.12975
0.991617,-0.11269
0.992977,-0.0956048
0.994041,-0.0784986
0.994809,-0.061377
0.995282,-0.0442448
0.995458,-0.0271073
0.995338,-0.00996949
0.994922,0.0071635
0.99421,0.0242866
0.993202,0.0413947
0.991899,0.0584826
0.9903,0.0755455
0.988407,0.0925781
0.98622,0.109575
0.98374,0.126532
0.980967,0.143444
0.977902,0.160305
0.974546,0.17711
0.9709,0.193856
0.966965,0.210536
0.962743,0.227145
0.958234,0.243679
0.95344,0.260133
0.948363,0.276502
0.943003,0.29278
0.937363,0.308964
0.931444,0.325049
0.925247,0.341029
0.918776,0.356899
0.912031,0.372656
0.905014,0.388294
0.897729,0.403809
0.890176,0.419196
0.882358,0.434451
0.874278,0.449569
0.865937,0.464545
0.857339,0.479376
0.848486,0.494056
0.83938,0.508581
0.830024,0.522947
0.820421,0.537151
0.810574,0.551186
0.800485,0.56505
0.790158,0.578738
0.779596,0.592246
0.768802,0.605571
0.757779,0.618707
0.74653,0.631652
0.735058,0.644401
0.723368,0.65695
0.711462,0.669297
0.699345,0.681436
0.687018,0.693365
0.674487,0.70508
0.661756,0.716578
0.648826,0.727855
0.635704,0.738907
0.622392,0.749732
0.608894,0.760325
0.595214,0.770685
0.581357,0.780808
0.567327,0.790691
0.553127,0.800331
0.538762,0.809724
0.524237,0.818869
0.509555,0.827763
0.49472,0.836403
0.479738,0.844785
0.464612,0.852909
0.449348,0.860771
0.433949,0.868369
0.41842,0.875701
0.402766,0.882764
0.386992,0.889557
0.371101,0.896077
0.3551,0.902322
0.338992,0.908291
0.322782,0.913982
0.306475,0.919393
0.290077,0.924522
0.273591,0.929369
0.257022,0.93393
0.240377,0.938206
0.223659,0.942195
0.206873,0.945895
0.190024,0.949305
0.173119,0.952425
0.15616,0.955253
0.139154,0.957789
0.122106,0.960032
0.10502,0.961981
0.0879013,0.963635
0.0707556,0.964994
0.0535876,0.966058
0.0364025,0.966826
0.0192053,0.967298
0.00200108,0.967474
-0.015205,0.967354
-0.0324078,0.966937
-0.0496024,0.966224
-0.0667835,0.965215
-0.0839462,0.96391
-0.101085,0.962311
-0.118196,0.960416
-0.135272,0.958226
-0.15231,0.955743
-0.169304,0.952967
-0.186249,0.949899
-0.203141,0.946539
-0.219973,0.942889
-0.236742,0.93895
-0.253441,0.934722
-0.270067,0.930208
-0.286614,0.925407
-0.303078,0.920323
-0.319452,0.914955
-0.335734,0.909307
-0.351917,0.903378
-0.367998,0.897172
-0.38397,0.89069
-0.39983,0.883934
-0.415573,0.876905
-0.431194,0.869607
-0.446689,0.86204
-0.462052,0.854208
-0.47728,0.846112
-0.492367,0.837755
-0.50731,0.829139
-0.522104,0.820267
-0.536744,0.811142
-0.551227,0.801766
-0.565548,0.792142
-0.579702,0.782272
-0.593685,0.77216
-0.607494,0.761809
-0.621124,0.751221
-0.634572,0.7404
-0.647832,0.729349
-0.660902,0.718071
-0.673777,0.706569
-0.686454,0.694847
-0.698928,0.682909
-0.711197,0.670758
-0.723256,0.658396
-0.735102,0.645829
-0.746731,0.63306
-0.75814,0.620092
-0.769326,0.606929
-0.780285,0.593576
-0.791014,0.580035
-0.801509,0.566312
-0.811769,0.55241
-0.821789,0.538333
-0.831566,0.524085
-0.841099,0.509671
-0.850383,0.495095
-0.859416,0.480361
-0.868196,0.465473
-0.87672,0.450437
-0.884985,0.435255
-0.892989,0.419933
-0.900729,0.404476
-0.908204,0.388887
-0.915411,0.373171
-0.922347,0.357334
-0.929012,0.341379
-0.935402,0.325312
-0.941516,0.309137
-0.947352,0.292859
-0.952908,0.276482
-0.958184,0.260012
-0.963176,0.243453
-0.967884,0.226811
-0.972306,0.21009
-0.976442,0.193295
-0.980289,0.176431
-0.983846,0.159502
-0.987114,0.142515
-0.990089,0.125474
-0.992773,0.108384
-0.995163,0.0912504
-0.997259,0.0740776
-0.999061,0.056871
-1.00057,0.0396357
-1.00178,0.0223767
-1.00269,0.00509915
-1.00331,-0.0121918
-1.00364,-0.0294912
-1.00366,-0.0467939
-1.00339,-0.0640947
-1.00283,-0.0813885
-1.00197,-0.0986704
-1.00081,-0.115935
-0.999355,-0.133178
-0.997607,-0.150393
-0.995564,-0.167576
-0.993226,-0.184721
-0.990596,-0.201824
-0.987672,-0.218879
-0.984458,-0.235882
-0.980952,-0.252827
-0.977157,-0.26971
-0.973073,-0.286525
-0.968701,-0.303267
-0.964044,-0.319932
-0.959102,-0.336515
-0.953877,-0.353011
-0.948369,-0.369414
-0.942582,-0.385721
-0.936517,-0.401925
-0.930175,-0.418023
-0.923558,-0.43401
-0.916668,-0.449881
-0.909508,-0.465632
-0.902079,-0.481257
-0.894384,-0.496752
-0.886425,-0.512113
-0.878203,-0.527334
-0.869723,-0.542413
-0.860986,-0.557343
-0.851994,-0.572121
-0.842751,-0.586742
-0.833259,-0.601203
-0.823521,-0.615498
-0.81354,-0.629624
-0.803319,-0.643576
-0.79286,-0.65735
-0.782167,-0.670943
-0.771244,-0.68435
-0.760093,-0.697567
-0.748717,-0.710591
-0.73712,-0.723417
-0.725306,-0.736043
-0.713278,-0.748463
-0.701039,-0.760674
-0.688593,-0.772674
-0.675944,-0.784458
-0.663095,-0.796022
-0.650051,-0.807365
-0.636815,-0.818481
-0.623391,-0.829368
-0.609783,-0.840023
-0.595995,-0.850442
-0.582031,-0.860623
-0.567896,-0.870562
-0.553593,-0.880257
-0.539127,-0.889704
-0.524501,-0.898902
-0.509721,-0.907847
-0.494791,-0.916536
-0.479715,-0.924967
-0.464497,-0.933138
-0.449143,-0.941046
-0.433656,-0.94869
-0.418041,-0.956065
-0.402303,-0.963172
-0.386447,-0.970006
-0.370477,-0.976567
-0.354397,-0.982853
-0.338214,-0.988861
-0.321931,-0.99459
-0.305553,-1.00004
-0.289085,-1.0052
-0.272532,-1.01009
-0.255899,-1.01468
-0.23919,-1.01899
-0.222412,-1.02302
-0.205568,-1.02675
-0.188664,-1.03019
-0.171705,-1.03335
-0.154695,-1.03621
-0.13764,-1.03877
-0.120545,-1.04105
-0.103415,-1.04303
-0.0862546,-1.04471
-0.0690692,-1.0461
-0.051864,-1.04719
-0.034644,-1.04799
-0.0174142,-1.04849
-0.000179884,-1.0487
0.017054,-1.04861
0.0342823,-1.04822
0.0514999,-1.04754
0.0687018,-1.04656
0.0858827,-1.04529
0.103038,-1.04372
0.120162,-1.04185
0.13725,-1.03969
0.154296,-1.03724
0.171297,-1.0345
0.188246,-1.03146
0.205139,-1.02814
0.221971,-1.02452
0.238736,-1.02061
0.255431,-1.01642
0.272049,-1.01194
0.288586,-1.00718
0.305037,-1.00213
0.321398,-0.996798
0.337662,-0.991188
0.353827,-0.985299
0.369886,-0.979133
0.385835,-0.972692
0.401669,-0.965977
0.417384,-0.958992
0.432975,-0.951738
0.448437,-0.944217
0.463765,-0.936431
0.478956,-0.928383
0.494005,-0.920075
0.508907,-0.91151
0.523658,-0.902691
0.538253,-0.893619
0.552689,-0.884297
0.56696,-0.874729
0.581063,-0.864918
0.594994,-0.854865
0.608748,-0.844575
0.622321,-0.83405
0.635709,-0.823293
0.648909,-0.812309
0.661916,-0.801099
0.674727,-0.789667
0.687338,-0.778017
0.699745,-0.766152
0.711944,-0.754076
0.723932,-0.741792
0.735705,-0.729305
0.74726,-0.716617
0.758593,-0.703733
0.769701,-0.690656
0.780581,-0.67739
0.79123,-0.66394
0.801643,-0.650308
0.81182,-0.636501
0.821755,-0.62252
0.831447,-0.608372
0.840892,-0.594059
0.850088,-0.579586
0.859031,-0.564958
0.86772,-0.550179
0.876152,-0.535253
0.884325,-0.520184
0.892235,-0.504978
0.89988,-0.489639
0.907259,-0.474171
0.914369,-0.458579
0.921208,-0.442867
0.927774,-0.427041
0.934065,-0.411104
0.940079,-0.395062
0.945815,-0.37892
0.95127,-0.362683
0.956444,-0.346354
0.961334,-0.329939
0.965939,-0.313444
0.970258,-0.296872
0.97429,-0.280229
0.978033,-0.26352
0.981486,-0.24675
0.984649,-0.229923
0.98752,-0.213045
0.990099,-0.196121
0.992384,-0.179155
0.994375,-0.162154
0.996072,-0.145121
0.997474,-0.128063
0.998581,-0.110984
0.999392,-0.0938886
0.999907,-0.0767828
1.00013,-0.0596714
1.00005,-0.0425594
0.999676,-0.0254521
0.999007,-0.00835441
0.998042,0.00872847
0.996782,0.0257915
0.995226,0.0428295
0.993376,0.0598376
0.991233,0.0768105
0.988795,0.0937433
0.986066,0.110631
0.983044,0.127468
0.979732,0.14425
0.976129,0.160972
0.972238,0.177629
0.968059,0.194216
0.963594,0.210727
0.958844,0.227158
0.95381,0.243505
0.948494,0.259762
0.942897,0.275924
0.937022,0.291986
0.93087,0.307945
0.924442,0.323794
0.917741,0.33953
0.910768,0.355147
0.903526,0.370641
0.896017,0.386008
0.888243,0.401243
0.880207,0.41634
0.87191,0.431297
0.863356,0.446107
0.854547,0.460768
0.845485,0.475274
0.836173,0.489621
0.826614,0.503805
0.81681,0.517822
0.806766,0.531667
0.796483,0.545337
0.785965,0.558827
0.775214,0.572133
0.764235,0.585252
0.75303,0.598179
0.741603,0.610911
0.729956,0.623443
0.718094,0.635773
0.70602,0.647895
0.693738,0.659808
0.681251,0.671507
0.668563,0.682988
0.655677,0.694249
0.642598,0.705285
0.62933,0.716094
0.615875,0.726673
0.60224,0.737018
0.588426,0.747126
0.574439,0.756994
0.560283,0.766619
0.545961,0.775999
0.531479,0.78513
0.516839,0.794009
0.502048,0.802635
0.487109,0.811004
0.472026,0.819115
0.456804,0.826964
0.441448,0.834549
0.425962,0.841868
0.41035,0.848919
0.394618,0.855699
0.37877,0.862208
0.362811,0.868441
0.346744,0.874399
0.330576,0.880078
0.314311,0.885478
0.297954,0.890597
0.28151,0.895432
0.264983,0.899983
0.248378,0.904249
0.231701,0.908227
0.214956,0.911917
0.198148,0.915318
0.181282,0.918428
0.164364,0.921247
0.147398,0.923773
0.130389,0.926007
0.113343,0.927947
0.0962637,0.929593
0.0791571,0.930943
0.062028,0.931999
0.0448815,0.932759
0.0277227,0.933223
0.0105567,0.93339
-0.00661143,0.933262
-0.0237766,0.932838
-0.0409337,0.932117
-0.0580777,0.931101
-0.0752034,0.929789
-0.0923058,0.928182
-0.10938,0.92628
-0.12642,0.924084
-0.143423,0.921594
-0.160381,0.918811
-0.177291,0.915736
-0.194147,0.91237
-0.210945,0.908713
-0.227679,0.904767
-0.244345,0.900533
-0.260937,0.896012
-0.27745,0.891205
-0.293881,0.886114
-0.310223,0.880741
-0.326472,0.875086
-0.342623,0.869151
-0.358671,0.862939
-0.374612,0.85645
-0.390441,0.849688
-0.406153,0.842653
-0.421743,0.835348
-0.437207,0.827775
-0.45254,0.819936
-0.467738,0.811834
-0.482796,0.80347
-0.49771,0.794848
-0.512475,0.785969
-0.527087,0.776837
-0.541542,0.767454
-0.555834,0.757822
-0.569961,0.747946
-0.583917,0.737826
-0.597699,0.727467
-0.611303,0.716872
-0.624723,0.706043
-0.637958,0.694984
-0.651002,0.683698
-0.663851,0.672188
-0.676503,0.660458
-0.688952,0.648511
-0.701196,0.636351
-0.713231,0.623981
-0.725052,0.611404
-0.736658,0.598626
-0.748043,0.585648
-0.759205,0.572475
-0.770141,0.559112
-0.780847,0.545561
-0.79132,0.531827
-0.801556,0.517914
-0.811554,0.503826
-0.821309,0.489567
-0.83082,0.475141
-0.840082,0.460553
-0.849094,0.445806
-0.857852,0.430906
-0.866355,0.415857
-0.874599,0.400662
-0.882581,0.385327
-0.890301,0.369855
-0.897755,0.354252
-0.904941,0.338522
-0.911857,0.32267
-0.918501,0.306701
-0.924871,0.290618
-0.930965,0.274427
-0.936781,0.258133
-0.942317,0.24174
-0.947572,0.225253
-0.952545,0.208678
-0.957233,0.192018
-0.961635,0.175279
-0.965751,0.158466
-0.969578,0.141583
-0.973116,0.124637
-0.976363,0.107631
-0.979319,0.0905704
-0.981982,0.0734607
-0.984352,0.0563068
-0.986429,0.0391138
-0.988211,0.0218866
-0.989697,0.00463032
-0.990889,-0.0126499
-0.991784,-0.029949
-0.992383,-0.0472619
-0.992686,-0.0645834
-0.992692,-0.0819086
-0.992402,-0.0992322
-0.991816,-0.116549
-0.990933,-0.133854
-0.989754,-0.151143
-0.988279,-0.168409
-0.98651,-0.185649
-0.984445,-0.202856
-0.982086,-0.220026
-0.979434,-0.237154
-0.976489,-0.254235
-0.973252,-0.271263
-0.969724,-0.288234
-0.965907,-0.305143
-0.9618,-0.321984
-0.957406,-0.338754
-0.952726,-0.355445
-0.947761,-0.372055
-0.942512,-0.388578
-0.936981,-0.405009
-0.931171,-0.421343
-0.925081,-0.437576
-0.918715,-0.453702
-0.912074,-0.469717
-0.905159,-0.485617
-0.897974,-0.501396
-0.89052,-0.517049
-0.8828,-0.532574
-0.874815,-0.547963
-0.866568,-0.563214
-0.858061,-0.578322
-0.849298,-0.593282
-0.84028,-0.60809
-0.83101,-0.622741
-0.821491,-0.637231
-0.811725,-0.651556
-0.801717,-0.665712
-0.791467,-0.679695
-0.780981,-0.693499
-0.77026,-0.707122
-0.759308,-0.72056
-0.748128,-0.733808
-0.736723,-0.746862
-0.725097,-0.759719
-0.713253,-0.772375
-0.701195,-0.784826
-0.688926,-0.797068
-0.67645,-0.809099
-0.66377,-0.820914
-0.650891,-0.832509
-0.637816,-0.843882
-0.624548,-0.855029
-0.611093,-0.865948
-0.597453,-0.876633
-0.583633,-0.887084
-0.569637,-0.897295
-0.555469,-0.907266
-0.541134,-0.916992
-0.526634,-0.92647
-0.511976,-0.935698
-0.497163,-0.944674
-0.482199,-0.953394
-0.467089,-0.961857
-0.451837,-0.970059
-0.436448,-0.977998
-0.420927,-0.985672
-0.405277,-0.993078
-0.389505,-1.00021
-0.373613,-1.00708
-0.357607,-1.01367
-0.341493,-1.01999
-0.325273,-1.02603
-0.308954,-1.03179
-0.29254,-1.03727
-0.276035,-1.04246
-0.259446,-1.04737
-0.242776,-1.052
-0.226031,-1.05634
-0.209215,-1.06039
-0.192334,-1.06416
-0.175393,-1.06763
-0.158396,-1.07081
-0.141348,-1.0737
-0.124255,-1.0763
-0.107122,-1.0786
-0.0899529,-1.08061
-0.072754,-1.08233
-0.0555298,-1.08375
-0.0382856,-1.08487
-0.0210264,-1.0857
-0.00375729,-1.08623
0.0135166,-1.08646
0.0307902,-1.0864
0.0480584,-1.08604
0.0653161,-1.08539
0.0825582,-1.08444
0.0997796,-1.08319
0.116975,-1.08165
0.13414,-1.07982
0.151269,-1.07769
0.168357,-1.07526
0.185399,-1.07255
0.202389,-1.06954
0.219324,-1.06624
0.236198,-1.06265
0.253005,-1.05877
0.269742,-1.0546
0.286403,-1.05015
0.302982,-1.04542
0.319476,-1.04039
0.33588,-1.03509
0.352188,-1.02951
0.368395,-1.02365
0.384498,-1.01751
0.40049,-1.01109
0.416369,-1.0044
0.432127,-0.997444
0.447763,-0.990216
0.463269,-0.982721
0.478643,-0.97496
0.493878,-0.966938
0.508972,-0.958655
0.523919,-0.950116
0.538716,-0.941321
0.553357,-0.932273
0.567838,-0.922976
0.582155,-0.913433
0.596305,-0.903645
0.610282,-0.893617
0.624082,-0.88335
0.637702,-0.872849
0.651138,-0.862115
0.664385,-0.851153
0.67744,-0.839966
0.690298,-0.828557
0.702956,-0.81693
0.715411,-0.805087
0.727658,-0.793033
0.739695,-0.780771
0.751516,-0.768304
0.76312,-0.755637
0.774502,-0.742774
0.78566,-0.729717
0.796589,-0.716472
0.807287,-0.703041
0.81775,-0.68943
0.827976,-0.675642
0.837962,-0.66168
0.847704,-0.64755
0.857199,-0.633256
0.866446,-0.618802
0.87544,-0.604191
0.88418,-0.589429
0.892663,-0.574521
0.900886,-0.559469
0.908848,-0.544279
0.916545,-0.528956
0.923975,-0.513504
0.931137,-0.497927
0.938028,-0.48223
0.944646,-0.466419
0.950989,-0.450497
0.957056,-0.434469
0.962844,-0.418341
0.968352,-0.402116
0.973578,-0.3858
0.978521,-0.369398
0.983179,-0.352915
0.987551,-0.336355
0.991636,-0.319723
0.995433,-0.303025
0.998939,-0.286265
1.00216,-0.269449
1.00508,-0.252581
1.00771,-0.235666
1.01005,-0.21871
1.0121,-0.201717
1.01385,-0.184693
1.0153,-0.167643
1.01646,-0.150571
1.01733,-0.133483
1.0179,-0.116384
1.01817,-0.0992792
1.01815,-0.0821733
1.01783,-0.0650717
1.01721,-0.0479794
1.0163,-0.0309015
1.01509,-0.0138431
1.01359,0.00319074
1.0118,0.0201949
1.00971,0.0371643
1.00732,0.054094
1.00465,0.0709787
1.00168,0.0878137
0.998421,0.104594
0.994872,0.121314
0.991035,0.137969
0.98691,0.154555
0.982498,0.171065
0.977802,0.187496
0.972821,0.203843
0.967559,0.220099
0.962016,0.236262
0.956194,0.252325
0.950095,0.268285
0.94372,0.284136
0.937072,0.299873
0.930153,0.315493
0.922964,0.330989
0.915508,0.346358
0.907788,0.361596
0.899804,0.376696
0.89156,0.391656
0.883059,0.406471
0.874302,0.421135
0.865292,0.435645
0.856033,0.449997
0.846526,0.464186
0.836775,0.478208
0.826783,0.492058
0.816552,0.505734
0.806086,0.519229
0.795388,0.532541
0.78446,0.545666
0.773307,0.5586
0.761931,0.571338
0.750336,0.583877
0.738526,0.596214
0.726503,0.608344
0.714272,0.620263
0.701836,0.63197
0.689199,0.643459
0.676365,0.654728
0.663337,0.665773
0.650119,0.67659
0.636715,0.687177
0.62313,0.697531
0.609367,0.707648
0.59543,0.717525
0.581324,0.72716
0.567053,0.736549
0.55262,0.745689
0.538031,0.754579
0.52329,0.763215
0.5084,0.771594
0.493367,0.779715
0.478195,0.787575
0.462888,0.795171
0.447452,0.802501
0.43189,0.809563
0.416206,0.816355
0.400407,0.822874
0.384497,0.829119
0.368479,0.835089
0.35236,0.84078
0.336144,0.846192
0.319835,0.851323
0.303439,0.856171
0.28696,0.860734
0.270403,0.865012
0.253774,0.869004
0.237077,0.872707
0.220317,0.876121
0.203499,0.879244
0.186628,0.882077
0.169709,0.884617
0.152748,0.886864
0.135748,0.888818
0.118716,0.890478
0.101656,0.891843
0.0845735,0.892913
0.0674734,0.893687
0.0503609,0.894166
0.0332409,0.894349
0.0161187,0.894236
-0.00100078,0.893826
-0.0181124,0.893121
-0.035211,0.89212
-0.0522915,0.890824
-0.069349,0.889233
-0.0863782,0.887347
-0.103374,0.885166
-0.120332,0.882692
-0.137246,0.879926
-0.154112,0.876867
-0.170925,0.873517
-0.187679,0.869877
-0.20437,0.865948
-0.220992,0.861731
-0.237541,0.857227
-0.254012,0.852437
-0.2704,0.847363
-0.2867,0.842007
-0.302907,0.836369
-0.319016,0.830452
-0.335023,0.824257
-0.350923,0.817786
-0.366711,0.811041
-0.382382,0.804024
-0.397932,0.796736
-0.413356,0.789181
-0.42865,0.78136
-0.443808,0.773275
-0.458827,0.76493
-0.473702,0.756325
-0.488428,0.747464
-0.503001,0.73835
-0.517418,0.728985
-0.531672,0.719372
-0.545761,0.709513
-0.55968,0.699411
-0.573425,0.68907
-0.586992,0.678493
-0.600377,0.667682
-0.613575,0.656641
-0.626583,0.645372
-0.639397,0.63388
-0.652013,0.622168
-0.664428,0.610238
-0.676637,0.598095
-0.688637,0.585743
-0.700425,0.573183
-0.711997,0.560422
-0.723349,0.547461
-0.734478,0.534306
-0.745381,0.520959
-0.756054,0.507425
-0.766495,0.493707
-0.776699,0.479811
-0.786665,0.465739
-0.796389,0.451496
-0.805868,0.437086
-0.8151,0.422513
-0.824081,0.407782
-0.832809,0.392897
-0.841281,0.377863
-0.849501,0.362672
-0.857454,0.347352
-0.865144,0.331895
-0.872569,0.316306
-0.879726,0.30059
-0.886613,0.284751
-0.893229,0.268795
-0.89957,0.252725
-0.905636,0.236547
-0.911424,0.220266
-0.916932,0.203885
-0.92216,0.18741
-0.927105,0.170846
-0.931766,0.154198
-0.936141,0.13747
-0.94023,0.120668
-0.94403,0.103796
-0.947541,0.0868591
-0.950762,0.0698629
-0.953691,0.0528121
-0.956328,0.0357116
-0.958673,0.0185666
-0.960723,0.00138198
-0.962479,-0.0158371
-0.96394,-0.0330855
-0.965105,-0.0503582
-0.965975,-0.0676502
-0.966548,-0.0849563
-0.966825,-0.102271
-0.966806,-0.11959
-0.96649,-0.136908
-0.965878,-0.15422
-0.96497,-0.17152
-0.963765,-0.188804
-0.962265,-0.206066
-0.960469,-0.223301
-0.958379,-0.240505
-0.955995,-0.257672
-0.953316,-0.274797
-0.950346,-0.291875
-0.947083,-0.308901
-0.943529,-0.32587
-0.939685,-0.342778
-0.935553,-0.359618
-0.931132,-0.376386
-0.926425,-0.393077
-0.921434,-0.409687
-0.916158,-0.42621
-0.910601,-0.442641
-0.904763,-0.458976
-0.898646,-0.47521
-0.892252,-0.491337
-0.885584,-0.507354
-0.878642,-0.523256
-0.871429,-0.539037
-0.863947,-0.554693
-0.856198,-0.57022
-0.848184,-0.585613
-0.839908,-0.600867
-0.831373,-0.615978
-0.82258,-0.630942
-0.813532,-0.645754
-0.804233,-0.660409
-0.794684,-0.674904
-0.784888,-0.689234
-0.774849,-0.703395
-0.764569,-0.717383
-0.754051,-0.731193
-0.743299,-0.744821
-0.732315,-0.758265
-0.721103,-0.771518
-0.709666,-0.784579
-0.698008,-0.797442
-0.686131,-0.810104
-0.67404,-0.822562
-0.661737,-0.834811
-0.649228,-0.846848
-0.636514,-0.85867
-0.6236,-0.870272
-0.61049,-0.881652
-0.597188,-0.892807
-0.583697,-0.903732
-0.570022,-0.914425
-0.556166,-0.924883
-0.542134,-0.935102
-0.527929,-0.94508
-0.513557,-0.954813
-0.499021,-0.9643
-0.484325,-0.973536
-0.469474,-0.982519
-0.454472,-0.991247
-0.439323,-0.999717
-0.424033,-1.00793
-0.408605,-1.01587
-0.393044,-1.02355
-0.377355,-1.03097
-0.361543,-1.03811
-0.345611,-1.04499
-0.329565,-1.05158
-0.313409,-1.05791
-0.297149,-1.06395
-0.280788,-1.06972
-0.264332,-1.07521
-0.247786,-1.08041
-0.231155,-1.08533
-0.214442,-1.08996
-0.197655,-1.09431
-0.180796,-1.09837
-0.163872,-1.10214
-0.146887,-1.10562
-0.129846,-1.10881
-0.112755,-1.1117
-0.0956174,-1.11431
-0.0784396,-1.11662
-0.0612263,-1.11863
-0.0439825,-1.12035
-0.0267134,-1.12178
-0.00942387,-1.12291
0.0078808,-1.12374
0.0251956,-1.12427
0.0425154,-1.12451
0.059835,-1.12446
0.0771495,-1.1241
0.0944536,-1.12345
0.111742,-1.12251
0.12901,-1.12127
0.146253,-1.11973
0.163465,-1.1179
0.180641,-1.11577
0.197776,-1.11335
0.214866,-1.11064
0.231904,-1.10763
0.248887,-1.10434
0.265809,-1.10075
0.282664,-1.09688
0.299449,-1.09271
0.316158,-1.08826
0.332787,-1.08353
0.349329,-1.07851
0.365781,-1.07321
0.382138,-1.06762
0.398395,-1.06176
0.414546,-1.05562
0.430588,-1.04921
0.446516,-1.04252
0.462324,-1.03557
0.478009,-1.02834
0.493565,-1.02084
0.508988,-1.01308
0.524274,-1.00506
0.539417,-0.996777
0.554414,-0.988237
0.569261,-0.979441
0.583952,-0.970393
0.598483,-0.961095
0.612851,-0.95155
0.627051,-0.941761
0.641078,-0.931731
0.654929,-0.921463
0.668599,-0.910959
0.682086,-0.900224
0.695383,-0.889259
0.708489,-0.87807
0.721398,-0.866658
0.734107,-0.855027
0.746613,-0.843182
0.758911,-0.831124
0.770999,-0.818858
0.782871,-0.806388
0.794526,-0.793718
0.80596,-0.78085
0.817168,-0.767789
0.828149,-0.754539
0.838898,-0.741104
0.849413,-0.727488
0.859691,-0.713694
0.869727,-0.699728
0.879521,-0.685592
0.889068,-0.671292
0.898366,-0.656832
0.907412,-0.642215
0.916204,-0.627447
0.924739,-0.612531
0.933014,-0.597473
0.941028,-0.582276
0.948777,-0.566946
0.956259,-0.551486
0.963473,-0.535901
0.970416,-0.520196
0.977086,-0.504376
0.983481,-0.488446
0.9896,-0.472409
0.99544,-0.456272
1.001,-0.440038
1.00628,-0.423712
1.01127,-0.4073
1.01598,-0.390807
1.02041,-0.374236
1.02455,-0.357594
1.02839,-0.340885
1.03195,-0.324114
1.03522,-0.307286
1.0382,-0.290406
1.04088,-0.273479
1.04327,-0.25651
1.04537,-0.239504
1.04717,-0.222467
1.04868,-0.205403
1.04989,-0.188317
1.05081,-0.171215
1.05143,-0.154102
1.05176,-0.136982
1.05179,-0.119861
1.05152,-0.102744
1.05096,-0.0856357
1.0501,-0.0685416
1.04894,-0.0514667
1.04749,-0.0344159
1.04575,-0.0173945
1.04371,-0.00040749
1.04138,0.0165401
1.03875,0.0334432
1.03584,0.0502969
1.03263,0.067096
1.02913,0.0838355
1.02535,0.100511
1.02127,0.117116
1.01691,0.133647
1.01227,0.150099
1.00734,0.166467
1.00213,0.182745
0.996633,0.19893
0.990861,0.215016
0.984812,0.230998
0.978488,0.246872
0.971889,0.262633
0.96502,0.278276
0.95788,0.293796
0.950474,0.30919
0.942802,0.324452
0.934867,0.339578
0.926672,0.354564
0.918219,0.369404
0.909511,0.384095
0.900549,0.398632
0.891338,0.41301
0.881879,0.427226
0.872176,0.441276
0.862231,0.455154
0.852047,0.468858
0.841628,0.482382
0.830976,0.495723
0.820095,0.508877
0.808988,0.52184
0.797658,0.534608
0.786109,0.547177
0.774344,0.559544
0.762367,0.571704
0.750181,0.583655
0.737789,0.595393
0.725197,0.606914
0.712407,0.618214
0.699423,0.629291
0.686249,0.640141
0.672889,0.65076
0.659347,0.661147
0.645627,0.671297
0.631733,0.681207
0.617669,0.690875
0.60344,0.700298
0.58905,0.709472
0.574503,0.718396
0.559803,0.727066
0.544955,0.73548
0.529963,0.743636
0.514831,0.75153
0.499565,0.759161
0.484169,0.766526
0.468647,0.773624
0.453003,0.780451
0.437244,0.787006
0.421373,0.793288
0.405394,0.799293
0.389314,0.805021
0.373136,0.810469
0.356866,0.815636
0.340508,0.820521
0.324067,0.825121
0.307548,0.829436
0.290956,0.833464
0.274296,0.837204
0.257573,0.840656
0.240792,0.843817
0.223958,0.846686
0.207076,0.849264
0.19015,0.851549
0.173187,0.853541
0.15619,0.855239
0.139166,0.856642
0.122119,0.85775
0.105054,0.858562
0.0879761,0.859079
0.0708909,0.8593
0.0538032,0.859225
0.036718,0.858855
0.0196406,0.858188
0.00257587,0.857226
-0.014471,0.855968
-0.0314949,0.854416
-0.0484908,0.852569
-0.0654536,0.850427
-0.0823784,0.847992
-0.0992599,0.845265
-0.116093,0.842245
-0.132873,0.838935
-0.149595,0.835334
-0.166254,0.831444
-0.182845,0.827266
-0.199362,0.822801
-0.215802,0.818051
-0.232159,0.813017
-0.248428,0.8077
-0.264604,0.802102
-0.280682,0.796224
-0.296659,0.790069
-0.312529,0.783638
-0.328286,0.776933
-0.343928,0.769955
-0.359448,0.762708
-0.374843,0.755193
-0.390107,0.747412
-0.405236,0.739367
-0.420226,0.731061
-0.435072,0.722497
-0.44977,0.713676
-0.464315,0.704602
-0.478704,0.695277
-0.49293,0.685704
-0.506992,0.675885
-0.520883,0.665824
-0.534601,0.655523
-0.548141,0.644986
-0.561499,0.634215
-0.574671,0.623214
-0.587652,0.611986
-0.60044,0.600534
-0.613031,0.588862
-0.62542,0.576973
-0.637604,0.56487
-0.649579,0.552557
-0.661341,0.540038
-0.672888,0.527317
-0.684216,0.514396
-0.695321,0.501281
-0.706199,0.487974
-0.716849,0.47448
-0.727266,0.460802
-0.737448,0.446945
-0.74739,0.432913
-0.757092,0.41871
-0.766548,0.404339
-0.775757,0.389806
-0.784716,0.375115
-0.793423,0.360269
-0.801873,0.345274
-0.810066,0.330133
-0.817998,0.314852
-0.825668,0.299434
-0.833072,0.283884
-0.840209,0.268207
-0.847076,0.252407
-0.853672,0.236489
-0.859993,0.220457
-0.86604,0.204318
-0.871809,0.188074
-0.877299,0.171731
-0.882508,0.155294
-0.887434,0.138768
-0.892077,0.122156
-0.896434,0.105466
-0.900505,0.0887003
-0.904288,0.071865
-0.907782,0.0549649
-0.910986,0.038005
-0.913898,0.0209901
-0.916519,0.00392547
-0.918846,-0.013184
-0.92088,-0.0303333
-0.92262,-0.0475173
-0.924065,-0.0647309
-0.925214,-0.0819691
-0.926068,-0.0992268
-0.926626,-0.116499
-0.926888,-0.13378
-0.926854,-0.151066
-0.926523,-0.168351
-0.925896,-0.185629
-0.924973,-0.202897
-0.923754,-0.220148
-0.922239,-0.237379
-0.920429,-0.254582
-0.918324,-0.271755
-0.915925,-0.288891
-0.913233,-0.305985
-0.910248,-0.323033
-0.906971,-0.340029
-0.903404,-0.356968
-0.899546,-0.373846
-0.895399,-0.390657
-0.890965,-0.407397
-0.886244,-0.42406
-0.881239,-0.440641
-0.875949,-0.457137
-0.870378,-0.473541
-0.864526,-0.489848
-0.858396,-0.506055
-0.851988,-0.522157
-0.845305,-0.538148
-0.838349,-0.554023
-0.831122,-0.569779
-0.823626,-0.585411
-0.815863,-0.600913
-0.807835,-0.616282
-0.799545,-0.631512
-0.790995,-0.646599
-0.782187,-0.66154
-0.773125,-0.676329
-0.76381,-0.690962
-0.754246,-0.705434
-0.744435,-0.719742
-0.734381,-0.733881
-0.724085,-0.747847
-0.713552,-0.761637
-0.702784,-0.775245
-0.691784,-0.788667
-0.680555,-0.801901
-0.669102,-0.814941
-0.657427,-0.827785
-0.645533,-0.840428
-0.633425,-0.852866
-0.621105,-0.865097
-0.608577,-0.877115
-0.595846,-0.888918
-0.582914,-0.900503
-0.569785,-0.911865
-0.556464,-0.923002
-0.542954,-0.93391
-0.52926,-0.944586
-0.515384,-0.955027
-0.501332,-0.965229
-0.487108,-0.97519
-0.472715,-0.984907
-0.458157,-0.994377
-0.44344,-1.0036
-0.428568,-1.01256
-0.413544,-1.02128
-0.398374,-1.02973
-0.383061,-1.03792
-0.36761,-1.04586
-0.352026,-1.05352
-0.336314,-1.06092
-0.320477,-1.06805
-0.304522,-1.07491
-0.288451,-1.08149
-0.272271,-1.0878
-0.255985,-1.09383
-0.239599,-1.09958
-0.223117,-1.10505
-0.206545,-1.11024
-0.189887,-1.11515
-0.173148,-1.11977
-0.156333,-1.1241
-0.139447,-1.12814
-0.122495,-1.1319
-0.105481,-1.13536
-0.088412,-1.13854
-0.0712917,-1.14142
-0.0541253,-1.14401
-0.036918,-1.1463
-0.0196749,-1.1483
-0.00240089,-1.15001
0.0148988,-1.15141
0.0322191,-1.15253
0.0495549,-1.15334
0.0669011,-1.15387
0.0842526,-1.15409
0.101604,-1.15402
0.118951,-1.15365
0.136288,-1.15298
0.153609,-1.15202
0.170911,-1.15076
0.188187,-1.14921
0.205432,-1.14736
0.222642,-1.14521
0.239812,-1.14278
0.256936,-1.14005
0.274009,-1.13702
0.291026,-1.13371
0.307983,-1.13011
0.324874,-1.12621
0.341695,-1.12203
0.35844,-1.11756
0.375104,-1.11281
0.391683,-1.10777
0.408171,-1.10245
0.424565,-1.09685
0.440858,-1.09097
0.457047,-1.08481
0.473126,-1.07837
0.48909,-1.07167
0.504936,-1.06469
0.520658,-1.05744
0.536252,-1.04992
0.551713,-1.04214
0.567036,-1.0341
0.582218,-1.02579
0.597253,-1.01723
0.612138,-1.00841
0.626867,-0.99934
0.641437,-0.990019
0.655843,-0.980451
0.670082,-0.970638
0.684148,-0.960584
0.698037,-0.950292
0.711747,-0.939765
0.725272,-0.929005
0.738609,-0.918016
0.751753,-0.906801
0.764701,-0.895364
0.77745,-0.883708
0.789994,-0.871837
0.802332,-0.859754
0.814458,-0.847462
0.82637,-0.834965
0.838064,-0.822268
0.849536,-0.809374
0.860784,-0.796286
0.871804,-0.783009
0.882593,-0.769546
0.893147,-0.755902
0.903463,-0.742081
0.913539,-0.728086
0.923372,-0.713922
0.932958,-0.699593
0.942295,-0.685104
0.95138,-0.670458
0.960211,-0.655661
0.968785,-0.640716
0.977099,-0.625628
0.985151,-0.610401
0.992939,-0.59504
1.00046,-0.57955
1.00771,-0.563935
1.01469,-0.5482
1.0214,-0.532349
1.02784,-0.516387
1.03399,-0.50032
1.03987,-0.484151
1.04547,-0.467885
1.05079,-0.451528
1.05582,-0.435084
1.06057,-0.418558
1.06503,-0.401955
1.06921,-0.38528
1.07309,-0.368538
1.07669,-0.351734
1.08,-0.334873
1.08301,-0.31796
1.08573,-0.300999
1.08816,-0.283997
1.0903,-0.266957
1.09214,-0.249886
1.09368,-0.232788
1.09493,-0.215668
1.09589,-0.198531
1.09655,-0.181383
1.09691,-0.164228
1.09697,-0.147072
1.09674,-0.129919
1.09622,-0.112775
1.0954,-0.0956454
1.09428,-0.0785345
1.09286,-0.0614476
1.09116,-0.0443898
1.08915,-0.0273663
1.08686,-0.0103819
1.08427,0.00655813
1.08139,0.0234489
1.07822,0.0402853
1.07476,0.0570624
1.07101,0.0737752
1.06697,0.0904187
1.06264,0.106988
1.05803,0.123478
1.05314,0.139884
1.04796,0.156202
1.0425,0.172425
1.03677,0.18855
1.03075,0.204572
1.02446,0.220485
1.0179,0.236286
1.01106,0.251969
1.00396,0.26753
0.996582,0.282964
0.988944,0.298267
0.981043,0.313434
0.972881,0.328461
0.964461,0.343342
0.955785,0.358075
0.946856,0.372653
0.937677,0.387074
0.92825,0.401332
0.918579,0.415424
0.908665,0.429346
0.898513,0.443092
0.888125,0.456659
0.877504,0.470044
0.866654,0.483242
0.855577,0.496248
0.844278,0.50906
0.832759,0.521674
0.821024,0.534085
0.809076,0.546291
0.796919,0.558287
0.784557,0.570069
0.771993,0.581636
0.759231,0.592982
0.746275,0.604104
0.733129,0.615
0.719796,0.625666
0.706281,0.636099
0.692588,0.646295
0.678721,0.656253
0.664684,0.665968
0.65048,0.675438
0.636116,0.68466
0.621594,0.693631
0.606919,0.702349
0.592095,0.710811
0.577127,0.719015
0.56202,0.726958
0.546777,0.734637
0.531404,0.742051
0.515905,0.749197
0.500284,0.756074
0.484547,0.762678
0.468697,0.769009
0.45274,0.775063
0.436681,0.780841
0.420524,0.786339
0.404274,0.791556
0.387936,0.79649
0.371515,0.80114
0.355015,0.805506
0.338442,0.809584
0.321801,0.813375
0.305096,0.816876
0.288333,0.820088
0.271516,0.823008
0.254651,0.825637
0.237742,0.827973
0.220795,0.830015
0.203815,0.831764
0.186806,0.833218
0.169774,0.834377
0.152724,0.835241
0.135661,0.835809
0.11859,0.836081
0.101517,0.836057
0.0844451,0.835738
0.0673809,0.835123
0.0503292,0.834212
0.033295,0.833005
0.0162833,0.831504
-0.000700622,0.829708
-0.0176518,0.827618
-0.0345653,0.825235
-0.0514358,0.822559
-0.0682585,0.81959
-0.0850283,0.816331
-0.10174,0.812782
-0.118389,0.808943
-0.13497,0.804816
-0.151479,0.800403
-0.167909,0.795704
-0.184258,0.790721
-0.200518,0.785455
-0.216686,0.779908
-0.232757,0.774081
-0.248726,0.767977
-0.264589,0.761597
-0.280339,0.754943
-0.295974,0.748016
-0.311488,0.74082
-0.326876,0.733355
-0.342134,0.725625
-0.357258,0.717631
-0.372243,0.709376
-0.387084,0.700862
-0.401776,0.692092
-0.416317,0.683068
-0.430701,0.673793
-0.444923,0.66427
-0.458981,0.654502
-0.472868,0.644491
-0.486582,0.63424
-0.500119,0.623753
-0.513473,0.613032
-0.526642,0.602081
-0.539621,0.590902
-0.552406,0.5795
-0.564994,0.567878
-0.577381,0.556038
-0.589563,0.543985
-0.601536,0.531721
-0.613297,0.519252
-0.624843,0.506579
-0.636169,0.493708
-0.647273,0.480642
-0.658151,0.467384
-0.6688,0.453938
-0.679216,0.44031
-0.689397,0.426501
-0.69934,0.412518
-0.709041,0.398363
-0.718498,0.384041
-0.727707,0.369557
-0.736667,0.354914
-0.745374,0.340116
-0.753826,0.325169
-0.762019,0.310076
-0.769953,0.294842
-0.777624,0.279472
-0.785029,0.26397
-0.792168,0.24834
-0.799037,0.232587
-0.805635,0.216717
-0.811959,0.200733
-0.818008,0.18464
-0.823779,0.168443
-0.829272,0.152147
-0.834484,0.135757
-0.839414,0.119277
-0.84406,0.102712
-0.848421,0.0860678
-0.852495,0.0693485
-0.856282,0.0525593
-0.859779,0.0357051
-0.862987,0.0187908
-0.865904,0.00182159
-0.868529,-0.0151977
-0.870861,-0.0322619
-0.872899,-0.049366
-0.874644,-0.0665051
-0.876094,-0.0836739
-0.877249,-0.100868
-0.878108,-0.118081
-0.878671,-0.135309
-0.878939,-0.152546
-0.87891,-0.169788
-0.878585,-0.187029
-0.877964,-0.204264
-0.877047,-0.221488
-0.875834,-0.238697
-0.874325,-0.255884
-0.872522,-0.273045
-0.870424,-0.290175
-0.868032,-0.307269
-0.865346,-0.324321
-0.862368,-0.341327
-0.859099,-0.358282
-0.855538,-0.37518
-0.851687,-0.392017
-0.847548,-0.408787
-0.843121,-0.425486
-0.838408,-0.442109
-0.83341,-0.45865
-0.828129,-0.475105
-0.822565,-0.49147
-0.816721,-0.507738
-0.810598,-0.523906
-0.804199,-0.539969
-0.797524,-0.555921
-0.790576,-0.571759
-0.783357,-0.587477
-0.775868,-0.60307
-0.768113,-0.618535
-0.760093,-0.633867
-0.751811,-0.64906
-0.743269,-0.664111
-0.73447,-0.679016
-0.725416,-0.693768
-0.716109,-0.708366
-0.706553,-0.722803
-0.69675,-0.737076
-0.686703,-0.75118
-0.676416,-0.765112
-0.66589,-0.778867
-0.65513,-0.792441
-0.644138,-0.80583
-0.632917,-0.81903
-0.621471,-0.832038
-0.609803,-0.844848
-0.597917,-0.857459
-0.585816,-0.869865
-0.573503,-0.882064
-0.560982,-0.894051
-0.548258,-0.905823
-0.535332,-0.917376
-0.522211,-0.928708
-0.508896,-0.939814
-0.495392,-0.950692
-0.481704,-0.961338
-0.467834,-0.971749
-0.453788,-0.981922
-0.439569,-0.991854
-0.425181,-1.00154
-0.410629,-1.01098
-0.395917,-1.02017
-0.381049,-1.02911
-0.36603,-1.0378
-0.350863,-1.04622
-0.335555,-1.05439
-0.320108,-1.06229
-0.304527,-1.06993
-0.288818,-1.07731
-0.272985,-1.08441
-0.257031,-1.09124
-0.240963,-1.0978
-0.224785,-1.10408
-0.208501,-1.11008
-0.192117,-1.11581
-0.175637,-1.12126
-0.159065,-1.12642
-0.142408,-1.1313
-0.125669,-1.13589
-0.108854,-1.1402
-0.0919678,-1.14422
-0.075015,-1.14795
-0.0580009,-1.15139
-0.0409304,-1.15454
-0.0238085,-1.15739
-0.00664036,-1.15996
0.0105691,-1.16223
0.0278148,-1.1642
0.0450916,-1.16588
0.0623944,-1.16727
0.0797182,-1.16836
0.0970578,-1.16915
0.114408,-1.16965
0.131764,-1.16984
0.149121,-1.16975
0.166473,-1.16935
0.183815,-1.16866
0.201142,-1.16768
0.21845,-1.16639
0.235732,-1.16482
0.252984,-1.16294
0.270202,-1.16077
0.287378,-1.15831
0.30451,-1.15556
0.321591,-1.15251
0.338617,-1.14917
0.355583,-1.14554
0.372483,-1.14162
0.389313,-1.13741
0.406067,-1.13292
0.422741,-1.12814
0.43933,-1.12308
0.455829,-1.11773
0.472233,-1.1121
0.488537,-1.10619
0.504737,-1.10001
0.520828,-1.09355
0.536804,-1.08681
0.552662,-1.07981
0.568396,-1.07253
0.584002,-1.06499
0.599476,-1.05718
0.614813,-1.04911
0.630008,-1.04077
0.645056,-1.03218
0.659954,-1.02334
0.674697,-1.01424
0.689281,-1.00489
0.703702,-0.995288
0.717954,-0.985446
0.732035,-0.975362
0.745939,-0.96504
0.759663,-0.954482
0.773203,-0.943691
0.786555,-0.932672
0.799715,-0.921426
0.812678,-0.909957
0.825442,-0.89827
0.838002,-0.886366
0.850355,-0.87425
0.862498,-0.861926
0.874425,-0.849397
0.886135,-0.836666
0.897624,-0.823739
0.908888,-0.810617
0.919924,-0.797306
0.930728,-0.783809
0.941299,-0.77013
0.951631,-0.756274
0.961724,-0.742244
0.971573,-0.728045
0.981175,-0.713681
0.990529,-0.699156
0.99963,-0.684474
1.00848,-0.66964
1.01707,-0.654658
1.0254,-0.639533
1.03347,-0.624269
1.04127,-0.608871
1.04881,-0.593343
1.05608,-0.57769
1.06307,-0.561916
1.0698,-0.546027
1.07625,-0.530026
1.08242,-0.51392
1.08832,-0.497711
1.09393,-0.481406
1.09926,-0.465009
1.10431,-0.448525
1.10908,-0.431959
1.11356,-0.415316
1.11775,-0.3986
1.12165,-0.381817
1.12526,-0.364972
1.12858,-0.34807
1.13161,-0.331115
1.13435,-0.314113
1.13679,-0.297068
1.13894,-0.279987
1.1408,-0.262873
1.14236,-0.245732
1.14362,-0.22857
1.14459,-0.21139
1.14526,-0.194199
1.14564,-0.177001
1.14572,-0.159801
1.1455,-0.142605
1.14499,-0.125418
1.14418,-0.108244
1.14307,-0.0910888
1.14167,-0.0739578
1.13998,-0.0568557
1.13799,-0.0397876
1.13571,-0.0227587
1.13313,-0.00577384
1.13026,0.0111618
1.1271,0.0280433
1.12365,0.0448656
1.11992,0.0616237
1.11589,0.0783126
1.11158,0.0949275
1.10698,0.111463
1.10209,0.127915
1.09693,0.144279
1.09148,0.160548
1.08575,0.176719
1.07975,0.192787
1.07347,0.208747
1.06692,0.224594
1.06009,0.240324
1.053,0.255932
1.04563,0.271413
1.03801,0.286763
1.03011,0.301977
1.02196,0.31705
1.01355,0.331979
1.00488,0.346759
0.995964,0.361385
0.986793,0.375853
0.977375,0.390159
0.967712,0.404299
0.957807,0.418268
0.947663,0.432062
0.937283,0.445677
0.92667,0.45911
0.915827,0.472356
0.904758,0.485411
0.893465,0.498271
0.881953,0.510933
0.870225,0.523393
0.858283,0.535647
0.846133,0.547692
0.833777,0.559523
0.821219,0.571138
0.808463,0.582533
0.795512,0.593705
0.782372,0.60465
0.769044,0.615365
0.755534,0.625847
0.741846,0.636093
0.727983,0.6461
0.71395,0.655865
0.699751,0.665384
0.68539,0.674656
0.670871,0.683677
0.6562,0.692445
0.641379,0.700957
0.626414,0.70921
0.611309,0.717203
0.596069,0.724933
0.580698,0.732397
0.5652,0.739593
0.549581,0.74652
0.533845,0.753174
0.517997,0.759555
0.502041,0.765661
0.485982,0.771488
0.469825,0.777037
0.453575,0.782304
0.437236,0.787289
0.420814,0.79199
0.404314,0.796406
0.38774,0.800535
0.371097,0.804377
0.35439,0.807929
0.337624,0.811191
0.320805,0.814163
0.303937,0.816842
0.287025,0.819229
0.270074,0.821322
0.25309,0.823122
0.236077,0.824626
0.219041,0.825836
0.201986,0.826751
0.184918,0.82737
0.167841,0.827693
0.150762,0.82772
0.133684,0.827451
0.116613,0.826887
0.0995545,0.826026
0.0825131,0.824871
0.0654939,0.82342
0.048502,0.821675
0.0315426,0.819635
0.0146206,0.817302
-0.00225896,0.814676
-0.0190909,0.811758
-0.0358704,0.808549
-0.0525923,0.80505
-0.0692516,0.801261
-0.0858434,0.797185
-0.102363,0.792821
-0.118805,0.788172
-0.135165,0.783239
-0.151437,0.778022
-0.167618,0.772525
-0.183701,0.766748
-0.199683,0.760693
-0.215559,0.754362
-0.231323,0.747757
-0.246972,0.740879
-0.2625,0.733732
-0.277903,0.726316
-0.293176,0.718634
-0.308315,0.710688
-0.323315,0.702481
-0.338172,0.694016
-0.352881,0.685294
-0.367438,0.676318
-0.381838,0.66709
-0.396078,0.657615
-0.410153,0.647894
-0.424058,0.63793
-0.43779,0.627726
-0.451345,0.617286
-0.464717,0.606612
-0.477905,0.595707
-0.490903,0.584575
-0.503707,0.573219
-0.516315,0.561642
-0.528721,0.549848
-0.540923,0.537841
-0.552916,0.525623
-0.564698,0.513198
-0.576264,0.500571
-0.587611,0.487745
-0.598736,0.474723
-0.609635,0.461509
-0.620305,0.448108
-0.630743,0.434524
-0.640946,0.42076
-0.650911,0.40682
-0.660634,0.392709
-0.670114,0.37843
-0.679346,0.363989
-0.688328,0.349388
-0.697058,0.334634
-0.705533,0.319729
-0.71375,0.304679
-0.721707,0.289487
-0.729401,0.274159
-0.736831,0.258699
-0.743993,0.243111
-0.750886,0.2274
-0.757508,0.21157
-0.763857,0.195627
-0.76993,0.179576
-0.775726,0.16342
-0.781244,0.147164
-0.78648,0.130814
-0.791435,0.114375
-0.796106,0.0978499
-0.800492,0.0812454
-0.804592,0.0645658
-0.808404,0.047816
-0.811927,0.0310011
-0.815161,0.014126
-0.818103,-0.00280431
-0.820754,-0.0197848
-0.823112,-0.0368104
-0.825177,-0.0538762
-0.826947,-0.070977
-0.828424,-0.0881078
-0.829605,-0.105264
-0.83049,-0.122439
-0.83108,-0.139629
-0.831374,-0.156829
-0.831372,-0.174034
-0.831074,-0.191238
-0.83048,-0.208437
-0.82959,-0.225624
-0.828404,-0.242796
-0.826922,-0.259947
-0.825146,-0.277072
-0.823075,-0.294166
-0.82071,-0.311224
-0.818052,-0.328241
-0.815101,-0.345212
-0.811859,-0.362131
-0.808326,-0.378994
-0.804503,-0.395796
-0.800391,-0.412532
-0.795992,-0.429197
-0.791307,-0.445785
-0.786337,-0.462293
-0.781083,-0.478714
-0.775547,-0.495045
-0.769731,-0.51128
-0.763636,-0.527415
-0.757264,-0.543444
-0.750618,-0.559364
-0.743698,-0.575169
-0.736507,-0.590854
-0.729046,-0.606416
-0.721319,-0.621849
-0.713328,-0.637149
-0.705074,-0.65231
-0.69656,-0.66733
-0.687789,-0.682203
-0.678763,-0.696925
-0.669484,-0.711492
-0.659956,-0.725898
-0.650182,-0.740141
-0.640163,-0.754215
-0.629904,-0.768117
-0.619406,-0.781842
-0.608674,-0.795387
-0.59771,-0.808747
-0.586517,-0.821918
-0.575099,-0.834897
-0.563459,-0.847679
-0.551601,-0.860261
-0.539528,-0.87264
-0.527243,-0.88481
-0.51475,-0.89677
-0.502053,-0.908514
-0.489155,-0.920041
-0.476061,-0.931345
-0.462774,-0.942425
-0.449298,-0.953276
-0.435636,-0.963896
-0.421794,-0.974281
-0.407775,-0.984428
-0.393583,-0.994335
-0.379222,-1.004
-0.364697,-1.01341
-0.350011,-1.02258
-0.33517,-1.03149
-0.320177,-1.04015
-0.305037,-1.04856
-0.289755,-1.0567
-0.274334,-1.06458
-0.258779,-1.07219
-0.243096,-1.07954
-0.227288,-1.08662
-0.21136,-1.09343
-0.195317,-1.09997
-0.179164,-1.10623
-0.162905,-1.11221
-0.146545,-1.11791
-0.130089,-1.12334
-0.113542,-1.12848
-0.0969084,-1.13333
-0.0801935,-1.13791
-0.063402,-1.14219
-0.046539,-1.14619
-0.0296094,-1.1499
-0.0126181,-1.15332
0.00442974,-1.15645
0.0215292,-1.15928
0.0386753,-1.16183
0.0558629,-1.16408
0.0730869,-1.16603
0.0903423,-1.16769
0.107624,-1.16906
0.124927,-1.17013
0.142246,-1.1709
0.159576,-1.17138
0.176912,-1.17156
0.194249,-1.17144
0.211581,-1.17103
0.228904,-1.17032
0.246213,-1.16931
0.263502,-1.16801
0.280766,-1.16641
0.298,-1.16452
0.3152,-1.16233
0.332359,-1.15985
0.349474,-1.15708
0.366538,-1.15401
0.383548,-1.15065
0.400497,-1.147
0.417381,-1.14306
0.434195,-1.13884
0.450934,-1.13433
0.467593,-1.12953
0.484168,-1.12444
0.500652,-1.11908
0.517042,-1.11343
0.533333,-1.1075
0.549519,-1.1013
0.565596,-1.09482
0.581559,-1.08807
0.597405,-1.08104
0.613126,-1.07374
0.628721,-1.06618
0.644183,-1.05835
0.659507,-1.05026
0.674691,-1.04191
0.689729,-1.03329
0.704616,-1.02443
0.719349,-1.01531
0.733922,-1.00594
0.748333,-0.996317
0.762576,-0.986454
0.776647,-0.976349
0.790542,-0.966005
0.804257,-0.955425
0.817788,-0.944612
0.831131,-0.93357
0.844282,-0.922302
0.857238,-0.910811
0.869994,-0.899101
0.882546,-0.887174
0.894892,-0.875035
0.907027,-0.862688
0.918947,-0.850135
0.93065,-0.83738
0.942132,-0.824428
0.953389,-0.811282
0.964418,-0.797946
0.975216,-0.784424
0.98578,-0.77072
0.996107,-0.756838
1.00619,-0.742783
1.01604,-0.728558
1.02563,-0.714167
1.03498,-0.699615
1.04408,-0.684906
1.05292,-0.670045
1.0615,-0.655036
1.06983,-0.639883
1.07789,-0.624591
1.08569,-0.609165
1.09322,-0.593608
1.10049,-0.577926
1.10748,-0.562124
1.1142,-0.546205
1.12064,-0.530175
1.12681,-0.514038
1.1327,-0.497799
1.13831,-0.481464
1.14364,-0.465036
1.14868,-0.448521
1.15344,-0.431923
1.15791,-0.415248
1.1621,-0.398501
1.166,-0.381686
1.1696,-0.364808
1.17292,-0.347873
1.17594,-0.330885
1.17867,-0.31385
1.18111,-0.296772
1.18326,-0.279656
1.18511,-0.262509
1.18666,-0.245334
1.18792,-0.228137
1.18888,-0.210922
1.18955,-0.193696
1.18992,-0.176463
1.18999,-0.159228
1.18977,-0.141996
1.18925,-0.124773
1.18843,-0.107563
1.18732,-0.0903716
1.18591,-0.073204
1.18421,-0.0560652
1.18222,-0.0389603
1.17993,-0.0218942
1.17734,-0.00487208
1.17447,0.012101
1.1713,0.0290202
1.16784,0.0458803
1.16409,0.0626764
1.16006,0.0794035
1.15574,0.0960567
1.15113,0.112631
1.14624,0.129122
1.14106,0.145524
1.13561,0.161832
1.12987,0.178042
1.12386,0.194149
1.11757,0.210149
1.111,0.226035
1.10417,0.241805
1.09706,0.257452
1.08969,0.272973
1.08205,0.288363
1.07415,0.303617
1.06598,0.31873
1.05756,0.333699
1.04888,0.348519
1.03995,0.363186
1.03077,0.377694
1.02134,0.392041
1.01167,0.406221
1.00175,0.420231
0.991591,0.434066
0.981198,0.447722
0.970572,0.461196
0.959716,0.474482
0.948634,0.487578
0.937328,0.50048
0.925802,0.513183
0.914059,0.525684
0.902104,0.537979
0.889939,0.550065
0.877569,0.561938
0.864996,0.573594
0.852225,0.58503
0.83926,0.596243
0.826104,0.60723
0.812761,0.617986
0.799235,0.62851
0.785531,0.638797
0.771652,0.648845
0.757603,0.658651
0.743388,0.668212
0.72901,0.677525
0.714475,0.686588
0.699786,0.695397
0.684949,0.703951
0.669967,0.712246
0.654844,0.72028
0.639586,0.728051
0.624197,0.735557
0.608682,0.742795
0.593044,0.749763
0.57729,0.756459
0.561423,0.762881
0.545448,0.769028
0.52937,0.774897
0.513194,0.780487
0.496925,0.785796
0.480567,0.790822
0.464125,0.795565
0.447604,0.800022
0.43101,0.804193
0.414346,0.808075
0.397619,0.811669
0.380833,0.814972
0.363992,0.817985
0.347103,0.820706
0.33017,0.823133
0.313198,0.825268
0.296192,0.827108
0.279157,0.828654
0.262098,0.829905
0.245021,0.83086
0.22793,0.83152
0.210831,0.831884
0.193728,0.831952
0.176627,0.831724
0.159533,0.8312
0.14245,0.83038
0.125385,0.829265
0.108341,0.827854
0.091325,0.826149
0.0743408,0.82415
0.0573939,0.821857
0.0404892,0.819272
0.0236318,0.816394
0.00682677,0.813224
-0.00992098,0.809765
-0.0266064,0.806016
-0.0432246,0.801979
-0.0597706,0.797655
-0.0762394,0.793045
-0.0926262,0.788151
-0.108926,0.782974
-0.125134,0.777515
-0.141246,0.771777
-0.157256,0.765761
-0.17316,0.759469
-0.188953,0.752902
-0.20463,0.746062
-0.220188,0.738953
-0.23562,0.731575
-0.250923,0.723931
-0.266091,0.716023
-0.281121,0.707854
-0.296009,0.699425
-0.310748,0.69074
-0.325336,0.681801
-0.339767,0.672611
-0.354038,0.663172
-0.368145,0.653488
-0.382082,0.64356
-0.395846,0.633392
-0.409432,0.622988
-0.422838,0.612349
-0.436058,0.60148
-0.449089,0.590383
-0.461927,0.579062
-0.474568,0.56752
-0.487008,0.555761
-0.499243,0.543787
-0.511271,0.531604
-0.523087,0.519213
-0.534687,0.506619
-0.546069,0.493826
-0.557229,0.480838
-0.568163,0.467657
-0.578869,0.454289
-0.589343,0.440737
-0.599582,0.427004
-0.609582,0.413097
-0.619342,0.399017
-0.628858,0.38477
-0.638126,0.37036
-0.647145,0.35579
-0.655912,0.341066
-0.664424,0.326192
-0.672678,0.311172
-0.680673,0.29601
-0.688405,0.280711
-0.695872,0.26528
-0.703072,0.249721
-0.710004,0.234039
-0.716664,0.218238
-0.72305,0.202323
-0.729162,0.186299
-0.734997,0.170171
-0.740553,0.153943
-0.745828,0.13762
-0.750822,0.121207
-0.755532,0.104709
-0.759957,0.0881312
-0.764096,0.0714777
-0.767948,0.0547537
-0.77151,0.0379644
-0.774783,0.0211146
-0.777765,0.00420929
-0.780455,-0.0127464
-0.782853,-0.0297475
-0.784958,-0.046789
-0.786768,-0.0638658
-0.788285,-0.0809729
-0.789506,-0.0981051
-0.790431,-0.115257
-0.791061,-0.132425
-0.791396,-0.149602
-0.791434,-0.166784
-0.791176,-0.183966
-0.790622,-0.201142
-0.789772,-0.218308
-0.788626,-0.235459
-0.787185,-0.252588
-0.78545,-0.269692
-0.783419,-0.286766
-0.781095,-0.303803
-0.778477,-0.320799
-0.775567,-0.33775
-0.772365,-0.354649
-0.768873,-0.371493
-0.76509,-0.388275
-0.761019,-0.404991
-0.75666,-0.421637
-0.752016,-0.438207
-0.747086,-0.454695
-0.741873,-0.471098
-0.736377,-0.487411
-0.730602,-0.503628
-0.724548,-0.519745
-0.718216,-0.535757
-0.71161,-0.551659
-0.704731,-0.567447
-0.69758,-0.583115
-0.69016,-0.59866
-0.682474,-0.614076
-0.674522,-0.629359
-0.666309,-0.644505
-0.657835,-0.659509
-0.649104,-0.674366
-0.640119,-0.689072
-0.63088,-0.703623
-0.621393,-0.718014
-0.611658,-0.732242
-0.60168,-0.746301
-0.59146,-0.760188
-0.581003,-0.773899
-0.570311,-0.787429
-0.559387,-0.800775
-0.548234,-0.813932
-0.536856,-0.826897
-0.525256,-0.839666
-0.513437,-0.852234
-0.501404,-0.864599
-0.489158,-0.876757
-0.476705,-0.888703
-0.464048,-0.900435
-0.45119,-0.911949
-0.438135,-0.923241
-0.424887,-0.934309
-0.41145,-0.945148
-0.397828,-0.955756
-0.384024,-0.966129
-0.370044,-0.976265
-0.355891,-0.98616
-0.341569,-0.995812
-0.327083,-1.00522
-0.312436,-1.01437
-0.297633,-1.02328
-0.282679,-1.03193
-0.267577,-1.04032
-0.252332,-1.04845
-0.23695,-1.05632
-0.221433,-1.06393
-0.205788,-1.07126
-0.190017,-1.07833
-0.174127,-1.08513
-0.158122,-1.09166
-0.142006,-1.09791
-0.125784,-1.10388
-0.109461,-1.10958
-0.0930425,-1.11499
-0.0765322,-1.12013
-0.0599354,-1.12498
-0.043257,-1.12954
-0.026502,-1.13382
-0.00967516,-1.13781
0.00721841,-1.14151
0.0241738,-1.14492
0.041186,-1.14804
0.0582499,-1.15087
0.0753606,-1.15341
0.092513,-1.15565
0.109702,-1.1576
0.126923,-1.15925
0.14417,-1.16061
0.161438,-1.16168
0.178723,-1.16244
0.196019,-1.16291
0.213321,-1.16309
0.230625,-1.16296
0.247924,-1.16255
0.265214,-1.16183
0.282489,-1.16082
0.299745,-1.15951
0.316977,-1.15791
0.334179,-1.15601
0.351347,-1.15382
0.368474,-1.15133
0.385557,-1.14855
0.402591,-1.14548
0.419569,-1.14212
0.436487,-1.13846
0.453341,-1.13452
0.470125,-1.13029
0.486834,-1.12577
0.503463,-1.12097
0.520008,-1.11588
0.536463,-1.11051
0.552824,-1.10486
0.569086,-1.09893
0.585243,-1.09272
0.601292,-1.08623
0.617228,-1.07947
0.633045,-1.07244
0.64874,-1.06514
0.664307,-1.05757
0.679742,-1.04974
0.69504,-1.04164
0.710197,-1.03328
0.725209,-1.02467
0.74007,-1.01579
0.754777,-1.00667
0.769325,-0.997293
0.783711,-0.987669
0.797929,-0.977801
0.811975,-0.96769
0.825846,-0.95734
0.839537,-0.946754
0.853044,-0.935936
0.866364,-0.924888
0.879492,-0.913614
0.892424,-0.902116
0.905157,-0.890399
0.917687,-0.878466
0.93001,-0.86632
0.942122,-0.853966
0.954021,-0.841406
0.965702,-0.828644
0.977162,-0.815684
0.988398,-0.802531
0.999406,-0.789187
1.01018,-0.775657
1.02073,-0.761945
1.03103,-0.748054
1.0411,-0.73399
1.05092,-0.719756
1.0605,-0.705356
1.06983,-0.690795
1.0789,-0.676077
1.08772,-0.661206
1.09629,-0.646187
1.1046,-0.631024
1.11264,-0.615721
1.12042,-0.600284
1.12793,-0.584716
1.13518,-0.569023
1.14215,-0.553209
1.14885,-0.537278
1.15528,-0.521236
1.16143,-0.505087
1.1673,-0.488836
1.17289,-0.472487
1.1782,-0.456046
1.18323,-0.439518
1.18797,-0.422907
1.19242,-0.406218
1.19659,-0.389456
1.20047,-0.372627
1.20406,-0.355734
1.20736,-0.338784
1.21036,-0.321781
1.21308,-0.30473
1.2155,-0.287636
1.21762,-0.270504
1.21945,-0.25334
1.22099,-0.236149
1.22223,-0.218934
1.22318,-0.201703
1.22382,-0.184459
1.22418,-0.167208
1.22423,-0.149955
1.22399,-0.132705
1.22345,-0.115463
1.22262,-0.0982345
1.22149,-0.0810242
1.22006,-0.0638373
1.21834,-0.0466789
1.21633,-0.0295541
1.21402,-0.012468
1.21142,0.00457442
1.20852,0.0215681
1.20534,0.038508
1.20186,0.0553891
1.19809,0.0722064
1.19404,0.088955
1.1897,0.10563
1.18507,0.122226
1.18016,0.138739
1.17496,0.155163
1.16949,0.171494
1.16373,0.187727
1.1577,0.203857
1.15139,0.219879
1.1448,0.235789
1.13794,0.251582
1.13082,0.267253
1.12342,0.282797
1.11576,0.298211
1.10784,0.313489
1.09965,0.328627
1.09121,0.34362
1.08251,0.358465
1.07355,0.373156
1.06435,0.387689
1.05489,0.402061
1.0452,0.416266
1.03525,0.430301
1.02507,0.444161
1.01466,0.457842
1.00401,0.471341
0.993127,0.484653
0.98202,0.497775
0.97069,0.510702
0.959139,0.523431
0.947371,0.535958
0.935391,0.548279
0.9232,0.560391
0.910804,0.572289
0.898206,0.583972
0.885409,0.595434
0.872417,0.606673
0.859234,0.617686
0.845864,0.628469
0.832312,0.639018
0.818581,0.649332
0.804674,0.659406
0.790597,0.669239
0.776354,0.678826
0.761949,0.688166
0.747385,0.697254
0.732668,0.70609
0.717802,0.71467
0.702791,0.722991
0.687639,0.731052
0.672352,0.738849
0.656934,0.746381
0.641388,0.753645
0.625721,0.76064
0.609937,0.767362
0.594039,0.773811
0.578034,0.779984
0.561926,0.785879
0.545719,0.791495
0.529418,0.79683
0.513029,0.801882
0.496556,0.806651
0.480004,0.811134
0.463378,0.81533
0.446683,0.819239
0.429923,0.822858
0.413105,0.826187
0.396232,0.829225
0.37931,0.831972
0.362344,0.834425
0.345339,0.836585
0.3283,0.838451
0.311231,0.840022
0.294139,0.841298
0.277029,0.842278
0.259904,0.842963
0.242771,0.843352
0.225634,0.843445
0.208499,0.843242
0.19137,0.842743
0.174253,0.841948
0.157153,0.840857
0.140074,0.839471
0.123023,0.837791
0.106003,0.835816
0.0890211,0.833547
0.0720809,0.830985
0.0551878,0.828131
0.0383469,0.824986
0.0215631,0.82155
0.00484143,0.817825
-0.0118131,0.813812
-0.0283956,0.809511
-0.0449011,0.804925
-0.0613247,0.800054
-0.0776616,0.7949
-0.0939068,0.789465
-0.110056,0.783749
-0.126103,0.777756
-0.142045,0.771486
-0.157876,0.764942
-0.173591,0.758125
-0.189186,0.751038
-0.204657,0.743682
-0.219998,0.73606
-0.235205,0.728174
-0.250274,0.720027
-0.2652,0.71162
-0.279979,0.702956
-0.294605,0.694038
-0.309076,0.684869
-0.323387,0.675451
-0.337533,0.665787
-0.351509,0.65588
-0.365313,0.645733
-0.37894,0.635349
-0.392386,0.62473
-0.405647,0.613881
-0.418718,0.602804
-0.431597,0.591502
-0.444278,0.57998
-0.456759,0.568239
-0.469036,0.556285
-0.481105,0.54412
-0.492962,0.531748
-0.504604,0.519172
-0.516028,0.506397
-0.52723,0.493427
-0.538206,0.480264
-0.548954,0.466913
-0.55947,0.453378
-0.569751,0.439663
-0.579794,0.425772
-0.589597,0.411709
-0.599155,0.397478
-0.608467,0.383083
-0.617529,0.36853
-0.626339,0.353821
-0.634894,0.338962
-0.643192,0.323957
-0.65123,0.30881
-0.659006,0.293526
-0.666517,0.278109
-0.673761,0.262563
-0.680736,0.246895
-0.68744,0.231107
-0.693871,0.215206
-0.700027,0.199195
-0.705906,0.183079
-0.711507,0.166863
-0.716827,0.150552
-0.721865,0.134151
-0.72662,0.117665
-0.73109,0.101097
-0.735273,0.0844547
-0.73917,0.0677413
-0.742777,0.0509621
-0.746095,0.0341222
-0.749122,0.0172266
-0.751858,0.000280232
-0.754301,-0.0167118
-0.756451,-0.0337446
-0.758307,-0.0508129
-0.759868,-0.0679118
-0.761134,-0.0850362
-0.762106,-0.102181
-0.762781,-0.119341
-0.763161,-0.136511
-0.763244,-0.153687
-0.763032,-0.170862
-0.762523,-0.188032
-0.761719,-0.205193
-0.760619,-0.222337
-0.759223,-0.239462
-0.757533,-0.256561
-0.755548,-0.27363
-0.753269,-0.290663
-0.750696,-0.307655
-0.747832,-0.324602
-0.744675,-0.341497
-0.741228,-0.358338
-0.737491,-0.375117
-0.733465,-0.391831
-0.729152,-0.408474
-0.724552,-0.425041
-0.719667,-0.441528
-0.714499,-0.45793
-0.709049,-0.474241
-0.703318,-0.490457
-0.697309,-0.506573
-0.691023,-0.522584
-0.684461,-0.538486
-0.677627,-0.554273
-0.670521,-0.569942
-0.663146,-0.585487
-0.655504,-0.600904
-0.647597,-0.616188
-0.639428,-0.631335
-0.630998,-0.646339
-0.622312,-0.661198
-0.61337,-0.675906
-0.604176,-0.690459
-0.594732,-0.704852
-0.585042,-0.719082
-0.575107,-0.733144
-0.564931,-0.747034
-0.554518,-0.760748
-0.543869,-0.774281
-0.532988,-0.78763
-0.521879,-0.800791
-0.510544,-0.81376
-0.498987,-0.826532
-0.487212,-0.839105
-0.475221,-0.851475
-0.463019,-0.863637
-0.450608,-0.875588
-0.437993,-0.887324
-0.425178,-0.898843
-0.412165,-0.910141
-0.39896,-0.921213
-0.385565,-0.932058
-0.371985,-0.942672
-0.358224,-0.953051
-0.344285,-0.963193
-0.330174,-0.973094
-0.315894,-0.982752
-0.301449,-0.992163
-0.286843,-1.00133
-0.272082,-1.01024
-0.257168,-1.01889
-0.242108,-1.02729
-0.226904,-1.03543
-0.211562,-1.04331
-0.196087,-1.05092
-0.180482,-1.05827
-0.164752,-1.06535
-0.148902,-1.07215
-0.132937,-1.07869
-0.116861,-1.08495
-0.100679,-1.09093
-0.084396,-1.09663
-0.0680167,-1.10206
-0.0515459,-1.1072
-0.0349885,-1.11206
-0.0183494,-1.11663
-0.00163343,-1.12092
0.0151544,-1.12492
0.0320092,-1.12863
0.0489259,-1.13205
0.0658996,-1.13518
0.0829252,-1.13802
0.0999976,-1.14056
0.117112,-1.14281
0.134263,-1.14477
0.151446,-1.14644
0.168656,-1.14781
0.185887,-1.14888
0.203134,-1.14966
0.220393,-1.15014
0.237659,-1.15032
0.254925,-1.15021
0.272187,-1.1498
0.289441,-1.1491
0.30668,-1.14809
0.3239,-1.1468
0.341096,-1.14521
0.358263,-1.14332
0.375395,-1.14114
0.392487,-1.13866
0.409535,-1.1359
0.426533,-1.13284
0.443477,-1.12948
0.460361,-1.12584
0.47718,-1.12191
0.49393,-1.11769
0.510605,-1.11318
0.5272,-1.10839
0.543712,-1.10332
0.560133,-1.09796
0.576461,-1.09232
0.59269,-1.0864
0.608815,-1.0802
0.624832,-1.07373
0.640735,-1.06698
0.65652,-1.05996
0.672183,-1.05267
0.687718,-1.04512
0.703122,-1.03729
0.718389,-1.02921
0.733515,-1.02086
0.748496,-1.01226
0.763327,-1.0034
0.778004,-0.994282
0.792522,-0.984918
0.806878,-0.975306
0.821066,-0.965449
0.835083,-0.95535
0.848925,-0.945012
0.862587,-0.934438
0.876066,-0.923631
0.889357,-0.912594
0.902456,-0.901331
0.915361,-0.889845
0.928066,-0.878139
0.940568,-0.866217
0.952864,-0.854082
0.964949,-0.841738
0.976821,-0.829189
0.988476,-0.816438
0.999909,-0.803489
1.01112,-0.790346
1.0221,-0.777012
1.03285,-0.763493
1.04337,-0.749791
1.05365,-0.73591
1.06369,-0.721856
1.07349,-0.707631
1.08304,-0.693241
1.09234,-0.678689
1.1014,-0.66398
1.11019,-0.649118
1.11874,-0.634107
1.12702,-0.618953
1.13504,-0.603659
1.14279,-0.588229
1.15028,-0.57267
1.15751,-0.556984
1.16446,-0.541178
1.17114,-0.525254
1.17754,-0.509219
1.18367,-0.493077
1.18951,-0.476833
1.19508,-0.460491
1.20037,-0.444056
1.20537,-0.427534
1.21009,-0.410928
1.21453,-0.394245
1.21867,-0.377488
1.22253,-0.360664
1.2261,-0.343776
1.22937,-0.32683
1.23236,-0.309831
1.23505,-0.292784
1.23745,-0.275694
1.23956,-0.258567
1.24137,-0.241406
1.24288,-0.224217
1.2441,-0.207005
1.24502,-0.189776
1.24565,-0.172535
1.24598,-0.155286
1.24602,-0.138034
1.24575,-0.120786
1.24519,-0.103545
1.24434,-0.086317
1.24319,-0.0691072
1.24174,-0.0519206
1.24,-0.0347623
1.23797,-0.0176373
1.23564,-0.000550672
1.23301,0.0164925
1.2301,0.0334872
1.22689,0.0504283
1.22339,0.067311
1.2196,0.0841301
1.21553,0.100881
1.21116,0.117558
1.20651,0.134157
1.20158,0.150672
1.19636,0.167099
1.19086,0.183434
1.18509,0.19967
1.17903,0.215804
1.1727,0.23183
1.16609,0.247744
1.15921,0.263541
1.15206,0.279217
1.14464,0.294766
1.13696,0.310185
1.12901,0.325468
1.1208,0.340611
1.11233,0.355611
1.10361,0.370461
1.09463,0.385158
1.0854,0.399698
1.07593,0.414075
1.0662,0.428287
1.05624,0.442329
1.04603,0.456196
1.03559,0.469884
1.02491,0.48339
1.01401,0.49671
1.00288,0.509839
0.991519,0.522774
0.979942,0.53551
0.968149,0.548045
0.956141,0.560374
0.943924,0.572494
0.931501,0.584401
0.918875,0.596092
0.90605,0.607562
0.893031,0.61881
0.87982,0.629831
0.866422,0.640623
0.852841,0.651181
0.839081,0.661503
0.825146,0.671587
0.81104,0.681428
0.796768,0.691024
0.782333,0.700373
0.767739,0.709471
0.752992,0.718315
0.738096,0.726904
0.723054,0.735235
0.707872,0.743305
0.692554,0.751111
0.677104,0.758652
0.661527,0.765926
0.645829,0.772929
0.630012,0.779661
0.614083,0.786118
0.598045,0.7923
0.581904,0.798205
0.565665,0.80383
0.549331,0.809174
0.532909,0.814235
0.516402,0.819013
0.499817,0.823505
0.483157,0.82771
0.466427,0.831627
0.449634,0.835255
0.432781,0.838593
0.415874,0.84164
0.398917,0.844395
0.381916,0.846857
0.364875,0.849025
0.347801,0.850899
0.330697,0.852479
0.313569,0.853763
0.296422,0.854752
0.279262,0.855445
0.262092,0.855842
0.244919,0.855942
0.227747,0.855747
0.210581,0.855255
0.193427,0.854468
0.17629,0.853385
0.159174,0.852006
0.142085,0.850333
0.125028,0.848365
0.108008,0.846104
0.0910302,0.843549
0.074099,0.840702
0.0572198,0.837563
0.0403977,0.834134
0.0236375,0.830415
0.0069443,0.826408
-0.00967698,0.822114
-0.0262214,0.817534
-0.0426841,0.812669
-0.0590602,0.807521
-0.0753447,0.802091
-0.091533,0.796381
-0.10762,0.790393
-0.123601,0.784129
-0.139472,0.77759
-0.155227,0.770778
-0.170863,0.763696
-0.186373,0.756345
-0.201755,0.748727
-0.217003,0.740846
-0.232112,0.732702
-0.247079,0.7243
-0.261898,0.71564
-0.276566,0.706727
-0.291077,0.697561
-0.305429,0.688147
-0.319616,0.678486
-0.333634,0.668582
-0.347479,0.658438
-0.361148,0.648057
-0.374635,0.637441
-0.387937,0.626595
-0.40105,0.61552
-0.413971,0.604221
-0.426694,0.5927
-0.439217,0.580962
-0.451536,0.56901
-0.463647,0.556846
-0.475547,0.544476
-0.487231,0.531901
-0.498697,0.519128
-0.509941,0.506158
-0.52096,0.492996
-0.531751,0.479645
-0.54231,0.466111
-0.552634,0.452396
-0.56272,0.438505
-0.572565,0.424441
-0.582167,0.41021
-0.591521,0.395815
-0.600627,0.381261
-0.60948,0.366551
-0.618079,0.351691
-0.62642,0.336684
-0.634501,0.321536
-0.64232,0.30625
-0.649875,0.290831
-0.657163,0.275283
-0.664181,0.259612
-0.670929,0.243822
-0.677404,0.227918
-0.683604,0.211903
-0.689527,0.195784
-0.695171,0.179565
-0.700535,0.16325
-0.705617,0.146845
-0.710416,0.130354
-0.71493,0.113782
-0.719158,0.0971347
-0.723098,0.0804162
-0.72675,0.0636317
-0.730112,0.0467863
-0.733183,0.0298848
-0.735963,0.0129323
-0.73845,-0.00406613
-0.740644,-0.0211055
-0.742544,-0.0381808
-0.744149,-0.0552868
-0.74546,-0.0724186
-0.746475,-0.0895711
-0.747195,-0.106739
-0.747619,-0.123918
-0.747746,-0.141102
-0.747578,-0.158286
-0.747113,-0.175465
-0.746353,-0.192635
-0.745297,-0.209789
-0.743945,-0.226924
-0.742299,-0.244033
-0.740358,-0.261112
-0.738122,-0.278156
-0.735594,-0.295159
-0.732773,-0.312117
-0.72966,-0.329024
-0.726256,-0.345877
-0.722563,-0.362668
-0.718581,-0.379394
-0.714311,-0.39605
-0.709754,-0.412631
-0.704913,-0.429131
-0.699788,-0.445546
-0.694381,-0.461871
-0.688693,-0.478101
-0.682726,-0.494231
-0.676483,-0.510257
-0.669964,-0.526174
-0.663172,-0.541977
-0.656108,-0.557661
-0.648776,-0.573221
-0.641176,-0.588654
-0.633311,-0.603955
-0.625184,-0.619118
-0.616797,-0.63414
-0.608152,-0.649015
-0.599251,-0.663741
-0.590099,-0.678311
-0.580696,-0.692722
-0.571047,-0.70697
-0.561153,-0.72105
-0.551019,-0.734959
-0.540646,-0.748691
-0.530037,-0.762244
-0.519197,-0.775612
-0.508128,-0.788792
-0.496833,-0.80178
-0.485317,-0.814573
-0.473581,-0.827166
-0.46163,-0.839555
-0.449467,-0.851738
-0.437096,-0.86371
-0.42452,-0.875467
-0.411743,-0.887007
-0.39877,-0.898326
-0.385603,-0.90942
-0.372247,-0.920287
-0.358705,-0.930922
-0.344982,-0.941323
-0.331082,-0.951487
-0.317008,-0.961411
-0.302765,-0.971091
-0.288358,-0.980526
-0.27379,-0.989711
-0.259065,-0.998645
-0.244189,-1.00732
-0.229165,-1.01575
-0.213998,-1.02391
-0.198693,-1.03181
-0.183253,-1.03945
-0.167684,-1.04682
-0.151991,-1.05392
-0.136176,-1.06075
-0.120247,-1.06731
-0.104206,-1.07359
-0.0880597,-1.0796
-0.0718118,-1.08533
-0.0554674,-1.09078
-0.0390313,-1.09594
-0.0225085,-1.10083
-0.00590368,-1.10542
0.0107781,-1.10974
0.0275319,-1.11376
0.0443529,-1.1175
0.0612359,-1.12094
0.0781761,-1.1241
0.0951683,-1.12696
0.112208,-1.12954
0.129289,-1.13181
0.146407,-1.1338
0.163558,-1.13549
0.180735,-1.13688
0.197934,-1.13798
0.215149,-1.13878
0.232376,-1.13929
0.249609,-1.1395
0.266844,-1.13942
0.284075,-1.13903
0.301298,-1.13836
0.318506,-1.13738
0.335695,-1.13611
0.35286,-1.13455
0.369996,-1.13269
0.387098,-1.13053
0.40416,-1.12809
0.421178,-1.12534
0.438146,-1.12231
0.45506,-1.11899
0.471914,-1.11537
0.488704,-1.11147
0.505425,-1.10727
0.522071,-1.1028
0.538638,-1.09803
0.55512,-1.09298
0.571514,-1.08765
0.587813,-1.08204
0.604014,-1.07615
0.620111,-1.06998
0.6361,-1.06353
0.651976,-1.05681
0.667734,-1.04982
0.683369,-1.04256
0.698877,-1.03503
0.714254,-1.02723
0.729495,-1.01917
0.744595,-1.01086
0.759549,-1.00228
0.774354,-0.993445
0.789005,-0.984359
0.803498,-0.975022
0.817828,-0.965437
0.831991,-0.955607
0.845983,-0.945536
0.8598,-0.935225
0.873437,-0.924678
0.886891,-0.913898
0.900158,-0.902889
0.913234,-0.891653
0.926114,-0.880194
0.938796,-0.868515
0.951275,-0.85662
0.963547,-0.844512
0.97561,-0.832195
0.987458,-0.819673
0.99909,-0.806948
1.0105,-0.794026
1.02169,-0.780909
1.03265,-0.767602
1.04338,-0.754109
1.05387,-0.740433
1.06413,-0.726579
1.07415,-0.712551
1.08393,-0.698352
1.09346,-0.683988
1.10274,-0.669461
1.11177,-0.654778
1.12055,-0.639941
1.12907,-0.624956
1.13733,-0.609827
1.14534,-0.594558
1.15307,-0.579154
1.16054,-0.563619
1.16774,-0.547958
1.17468,-0.532176
1.18134,-0.516277
1.18772,-0.500266
1.19383,-0.484148
1.19966,-0.467928
1.20521,-0.451609
1.21048,-0.435198
1.21546,-0.418699
1.22017,-0.402117
1.22458,-0.385456
1.22871,-0.368723
1.23255,-0.351921
1.2361,-0.335055
1.23936,-0.318132
1.24233,-0.301155
1.245,-0.284129
1.24738,-0.267061
1.24947,-0.249954
1.25127,-0.232814
1.25276,-0.215646
1.25397,-0.198455
1.25487,-0.181247
1.25548,-0.164025
1.2558,-0.146796
1.25582,-0.129564
1.25554,-0.112334
1.25496,-0.0951128
1.25409,-0.0779038
1.25293,-0.0607126
1.25146,-0.0435443
1.24971,-0.0264041
1.24765,-0.00929687
1.24531,0.00777219
1.24267,0.0247981
1.23974,0.0417757
1.23651,0.0587001
1.233,0.0755662
1.2292,0.0923691
1.2251,0.109104
1.22072,0.125765
1.21606,0.142348
1.21111,0.158849
1.20588,0.175261
1.20036,0.19158
1.19457,0.207802
1.1885,0.223922
1.18215,0.239934
1.17552,0.255835
1.16863,0.271618
1.16146,0.287281
1.15403,0.302817
1.14633,0.318223
1.13836,0.333494
1.13013,0.348625
1.12165,0.363612
1.11291,0.378451
1.10391,0.393136
1.09467,0.407665
1.08517,0.422031
1.07543,0.436232
1.06545,0.450263
1.05522,0.46412
1.04476,0.477798
1.03407,0.491294
1.02314,0.504604
1.01199,0.517723
1.00062,0.530649
0.98902,0.543376
0.977206,0.555902
0.965179,0.568222
0.952942,0.580333
0.940499,0.592231
0.927853,0.603913
0.915008,0.615376
0.901968,0.626615
0.888736,0.637628
0.875317,0.648412
0.861715,0.658963
0.847933,0.669277
0.833976,0.679353
0.819848,0.689187
0.805553,0.698776
0.791095,0.708117
0.776479,0.717208
0.761709,0.726046
0.746789,0.734628
0.731724,0.742951
0.716518,0.751014
0.701176,0.758814
0.685702,0.766348
0.670101,0.773615
0.654377,0.780612
0.638536,0.787337
0.622581,0.793788
0.606518,0.799964
0.590351,0.805861
0.574086,0.81148
0.557726,0.816817
0.541277,0.821872
0.524744,0.826643
0.508131,0.831129
0.491444,0.835328
0.474687,0.839238
0.457866,0.84286
0.440985,0.846191
0.424049,0.849232
0.407064,0.85198
0.390034,0.854435
0.372965,0.856596
0.355861,0.858464
0.338728,0.860036
0.321571,0.861313
0.304394,0.862295
0.287203,0.862981
0.270003,0.86337
0.2528,0.863464
0.235597,0.863261
0.218401,0.862762
0.201215,0.861967
0.184047,0.860876
0.1669,0.85949
0.149779,0.857808
0.13269,0.855833
0.115638,0.853563
0.0986275,0.851
0.0816639,0.848144
0.0647521,0.844997
0.0478972,0.841559
0.031104,0.837832
0.0143777,0.833816
-0.00227687,0.829512
-0.0188548,0.824923
-0.0353511,0.820048
-0.0517609,0.814891
-0.0680793,0.809451
-0.0843017,0.803732
-0.100423,0.797734
-0.116439,0.79146
-0.132344,0.78491
-0.148134,0.778088
-0.163804,0.770995
-0.179349,0.763633
-0.194766,0.756005
-0.210048,0.748112
-0.225193,0.739958
-0.240195,0.731544
-0.25505,0.722873
-0.269753,0.713947
-0.2843,0.70477
-0.298687,0.695343
-0.31291,0.68567
-0.326964,0.675754
-0.340845,0.665598
-0.35455,0.655203
-0.368073,0.644575
-0.381411,0.633715
-0.394561,0.622627
-0.407518,0.611314
-0.420278,0.59978
-0.432837,0.588028
-0.445193,0.576062
-0.45734,0.563884
-0.469276,0.551499
-0.480998,0.538911
-0.4925,0.526122
-0.503781,0.513137
-0.514837,0.49996
-0.525665,0.486595
-0.536261,0.473045
-0.546622,0.459314
-0.556745,0.445407
-0.566627,0.431328
-0.576266,0.417081
-0.585658,0.40267
-0.5948,0.388099
-0.603691,0.373373
-0.612326,0.358495
-0.620705,0.343472
-0.628823,0.328306
-0.63668,0.313003
-0.644272,0.297566
-0.651597,0.282001
-0.658653,0.266312
-0.665438,0.250504
-0.67195,0.234581
-0.678187,0.218548
-0.684148,0.20241
-0.689829,0.186172
-0.695231,0.169838
-0.70035,0.153414
-0.705186,0.136903
-0.709738,0.120312
-0.714003,0.103644
-0.717981,0.0869058
-0.72167,0.0701011
-0.725069,0.0532352
-0.728178,0.036313
-0.730995,0.0193397
-0.733519,0.00232021
-0.73575,-0.0147404
-0.737687,-0.0318372
-0.73933,-0.0489649
-0.740678,-0.0661186
-0.74173,-0.0832932
-0.742487,-0.100484
-0.742948,-0.117685
-0.743112,-0.134891
-0.742981,-0.152098
-0.742553,-0.169301
-0.74183,-0.186494
-0.740811,-0.203672
-0.739496,-0.22083
-0.737886,-0.237964
-0.735981,-0.255067
-0.733783,-0.272135
-0.731291,-0.289163
-0.728506,-0.306146
-0.72543,-0.323079
-0.722062,-0.339956
-0.718405,-0.356774
-0.714459,-0.373526
-0.710225,-0.390208
-0.705704,-0.406815
-0.700898,-0.423341
-0.695809,-0.439783
-0.690438,-0.456135
-0.684785,-0.472393
-0.678854,-0.488551
-0.672646,-0.504604
-0.666162,-0.520549
-0.659405,-0.53638
-0.652376,-0.552093
-0.645078,-0.567682
-0.637513,-0.583144
-0.629683,-0.598474
-0.62159,-0.613666
-0.613236,-0.628718
-0.604625,-0.643623
-0.595759,-0.658379
-0.58664,-0.672979
-0.577271,-0.687421
-0.567655,-0.7017
-0.557795,-0.715811
-0.547693,-0.729751
-0.537353,-0.743515
-0.526777,-0.757099
-0.515969,-0.770499
-0.504932,-0.783712
-0.49367,-0.796733
-0.482184,-0.809558
-0.47048,-0.822184
-0.458561,-0.834606
-0.446429,-0.846822
-0.434089,-0.858827
-0.421544,-0.870619
-0.408798,-0.882192
-0.395854,-0.893545
-0.382718,-0.904674
-0.369391,-0.915575
-0.355879,-0.926245
-0.342186,-0.936681
-0.328315,-0.94688
-0.31427,-0.956839
-0.300056,-0.966554
-0.285677,-0.976024
-0.271137,-0.985245
-0.256441,-0.994215
-0.241592,-1.00293
-0.226596,-1.01139
-0.211457,-1.01959
-0.196178,-1.02753
-0.180765,-1.0352
-0.165223,-1.04261
-0.149556,-1.04975
-0.133768,-1.05661
-0.117864,-1.06321
-0.101849,-1.06953
-0.0857276,-1.07557
-0.0695048,-1.08134
-0.0531853,-1.08683
-0.0367738,-1.09203
-0.0202753,-1.09695
-0.0036947,-1.10159
0.0129632,-1.10594
0.0296933,-1.11
0.0464908,-1.11378
0.0633507,-1.11726
0.0802679,-1.12046
0.0972375,-1.12336
0.114254,-1.12597
0.131313,-1.12829
0.14841,-1.13031
0.165538,-1.13204
0.182694,-1.13347
0.199871,-1.13461
0.217066,-1.13545
0.234272,-1.136
0.251485,-1.13625
0.268699,-1.1362
0.28591,-1.13586
0.303112,-1.13522
0.320301,-1.13428
0.33747,-1.13305
0.354616,-1.13153
0.371733,-1.12971
0.388816,-1.12759
0.405859,-1.12518
0.422859,-1.12248
0.439809,-1.11949
0.456704,-1.1162
0.473541,-1.11263
0.490313,-1.10876
0.507016,-1.10461
0.523645,-1.10017
0.540195,-1.09545
0.556661,-1.09044
0.573038,-1.08514
0.589321,-1.07957
0.605505,-1.07372
0.621586,-1.06759
0.637559,-1.06118
0.653419,-1.0545
0.669162,-1.04755
0.684782,-1.04033
0.700275,-1.03284
0.715637,-1.02508
0.730863,-1.01706
0.745948,-1.00879
0.760888,-1.00025
0.775679,-0.991454
0.790316,-0.982407
0.804795,-0.973109
0.819111,-0.963564
0.833261,-0.953774
0.84724,-0.943741
0.861043,-0.93347
0.874668,-0.922962
0.888109,-0.912222
0.901363,-0.901251
0.914427,-0.890055
0.927295,-0.878635
0.939964,-0.866995
0.952431,-0.855139
0.964692,-0.84307
0.976743,-0.830792
0.98858,-0.818308
1.0002,-0.805623
1.0116,-0.792739
1.02278,-0.779661
1.03373,-0.766393
1.04445,-0.752938
1.05493,-0.7393
1.06518,-0.725485
1.07519,-0.711494
1.08496,-0.697334
1.09448,-0.683008
1.10375,-0.66852
1.11277,-0.653874
1.12154,-0.639075
1.13005,-0.624128
1.13831,-0.609036
1.1463,-0.593805
1.15403,-0.578438
1.16149,-0.562941
1.16868,-0.547317
1.17561,-0.531572
1.18226,-0.51571
1.18864,-0.499736
1.19474,-0.483655
1.20056,-0.467471
1.2061,-0.451189
1.21136,-0.434814
1.21634,-0.418351
1.22104,-0.401805
1.22545,-0.38518
1.22957,-0.368482
1.2334,-0.351716
1.23695,-0.334886
1.2402,-0.317997
1.24316,-0.301055
1.24583,-0.284065
1.24821,-0.267031
1.25029,-0.249959
1.25208,-0.232853
1.25357,-0.21572
1.25477,-0.198563
1.25567,-0.181388
1.25628,-0.1642
